0.01	0.01	-0.01
0.02	0.01	-0.02
0.03	0.01	-0.03
0.04	0.01	-0.01
0.05	0.01	-0.00
0.06	0.01	-0.01
0.07	0.01	-0.04
0.08	0.01	-0.04
0.09	0.02	-0.03
0.10	0.02	-0.00
0.11	0.02	-0.00
0.12	0.02	-0.02
0.13	0.02	-0.01
0.14	0.02	-0.01
0.15	0.02	-0.01
0.16	0.02	-0.00
0.17	0.02	-0.00
0.18	0.02	-0.02
0.19	0.02	-0.01
0.20	0.02	-0.01
0.21	0.03	-0.03
0.22	0.03	-0.03
0.23	0.03	-0.02
0.24	0.03	0.01
0.25	0.03	0.01
0.26	0.03	0.00
0.27	0.03	0.01
0.28	0.03	-0.00
0.29	0.03	-0.02
0.30	0.03	-0.02
0.31	0.03	-0.02
0.32	0.03	-0.00
0.33	0.04	0.01
0.34	0.04	0.00
0.35	0.04	-0.01
0.36	0.04	-0.01
0.37	0.04	-0.01
0.38	0.04	-0.01
0.39	0.04	-0.03
0.40	0.04	-0.02
0.41	0.04	-0.01
0.42	0.04	-0.03
0.43	0.04	-0.03
0.44	0.04	-0.02
0.45	0.05	-0.01
0.46	0.05	-0.00
0.47	0.05	0.01
0.48	0.05	0.01
0.49	0.05	0.02
0.50	0.05	0.01
0.51	0.05	-0.01
0.52	0.05	-0.01
0.53	0.05	0.00
0.54	0.05	0.01
0.55	0.05	0.00
0.56	0.05	-0.00
0.57	0.06	-0.00
0.58	0.06	-0.01
0.59	0.06	-0.02
0.60	0.06	-0.02
0.61	0.06	-0.02
0.62	0.06	-0.02
0.63	0.06	-0.01
0.64	0.06	-0.02
0.65	0.06	-0.03
0.66	0.06	-0.01
0.67	0.06	0.02
0.68	0.06	0.00
0.69	0.07	-0.03
0.70	0.07	-0.03
0.71	0.07	-0.02
0.72	0.07	-0.00
0.73	0.07	-0.02
0.74	0.07	-0.03
0.75	0.07	-0.01
0.76	0.07	-0.01
0.77	0.07	0.00
0.78	0.07	-0.03
0.79	0.07	-0.02
0.80	0.07	-0.00
0.81	0.08	-0.00
0.82	0.08	0.01
0.83	0.08	-0.01
0.84	0.08	-0.00
0.85	0.08	-0.02
0.86	0.08	-0.01
0.87	0.08	0.00
0.88	0.08	-0.00
0.89	0.08	0.01
0.90	0.08	-0.01
0.91	0.08	-0.03
0.92	0.08	-0.01
0.93	0.09	0.00
0.94	0.09	-0.01
0.95	0.09	-0.02
0.96	0.09	-0.02
0.97	0.09	-0.01
0.98	0.09	-0.01
0.99	0.09	-0.01
1.00	0.09	-0.04
1.01	0.09	-0.03
1.02	0.09	-0.02
1.03	0.09	-0.03
1.04	0.09	-0.01
1.05	0.10	0.02
1.06	0.10	0.01
1.07	0.10	-0.01
1.08	0.10	0.02
1.09	0.10	0.00
1.10	0.10	-0.03
1.11	0.10	-0.01
1.12	0.10	-0.01
1.13	0.10	-0.02
1.14	0.10	-0.01
1.15	0.10	-0.01
1.16	0.10	-0.01
1.17	0.11	-0.01
1.18	0.11	0.01
1.19	0.11	0.02
1.20	0.11	-0.01
1.21	0.11	0.00
1.22	0.11	-0.02
1.23	0.11	-0.02
1.24	0.11	0.00
1.25	0.11	-0.01
1.26	0.11	0.01
1.27	0.11	-0.00
1.28	0.11	0.00
1.29	0.12	-0.01
1.30	0.12	-0.01
1.31	0.12	0.00
1.32	0.12	0.00
1.33	0.12	0.02
1.34	0.12	0.00
1.35	0.12	-0.02
1.36	0.12	0.02
1.37	0.12	0.01
1.38	0.12	-0.03
1.39	0.12	-0.02
1.40	0.12	-0.01
1.41	0.13	0.00
1.42	0.13	0.02
1.43	0.13	0.01
1.44	0.13	-0.00
1.45	0.13	-0.01
1.46	0.13	-0.01
1.47	0.13	-0.00
1.48	0.13	0.01
1.49	0.13	0.01
1.50	0.13	0.01
1.51	0.13	0.00
1.52	0.13	-0.00
1.53	0.14	0.00
1.54	0.14	-0.01
1.55	0.14	-0.01
1.56	0.14	-0.00
1.57	0.14	0.01
1.58	0.14	0.01
1.59	0.14	-0.02
1.60	0.14	-0.02
1.61	0.14	-0.01
1.62	0.14	-0.02
1.63	0.14	0.00
1.64	0.14	-0.01
1.65	0.15	-0.02
1.66	0.15	-0.01
1.67	0.15	-0.00
1.68	0.15	0.00
1.69	0.15	0.00
1.70	0.15	-0.00
1.71	0.15	0.00
1.72	0.15	0.02
1.73	0.15	0.02
1.74	0.15	0.01
1.75	0.15	0.00
1.76	0.15	0.00
1.77	0.16	0.00
1.78	0.16	0.01
1.79	0.16	0.02
1.80	0.16	-0.01
1.81	0.16	-0.03
1.82	0.16	-0.02
1.83	0.16	0.01
1.84	0.16	0.03
1.85	0.16	0.01
1.86	0.16	-0.01
1.87	0.16	0.00
1.88	0.16	0.02
1.89	0.17	0.00
1.90	0.17	-0.01
1.91	0.17	-0.00
1.92	0.17	-0.00
1.93	0.17	0.00
1.94	0.17	0.01
1.95	0.17	0.00
1.96	0.17	-0.00
1.97	0.17	0.00
1.98	0.17	0.00
1.99	0.17	-0.01
2.00	0.17	-0.02
2.01	0.18	-0.01
2.02	0.18	0.01
2.03	0.18	-0.00
2.04	0.18	0.02
2.05	0.18	0.02
2.06	0.18	0.02
2.07	0.18	-0.00
2.08	0.18	-0.01
2.09	0.18	0.02
2.10	0.18	0.01
2.11	0.18	0.01
2.12	0.18	0.03
2.13	0.19	0.02
2.14	0.19	0.00
2.15	0.19	0.00
2.16	0.19	0.01
2.17	0.19	0.02
2.18	0.19	-0.01
2.19	0.19	0.01
2.20	0.19	-0.01
2.21	0.19	-0.02
2.22	0.19	0.02
2.23	0.19	0.03
2.24	0.19	0.01
2.25	0.20	0.00
2.26	0.20	0.01
2.27	0.20	0.01
2.28	0.20	0.00
2.29	0.20	0.01
2.30	0.20	0.01
2.31	0.20	0.01
2.32	0.20	0.02
2.33	0.20	0.00
2.34	0.20	0.02
2.35	0.20	0.03
2.36	0.20	0.00
2.37	0.21	-0.00
2.38	0.21	0.02
2.39	0.21	0.00
2.40	0.21	-0.01
2.41	0.21	-0.00
2.42	0.21	0.00
2.43	0.21	0.01
2.44	0.21	0.03
2.45	0.21	0.04
2.46	0.21	0.03
2.47	0.21	0.02
2.48	0.21	0.03
2.49	0.22	0.03
2.50	0.22	0.01
2.51	0.22	0.01
2.52	0.22	0.01
2.53	0.22	0.01
2.54	0.22	0.02
2.55	0.22	0.01
2.56	0.22	0.01
2.57	0.22	0.02
2.58	0.22	0.02
2.59	0.22	0.04
2.60	0.22	0.03
2.61	0.23	0.03
2.62	0.23	0.03
2.63	0.23	0.02
2.64	0.23	0.02
2.65	0.23	0.03
2.66	0.23	0.04
2.67	0.23	0.03
2.68	0.23	0.04
2.69	0.23	0.04
2.70	0.23	0.03
2.71	0.23	0.03
2.72	0.23	0.02
2.73	0.24	0.04
2.74	0.24	0.03
2.75	0.24	0.03
2.76	0.24	0.03
2.77	0.24	0.03
2.78	0.24	0.02
2.79	0.24	0.03
2.80	0.24	0.03
2.81	0.24	0.04
2.82	0.24	0.04
2.83	0.24	0.03
2.84	0.24	0.04
2.85	0.25	0.04
2.86	0.25	0.04
2.87	0.25	0.02
2.88	0.25	0.02
2.89	0.25	0.02
2.90	0.25	0.02
2.91	0.25	0.04
2.92	0.25	0.02
2.93	0.25	0.02
2.94	0.25	0.01
2.95	0.25	0.03
2.96	0.25	0.05
2.97	0.26	0.03
2.98	0.26	0.03
2.99	0.26	0.03
3.00	0.26	0.04
3.01	0.26	0.05
3.02	0.26	0.05
3.03	0.26	0.04
3.04	0.26	0.03
3.05	0.26	0.04
3.06	0.26	0.06
3.07	0.26	0.03
3.08	0.26	0.03
3.09	0.27	0.04
3.10	0.27	0.03
3.11	0.27	0.02
3.12	0.27	0.02
3.13	0.27	0.03
3.14	0.27	0.05
3.15	0.27	0.05
3.16	0.27	0.06
3.17	0.27	0.05
3.18	0.27	0.04
3.19	0.27	0.05
3.20	0.27	0.05
3.21	0.28	0.04
3.22	0.28	0.03
3.23	0.28	0.04
3.24	0.28	0.04
3.25	0.28	0.05
3.26	0.28	0.05
3.27	0.28	0.05
3.28	0.28	0.05
3.29	0.28	0.04
3.30	0.28	0.04
3.31	0.28	0.04
3.32	0.28	0.04
3.33	0.29	0.04
3.34	0.29	0.03
3.35	0.29	0.05
3.36	0.29	0.05
3.37	0.29	0.03
3.38	0.29	0.04
3.39	0.29	0.05
3.40	0.29	0.05
3.41	0.29	0.06
3.42	0.29	0.07
3.43	0.29	0.07
3.44	0.29	0.06
3.45	0.30	0.06
3.46	0.30	0.06
3.47	0.30	0.05
3.48	0.30	0.05
3.49	0.30	0.06
3.50	0.30	0.06
3.51	0.30	0.06
3.52	0.30	0.06
3.53	0.30	0.05
3.54	0.30	0.03
3.55	0.30	0.04
3.56	0.30	0.05
3.57	0.31	0.04
3.58	0.31	0.05
3.59	0.31	0.07
3.60	0.31	0.05
3.61	0.31	0.06
3.62	0.31	0.07
3.63	0.31	0.06
3.64	0.31	0.05
3.65	0.31	0.05
3.66	0.31	0.05
3.67	0.31	0.04
3.68	0.31	0.04
3.69	0.32	0.06
3.70	0.32	0.06
3.71	0.32	0.04
3.72	0.32	0.05
3.73	0.32	0.06
3.74	0.32	0.07
3.75	0.32	0.08
3.76	0.32	0.07
3.77	0.32	0.07
3.78	0.32	0.07
3.79	0.32	0.06
3.80	0.32	0.05
3.81	0.33	0.05
3.82	0.33	0.06
3.83	0.33	0.07
3.84	0.33	0.07
3.85	0.33	0.07
3.86	0.33	0.09
3.87	0.33	0.09
3.88	0.33	0.08
3.89	0.33	0.07
3.90	0.33	0.07
3.91	0.33	0.06
3.92	0.33	0.07
3.93	0.34	0.06
3.94	0.34	0.05
3.95	0.34	0.06
3.96	0.34	0.06
3.97	0.34	0.07
3.98	0.34	0.08
3.99	0.34	0.08
4.00	0.34	0.08
4.01	0.34	0.10
4.02	0.34	0.08
4.03	0.34	0.06
4.04	0.34	0.06
4.05	0.35	0.07
4.06	0.35	0.07
4.07	0.35	0.05
4.08	0.35	0.06
4.09	0.35	0.08
4.10	0.35	0.08
4.11	0.35	0.06
4.12	0.35	0.07
4.13	0.35	0.07
4.14	0.35	0.07
4.15	0.35	0.07
4.16	0.35	0.08
4.17	0.36	0.10
4.18	0.36	0.09
4.19	0.36	0.06
4.20	0.36	0.06
4.21	0.36	0.08
4.22	0.36	0.09
4.23	0.36	0.08
4.24	0.36	0.08
4.25	0.36	0.08
4.26	0.36	0.08
4.27	0.36	0.08
4.28	0.36	0.09
4.29	0.37	0.08
4.30	0.37	0.05
4.31	0.37	0.07
4.32	0.37	0.09
4.33	0.37	0.10
4.34	0.37	0.09
4.35	0.37	0.07
4.36	0.37	0.09
4.37	0.37	0.08
4.38	0.37	0.08
4.39	0.37	0.09
4.40	0.37	0.07
4.41	0.38	0.08
4.42	0.38	0.08
4.43	0.38	0.08
4.44	0.38	0.09
4.45	0.38	0.09
4.46	0.38	0.09
4.47	0.38	0.08
4.48	0.38	0.06
4.49	0.38	0.08
4.50	0.38	0.10
4.51	0.38	0.06
4.52	0.38	0.09
4.53	0.39	0.09
4.54	0.39	0.08
4.55	0.39	0.10
4.56	0.39	0.09
4.57	0.39	0.07
4.58	0.39	0.07
4.59	0.39	0.07
4.60	0.39	0.07
4.61	0.39	0.10
4.62	0.39	0.10
4.63	0.39	0.09
4.64	0.39	0.10
4.65	0.40	0.10
4.66	0.40	0.10
4.67	0.40	0.09
4.68	0.40	0.08
4.69	0.40	0.09
4.70	0.40	0.09
4.71	0.40	0.11
4.72	0.40	0.10
4.73	0.40	0.07
4.74	0.40	0.08
4.75	0.40	0.08
4.76	0.40	0.07
4.77	0.41	0.08
4.78	0.41	0.10
4.79	0.41	0.11
4.80	0.41	0.12
4.81	0.41	0.11
4.82	0.41	0.09
4.83	0.41	0.10
4.84	0.41	0.09
4.85	0.41	0.07
4.86	0.41	0.09
4.87	0.41	0.10
4.88	0.41	0.08
4.89	0.42	0.11
4.90	0.42	0.12
4.91	0.42	0.12
4.92	0.42	0.10
4.93	0.42	0.09
4.94	0.42	0.10
4.95	0.42	0.11
4.96	0.42	0.11
4.97	0.42	0.10
4.98	0.42	0.09
4.99	0.42	0.10
5.00	0.42	0.11
5.01	0.43	0.09
5.02	0.43	0.09
5.03	0.43	0.10
5.04	0.43	0.11
5.05	0.43	0.12
5.06	0.43	0.11
5.07	0.43	0.11
5.08	0.43	0.11
5.09	0.43	0.12
5.10	0.43	0.13
5.11	0.43	0.13
5.12	0.43	0.11
5.13	0.44	0.10
5.14	0.44	0.12
5.15	0.44	0.13
5.16	0.44	0.13
5.17	0.44	0.13
5.18	0.44	0.11
5.19	0.44	0.12
5.20	0.44	0.11
5.21	0.44	0.09
5.22	0.44	0.10
5.23	0.44	0.10
5.24	0.44	0.10
5.25	0.45	0.11
5.26	0.45	0.14
5.27	0.45	0.12
5.28	0.45	0.11
5.29	0.45	0.10
5.30	0.45	0.10
5.31	0.45	0.11
5.32	0.45	0.11
5.33	0.45	0.10
5.34	0.45	0.12
5.35	0.45	0.13
5.36	0.45	0.10
5.37	0.46	0.10
5.38	0.46	0.12
5.39	0.46	0.14
5.40	0.46	0.13
5.41	0.46	0.12
5.42	0.46	0.11
5.43	0.46	0.12
5.44	0.46	0.13
5.45	0.46	0.12
5.46	0.46	0.12
5.47	0.46	0.13
5.48	0.46	0.12
5.49	0.47	0.11
5.50	0.47	0.12
5.51	0.47	0.11
5.52	0.47	0.11
5.53	0.47	0.13
5.54	0.47	0.13
5.55	0.47	0.12
5.56	0.47	0.14
5.57	0.47	0.14
5.58	0.47	0.14
5.59	0.47	0.14
5.60	0.47	0.11
5.61	0.48	0.09
5.62	0.48	0.12
5.63	0.48	0.13
5.64	0.48	0.10
5.65	0.48	0.10
5.66	0.48	0.12
5.67	0.48	0.13
5.68	0.48	0.15
5.69	0.48	0.14
5.70	0.48	0.13
5.71	0.48	0.13
5.72	0.48	0.14
5.73	0.49	0.13
5.74	0.49	0.12
5.75	0.49	0.12
5.76	0.49	0.10
5.77	0.49	0.13
5.78	0.49	0.13
5.79	0.49	0.12
5.80	0.49	0.13
5.81	0.49	0.13
5.82	0.49	0.14
5.83	0.49	0.13
5.84	0.49	0.15
5.85	0.50	0.14
5.86	0.50	0.11
5.87	0.50	0.11
5.88	0.50	0.12
5.89	0.50	0.11
5.90	0.50	0.12
5.91	0.50	0.14
5.92	0.50	0.13
5.93	0.50	0.12
5.94	0.50	0.13
5.95	0.50	0.14
5.96	0.50	0.13
5.97	0.51	0.11
5.98	0.51	0.10
5.99	0.51	0.13
6.00	0.51	0.15
6.01	0.51	0.15
6.02	0.51	0.14
6.03	0.51	0.14
6.04	0.51	0.13
6.05	0.51	0.14
6.06	0.51	0.15
6.07	0.51	0.12
6.08	0.51	0.14
6.09	0.52	0.16
6.10	0.52	0.13
6.11	0.52	0.14
6.12	0.52	0.17
6.13	0.52	0.14
6.14	0.52	0.14
6.15	0.52	0.14
6.16	0.52	0.12
6.17	0.52	0.14
6.18	0.52	0.13
6.19	0.52	0.13
6.20	0.52	0.13
6.21	0.53	0.13
6.22	0.53	0.15
6.23	0.53	0.14
6.24	0.53	0.15
6.25	0.53	0.17
6.26	0.53	0.17
6.27	0.53	0.15
6.28	0.53	0.14
6.29	0.53	0.15
6.30	0.53	0.14
6.31	0.53	0.15
6.32	0.53	0.16
6.33	0.54	0.15
6.34	0.54	0.15
6.35	0.54	0.15
6.36	0.54	0.15
6.37	0.54	0.16
6.38	0.54	0.15
6.39	0.54	0.15
6.40	0.54	0.15
6.41	0.54	0.15
6.42	0.54	0.15
6.43	0.54	0.16
6.44	0.54	0.17
6.45	0.55	0.14
6.46	0.55	0.16
6.47	0.55	0.18
6.48	0.55	0.16
6.49	0.55	0.15
6.50	0.55	0.17
6.51	0.55	0.15
6.52	0.55	0.15
6.53	0.55	0.15
6.54	0.55	0.14
6.55	0.55	0.15
6.56	0.55	0.16
6.57	0.56	0.16
6.58	0.56	0.16
6.59	0.56	0.16
6.60	0.56	0.18
6.61	0.56	0.18
6.62	0.56	0.17
6.63	0.56	0.16
6.64	0.56	0.15
6.65	0.56	0.16
6.66	0.56	0.17
6.67	0.56	0.17
6.68	0.56	0.17
6.69	0.57	0.18
6.70	0.57	0.18
6.71	0.57	0.17
6.72	0.57	0.16
6.73	0.57	0.15
6.74	0.57	0.14
6.75	0.57	0.16
6.76	0.57	0.16
6.77	0.57	0.16
6.78	0.57	0.15
6.79	0.57	0.14
6.80	0.57	0.15
6.81	0.58	0.16
6.82	0.58	0.15
6.83	0.58	0.17
6.84	0.58	0.18
6.85	0.58	0.17
6.86	0.58	0.17
6.87	0.58	0.15
6.88	0.58	0.15
6.89	0.58	0.18
6.90	0.58	0.18
6.91	0.58	0.17
6.92	0.58	0.18
6.93	0.59	0.19
6.94	0.59	0.19
6.95	0.59	0.17
6.96	0.59	0.15
6.97	0.59	0.15
6.98	0.59	0.17
6.99	0.59	0.17
7.00	0.59	0.16
7.01	0.59	0.17
7.02	0.59	0.18
7.03	0.59	0.16
7.04	0.59	0.17
7.05	0.60	0.18
7.06	0.60	0.17
7.07	0.60	0.17
7.08	0.60	0.18
7.09	0.60	0.16
7.10	0.60	0.16
7.11	0.60	0.19
7.12	0.60	0.20
7.13	0.60	0.21
7.14	0.60	0.19
7.15	0.60	0.18
7.16	0.60	0.18
7.17	0.61	0.18
7.18	0.61	0.16
7.19	0.61	0.17
7.20	0.61	0.18
7.21	0.61	0.18
7.22	0.61	0.19
7.23	0.61	0.18
7.24	0.61	0.19
7.25	0.61	0.18
7.26	0.61	0.17
7.27	0.61	0.18
7.28	0.61	0.19
7.29	0.62	0.18
7.30	0.62	0.17
7.31	0.62	0.19
7.32	0.62	0.20
7.33	0.62	0.20
7.34	0.62	0.19
7.35	0.62	0.18
7.36	0.62	0.18
7.37	0.62	0.17
7.38	0.62	0.19
7.39	0.62	0.18
7.40	0.62	0.17
7.41	0.63	0.17
7.42	0.63	0.17
7.43	0.63	0.20
7.44	0.63	0.20
7.45	0.63	0.19
7.46	0.63	0.19
7.47	0.63	0.20
7.48	0.63	0.19
7.49	0.63	0.17
7.50	0.63	0.16
7.51	0.63	0.17
7.52	0.63	0.18
7.53	0.64	0.20
7.54	0.64	0.20
7.55	0.64	0.17
7.56	0.64	0.19
7.57	0.64	0.20
7.58	0.64	0.20
7.59	0.64	0.19
7.60	0.64	0.16
7.61	0.64	0.19
7.62	0.64	0.21
7.63	0.64	0.19
7.64	0.64	0.19
7.65	0.65	0.21
7.66	0.65	0.21
7.67	0.65	0.20
7.68	0.65	0.19
7.69	0.65	0.17
7.70	0.65	0.17
7.71	0.65	0.19
7.72	0.65	0.20
7.73	0.65	0.19
7.74	0.65	0.18
7.75	0.65	0.19
7.76	0.65	0.19
7.77	0.66	0.19
7.78	0.66	0.21
7.79	0.66	0.21
7.80	0.66	0.19
7.81	0.66	0.19
7.82	0.66	0.20
7.83	0.66	0.21
7.84	0.66	0.20
7.85	0.66	0.19
7.86	0.66	0.19
7.87	0.66	0.20
7.88	0.66	0.21
7.89	0.67	0.22
7.90	0.67	0.22
7.91	0.67	0.19
7.92	0.67	0.20
7.93	0.67	0.22
7.94	0.67	0.21
7.95	0.67	0.19
7.96	0.67	0.19
7.97	0.67	0.21
7.98	0.67	0.21
7.99	0.67	0.21
8.00	0.67	0.19
8.01	0.68	0.18
8.02	0.68	0.21
8.03	0.68	0.20
8.04	0.68	0.19
8.05	0.68	0.20
8.06	0.68	0.20
8.07	0.68	0.21
8.08	0.68	0.19
8.09	0.68	0.19
8.10	0.68	0.19
8.11	0.68	0.20
8.12	0.68	0.22
8.13	0.69	0.22
8.14	0.69	0.20
8.15	0.69	0.20
8.16	0.69	0.22
8.17	0.69	0.22
8.18	0.69	0.22
8.19	0.69	0.20
8.20	0.69	0.21
8.21	0.69	0.23
8.22	0.69	0.22
8.23	0.69	0.22
8.24	0.69	0.20
8.25	0.70	0.20
8.26	0.70	0.22
8.27	0.70	0.23
8.28	0.70	0.21
8.29	0.70	0.20
8.30	0.70	0.21
8.31	0.70	0.23
8.32	0.70	0.21
8.33	0.70	0.19
8.34	0.70	0.21
8.35	0.70	0.22
8.36	0.70	0.21
8.37	0.71	0.22
8.38	0.71	0.22
8.39	0.71	0.23
8.40	0.71	0.23
8.41	0.71	0.21
8.42	0.71	0.22
8.43	0.71	0.23
8.44	0.71	0.25
8.45	0.71	0.23
8.46	0.71	0.20
8.47	0.71	0.20
8.48	0.71	0.21
8.49	0.72	0.22
8.50	0.72	0.24
8.51	0.72	0.25
8.52	0.72	0.24
8.53	0.72	0.22
8.54	0.72	0.23
8.55	0.72	0.25
8.56	0.72	0.22
8.57	0.72	0.21
8.58	0.72	0.24
8.59	0.72	0.25
8.60	0.72	0.24
8.61	0.73	0.24
8.62	0.73	0.22
8.63	0.73	0.21
8.64	0.73	0.23
8.65	0.73	0.24
8.66	0.73	0.22
8.67	0.73	0.20
8.68	0.73	0.22
8.69	0.73	0.23
8.70	0.73	0.21
8.71	0.73	0.23
8.72	0.73	0.24
8.73	0.74	0.23
8.74	0.74	0.24
8.75	0.74	0.23
8.76	0.74	0.22
8.77	0.74	0.23
8.78	0.74	0.24
8.79	0.74	0.24
8.80	0.74	0.22
8.81	0.74	0.23
8.82	0.74	0.23
8.83	0.74	0.21
8.84	0.74	0.21
8.85	0.75	0.22
8.86	0.75	0.22
8.87	0.75	0.24
8.88	0.75	0.23
8.89	0.75	0.22
8.90	0.75	0.21
8.91	0.75	0.21
8.92	0.75	0.23
8.93	0.75	0.25
8.94	0.75	0.25
8.95	0.75	0.24
8.96	0.75	0.24
8.97	0.76	0.22
8.98	0.76	0.22
8.99	0.76	0.23
9.00	0.76	0.23
9.01	0.76	0.25
9.02	0.76	0.24
9.03	0.76	0.25
9.04	0.76	0.25
9.05	0.76	0.23
9.06	0.76	0.23
9.07	0.76	0.23
9.08	0.76	0.23
9.09	0.77	0.24
9.10	0.77	0.24
9.11	0.77	0.25
9.12	0.77	0.24
9.13	0.77	0.26
9.14	0.77	0.28
9.15	0.77	0.24
9.16	0.77	0.21
9.17	0.77	0.20
9.18	0.77	0.22
9.19	0.77	0.24
9.20	0.77	0.26
9.21	0.78	0.24
9.22	0.78	0.24
9.23	0.78	0.24
9.24	0.78	0.23
9.25	0.78	0.24
9.26	0.78	0.25
9.27	0.78	0.24
9.28	0.78	0.25
9.29	0.78	0.25
9.30	0.78	0.25
9.31	0.78	0.26
9.32	0.78	0.24
9.33	0.79	0.23
9.34	0.79	0.24
9.35	0.79	0.27
9.36	0.79	0.26
9.37	0.79	0.24
9.38	0.79	0.26
9.39	0.79	0.25
9.40	0.79	0.25
9.41	0.79	0.25
9.42	0.79	0.25
9.43	0.79	0.26
9.44	0.79	0.25
9.45	0.80	0.24
9.46	0.80	0.22
9.47	0.80	0.24
9.48	0.80	0.26
9.49	0.80	0.26
9.50	0.80	0.25
9.51	0.80	0.26
9.52	0.80	0.26
9.53	0.80	0.25
9.54	0.80	0.27
9.55	0.80	0.27
9.56	0.80	0.24
9.57	0.81	0.25
9.58	0.81	0.24
9.59	0.81	0.25
9.60	0.81	0.27
9.61	0.81	0.25
9.62	0.81	0.26
9.63	0.81	0.27
9.64	0.81	0.24
9.65	0.81	0.25
9.66	0.81	0.26
9.67	0.81	0.26
9.68	0.81	0.26
9.69	0.82	0.26
9.70	0.82	0.26
9.71	0.82	0.29
9.72	0.82	0.29
9.73	0.82	0.25
9.74	0.82	0.25
9.75	0.82	0.28
9.76	0.82	0.27
9.77	0.82	0.25
9.78	0.82	0.26
9.79	0.82	0.27
9.80	0.82	0.28
9.81	0.83	0.26
9.82	0.83	0.24
9.83	0.83	0.27
9.84	0.83	0.27
9.85	0.83	0.26
9.86	0.83	0.26
9.87	0.83	0.24
9.88	0.83	0.22
9.89	0.83	0.24
9.90	0.83	0.29
9.91	0.83	0.28
9.92	0.83	0.26
9.93	0.84	0.27
9.94	0.84	0.27
9.95	0.84	0.26
9.96	0.84	0.26
9.97	0.84	0.26
9.98	0.84	0.27
9.99	0.84	0.28
10.00	0.84	0.28
10.01	0.84	0.28
10.02	0.84	0.27
10.03	0.84	0.27
10.04	0.84	0.29
10.05	0.85	0.28
10.06	0.85	0.28
10.07	0.85	0.29
10.08	0.85	0.26
10.09	0.85	0.27
10.10	0.85	0.28
10.11	0.85	0.26
10.12	0.85	0.28
10.13	0.85	0.27
10.14	0.85	0.26
10.15	0.85	0.28
10.16	0.85	0.27
10.17	0.86	0.26
10.18	0.86	0.27
10.19	0.86	0.30
10.20	0.86	0.28
10.21	0.86	0.28
10.22	0.86	0.30
10.23	0.86	0.28
10.24	0.86	0.26
10.25	0.86	0.28
10.26	0.86	0.29
10.27	0.86	0.29
10.28	0.86	0.28
10.29	0.87	0.28
10.30	0.87	0.30
10.31	0.87	0.29
10.32	0.87	0.26
10.33	0.87	0.28
10.34	0.87	0.29
10.35	0.87	0.30
10.36	0.87	0.30
10.37	0.87	0.29
10.38	0.87	0.29
10.39	0.87	0.29
10.40	0.87	0.30
10.41	0.88	0.27
10.42	0.88	0.26
10.43	0.88	0.28
10.44	0.88	0.29
10.45	0.88	0.30
10.46	0.88	0.29
10.47	0.88	0.29
10.48	0.88	0.28
10.49	0.88	0.29
10.50	0.88	0.27
10.51	0.88	0.25
10.52	0.88	0.28
10.53	0.89	0.30
10.54	0.89	0.28
10.55	0.89	0.29
10.56	0.89	0.30
10.57	0.89	0.29
10.58	0.89	0.27
10.59	0.89	0.28
10.60	0.89	0.30
10.61	0.89	0.28
10.62	0.89	0.28
10.63	0.89	0.29
10.64	0.89	0.29
10.65	0.90	0.29
10.66	0.90	0.27
10.67	0.90	0.28
10.68	0.90	0.29
10.69	0.90	0.30
10.70	0.90	0.29
10.71	0.90	0.28
10.72	0.90	0.30
10.73	0.90	0.28
10.74	0.90	0.29
10.75	0.90	0.31
10.76	0.90	0.31
10.77	0.91	0.29
10.78	0.91	0.29
10.79	0.91	0.31
10.80	0.91	0.30
10.81	0.91	0.28
10.82	0.91	0.28
10.83	0.91	0.30
10.84	0.91	0.30
10.85	0.91	0.29
10.86	0.91	0.30
10.87	0.91	0.29
10.88	0.91	0.30
10.89	0.92	0.30
10.90	0.92	0.29
10.91	0.92	0.29
10.92	0.92	0.30
10.93	0.92	0.30
10.94	0.92	0.29
10.95	0.92	0.30
10.96	0.92	0.30
10.97	0.92	0.31
10.98	0.92	0.32
10.99	0.92	0.31
11.00	0.92	0.31
11.01	0.93	0.32
11.02	0.93	0.33
11.03	0.93	0.32
11.04	0.93	0.30
11.05	0.93	0.29
11.06	0.93	0.29
11.07	0.93	0.31
11.08	0.93	0.32
11.09	0.93	0.31
11.10	0.93	0.30
11.11	0.93	0.31
11.12	0.93	0.32
11.13	0.94	0.30
11.14	0.94	0.31
11.15	0.94	0.32
11.16	0.94	0.30
11.17	0.94	0.28
11.18	0.94	0.29
11.19	0.94	0.29
11.20	0.94	0.28
11.21	0.94	0.31
11.22	0.94	0.33
11.23	0.94	0.33
11.24	0.94	0.34
11.25	0.95	0.32
11.26	0.95	0.31
11.27	0.95	0.31
11.28	0.95	0.31
11.29	0.95	0.32
11.30	0.95	0.31
11.31	0.95	0.32
11.32	0.95	0.32
11.33	0.95	0.32
11.34	0.95	0.32
11.35	0.95	0.32
11.36	0.95	0.32
11.37	0.96	0.30
11.38	0.96	0.31
11.39	0.96	0.32
11.40	0.96	0.31
11.41	0.96	0.31
11.42	0.96	0.32
11.43	0.96	0.34
11.44	0.96	0.34
11.45	0.96	0.34
11.46	0.96	0.33
11.47	0.96	0.33
11.48	0.96	0.33
11.49	0.97	0.32
11.50	0.97	0.31
11.51	0.97	0.33
11.52	0.97	0.33
11.53	0.97	0.30
11.54	0.97	0.30
11.55	0.97	0.32
11.56	0.97	0.33
11.57	0.97	0.33
11.58	0.97	0.32
11.59	0.97	0.31
11.60	0.97	0.32
11.61	0.98	0.35
11.62	0.98	0.34
11.63	0.98	0.31
11.64	0.98	0.31
11.65	0.98	0.31
11.66	0.98	0.33
11.67	0.98	0.33
11.68	0.98	0.33
11.69	0.98	0.34
11.70	0.98	0.33
11.71	0.98	0.33
11.72	0.98	0.33
11.73	0.99	0.34
11.74	0.99	0.32
11.75	0.99	0.31
11.76	0.99	0.33
11.77	0.99	0.33
11.78	0.99	0.34
11.79	0.99	0.37
11.80	0.99	0.36
11.81	0.99	0.34
11.82	0.99	0.32
11.83	0.99	0.33
11.84	0.99	0.35
11.85	1.00	0.35
11.86	1.00	0.34
11.87	1.00	0.32
11.88	1.00	0.33
11.89	1.00	0.34
11.90	1.00	0.33
11.91	1.00	0.34
11.92	1.00	0.32
11.93	1.00	0.34
11.94	1.00	0.35
11.95	1.00	0.31
11.96	1.00	0.31
11.97	1.01	0.33
11.98	1.01	0.35
11.99	1.01	0.34
12.00	1.01	0.32
12.01	1.01	0.35
12.02	1.01	0.34
12.03	1.01	0.32
12.04	1.01	0.33
12.05	1.01	0.33
12.06	1.01	0.34
12.07	1.01	0.34
12.08	1.01	0.35
12.09	1.02	0.34
12.10	1.02	0.36
12.11	1.02	0.37
12.12	1.02	0.35
12.13	1.02	0.35
12.14	1.02	0.35
12.15	1.02	0.36
12.16	1.02	0.36
12.17	1.02	0.34
12.18	1.02	0.33
12.19	1.02	0.35
12.20	1.02	0.37
12.21	1.03	0.35
12.22	1.03	0.36
12.23	1.03	0.37
12.24	1.03	0.36
12.25	1.03	0.34
12.26	1.03	0.35
12.27	1.03	0.37
12.28	1.03	0.36
12.29	1.03	0.36
12.30	1.03	0.38
12.31	1.03	0.37
12.32	1.03	0.35
12.33	1.04	0.34
12.34	1.04	0.35
12.35	1.04	0.36
12.36	1.04	0.35
12.37	1.04	0.35
12.38	1.04	0.37
12.39	1.04	0.37
12.40	1.04	0.35
12.41	1.04	0.35
12.42	1.04	0.35
12.43	1.04	0.37
12.44	1.04	0.37
12.45	1.05	0.38
12.46	1.05	0.38
12.47	1.05	0.37
12.48	1.05	0.36
12.49	1.05	0.35
12.50	1.05	0.35
12.51	1.05	0.36
12.52	1.05	0.36
12.53	1.05	0.35
12.54	1.05	0.37
12.55	1.05	0.37
12.56	1.05	0.35
12.57	1.06	0.35
12.58	1.06	0.33
12.59	1.06	0.34
12.60	1.06	0.34
12.61	1.06	0.34
12.62	1.06	0.35
12.63	1.06	0.32
12.64	1.06	0.32
12.65	1.06	0.32
12.66	1.06	0.31
12.67	1.06	0.32
12.68	1.06	0.32
12.69	1.07	0.31
12.70	1.07	0.32
12.71	1.07	0.34
12.72	1.07	0.36
12.73	1.07	0.35
12.74	1.07	0.33
12.75	1.07	0.33
12.76	1.07	0.31
12.77	1.07	0.32
12.78	1.07	0.34
12.79	1.07	0.34
12.80	1.07	0.34
12.81	1.08	0.32
12.82	1.08	0.33
12.83	1.08	0.34
12.84	1.08	0.34
12.85	1.08	0.33
12.86	1.08	0.32
12.87	1.08	0.34
12.88	1.08	0.35
12.89	1.08	0.33
12.90	1.08	0.32
12.91	1.08	0.33
12.92	1.08	0.32
12.93	1.09	0.31
12.94	1.09	0.33
12.95	1.09	0.33
12.96	1.09	0.32
12.97	1.09	0.33
12.98	1.09	0.35
12.99	1.09	0.36
13.00	1.09	0.34
13.01	1.09	0.33
13.02	1.09	0.32
13.03	1.09	0.33
13.04	1.09	0.33
13.05	1.10	0.31
13.06	1.10	0.33
13.07	1.10	0.34
13.08	1.10	0.33
13.09	1.10	0.34
13.10	1.10	0.36
13.11	1.10	0.36
13.12	1.10	0.32
13.13	1.10	0.33
13.14	1.10	0.32
13.15	1.10	0.33
13.16	1.10	0.35
13.17	1.11	0.35
13.18	1.11	0.34
13.19	1.11	0.35
13.20	1.11	0.34
13.21	1.11	0.32
13.22	1.11	0.33
13.23	1.11	0.35
13.24	1.11	0.36
13.25	1.11	0.36
13.26	1.11	0.34
13.27	1.11	0.33
13.28	1.11	0.36
13.29	1.12	0.37
13.30	1.12	0.36
13.31	1.12	0.36
13.32	1.12	0.36
13.33	1.12	0.36
13.34	1.12	0.36
13.35	1.12	0.34
13.36	1.12	0.35
13.37	1.12	0.37
13.38	1.12	0.36
13.39	1.12	0.36
13.40	1.12	0.36
13.41	1.13	0.35
13.42	1.13	0.35
13.43	1.13	0.36
13.44	1.13	0.36
13.45	1.13	0.35
13.46	1.13	0.34
13.47	1.13	0.35
13.48	1.13	0.35
13.49	1.13	0.35
13.50	1.13	0.35
13.51	1.13	0.36
13.52	1.13	0.38
13.53	1.14	0.38
13.54	1.14	0.37
13.55	1.14	0.38
13.56	1.14	0.37
13.57	1.14	0.36
13.58	1.14	0.37
13.59	1.14	0.37
13.60	1.14	0.38
13.61	1.14	0.36
13.62	1.14	0.35
13.63	1.14	0.34
13.64	1.14	0.35
13.65	1.15	0.36
13.66	1.15	0.36
13.67	1.15	0.36
13.68	1.15	0.38
13.69	1.15	0.37
13.70	1.15	0.37
13.71	1.15	0.37
13.72	1.15	0.38
13.73	1.15	0.37
13.74	1.15	0.35
13.75	1.15	0.39
13.76	1.15	0.39
13.77	1.16	0.37
13.78	1.16	0.38
13.79	1.16	0.37
13.80	1.16	0.34
13.81	1.16	0.36
13.82	1.16	0.37
13.83	1.16	0.37
13.84	1.16	0.37
13.85	1.16	0.38
13.86	1.16	0.40
13.87	1.16	0.36
13.88	1.16	0.36
13.89	1.17	0.38
13.90	1.17	0.40
13.91	1.17	0.41
13.92	1.17	0.39
13.93	1.17	0.39
13.94	1.17	0.39
13.95	1.17	0.38
13.96	1.17	0.39
13.97	1.17	0.39
13.98	1.17	0.39
13.99	1.17	0.39
14.00	1.17	0.39
14.01	1.18	0.38
14.02	1.18	0.37
14.03	1.18	0.39
14.04	1.18	0.39
14.05	1.18	0.38
14.06	1.18	0.38
14.07	1.18	0.37
14.08	1.18	0.36
14.09	1.18	0.40
14.10	1.18	0.39
14.11	1.18	0.38
14.12	1.18	0.39
14.13	1.19	0.39
14.14	1.19	0.38
14.15	1.19	0.39
14.16	1.19	0.40
14.17	1.19	0.40
14.18	1.19	0.39
14.19	1.19	0.41
14.20	1.19	0.41
14.21	1.19	0.38
14.22	1.19	0.38
14.23	1.19	0.37
14.24	1.19	0.39
14.25	1.20	0.39
14.26	1.20	0.38
14.27	1.20	0.39
14.28	1.20	0.40
14.29	1.20	0.40
14.30	1.20	0.39
14.31	1.20	0.39
14.32	1.20	0.38
14.33	1.20	0.38
14.34	1.20	0.38
14.35	1.20	0.39
14.36	1.20	0.38
14.37	1.21	0.37
14.38	1.21	0.38
14.39	1.21	0.38
14.40	1.21	0.41
14.41	1.21	0.41
14.42	1.21	0.40
14.43	1.21	0.41
14.44	1.21	0.41
14.45	1.21	0.40
14.46	1.21	0.40
14.47	1.21	0.40
14.48	1.21	0.39
14.49	1.22	0.39
14.50	1.22	0.40
14.51	1.22	0.41
14.52	1.22	0.40
14.53	1.22	0.40
14.54	1.22	0.39
14.55	1.22	0.37
14.56	1.22	0.39
14.57	1.22	0.40
14.58	1.22	0.41
14.59	1.22	0.41
14.60	1.22	0.40
14.61	1.23	0.42
14.62	1.23	0.41
14.63	1.23	0.40
14.64	1.23	0.40
14.65	1.23	0.39
14.66	1.23	0.38
14.67	1.23	0.40
14.68	1.23	0.41
14.69	1.23	0.41
14.70	1.23	0.43
14.71	1.23	0.43
14.72	1.23	0.42
14.73	1.24	0.41
14.74	1.24	0.41
14.75	1.24	0.41
14.76	1.24	0.42
14.77	1.24	0.39
14.78	1.24	0.39
14.79	1.24	0.41
14.80	1.24	0.43
14.81	1.24	0.44
14.82	1.24	0.41
14.83	1.24	0.40
14.84	1.24	0.41
14.85	1.25	0.41
14.86	1.25	0.41
14.87	1.25	0.43
14.88	1.25	0.42
14.89	1.25	0.41
14.90	1.25	0.42
14.91	1.25	0.42
14.92	1.25	0.43
14.93	1.25	0.42
14.94	1.25	0.42
14.95	1.25	0.41
14.96	1.25	0.39
14.97	1.26	0.42
14.98	1.26	0.42
14.99	1.26	0.42
15.00	1.26	0.42
15.01	1.26	0.41
15.02	1.26	0.43
15.03	1.26	0.44
15.04	1.26	0.43
15.05	1.26	0.42
15.06	1.26	0.44
15.07	1.26	0.43
15.08	1.26	0.42
15.09	1.27	0.42
15.10	1.27	0.42
15.11	1.27	0.41
15.12	1.27	0.41
15.13	1.27	0.42
15.14	1.27	0.43
15.15	1.27	0.43
15.16	1.27	0.43
15.17	1.27	0.44
15.18	1.27	0.44
15.19	1.27	0.41
15.20	1.27	0.42
15.21	1.28	0.44
15.22	1.28	0.44
15.23	1.28	0.45
15.24	1.28	0.45
15.25	1.28	0.45
15.26	1.28	0.44
15.27	1.28	0.43
15.28	1.28	0.44
15.29	1.28	0.45
15.30	1.28	0.44
15.31	1.28	0.44
15.32	1.28	0.45
15.33	1.29	0.44
15.34	1.29	0.44
15.35	1.29	0.42
15.36	1.29	0.42
15.37	1.29	0.43
15.38	1.29	0.43
15.39	1.29	0.43
15.40	1.29	0.43
15.41	1.29	0.44
15.42	1.29	0.43
15.43	1.29	0.44
15.44	1.29	0.43
15.45	1.30	0.43
15.46	1.30	0.45
15.47	1.30	0.45
15.48	1.30	0.44
15.49	1.30	0.45
15.50	1.30	0.43
15.51	1.30	0.43
15.52	1.30	0.45
15.53	1.30	0.44
15.54	1.30	0.44
15.55	1.30	0.44
15.56	1.30	0.43
15.57	1.31	0.44
15.58	1.31	0.46
15.59	1.31	0.43
15.60	1.31	0.43
15.61	1.31	0.45
15.62	1.31	0.45
15.63	1.31	0.45
15.64	1.31	0.45
15.65	1.31	0.45
15.66	1.31	0.43
15.67	1.31	0.43
15.68	1.31	0.44
15.69	1.32	0.43
15.70	1.32	0.43
15.71	1.32	0.43
15.72	1.32	0.43
15.73	1.32	0.44
15.74	1.32	0.45
15.75	1.32	0.46
15.76	1.32	0.49
15.77	1.32	0.46
15.78	1.32	0.44
15.79	1.32	0.44
15.80	1.32	0.43
15.81	1.33	0.45
15.82	1.33	0.45
15.83	1.33	0.46
15.84	1.33	0.46
15.85	1.33	0.45
15.86	1.33	0.44
15.87	1.33	0.43
15.88	1.33	0.46
15.89	1.33	0.44
15.90	1.33	0.41
15.91	1.33	0.45
15.92	1.33	0.46
15.93	1.34	0.46
15.94	1.34	0.45
15.95	1.34	0.45
15.96	1.34	0.46
15.97	1.34	0.44
15.98	1.34	0.44
15.99	1.34	0.45
16.00	1.34	0.46
16.01	1.34	0.47
16.02	1.34	0.46
16.03	1.34	0.44
16.04	1.34	0.44
16.05	1.35	0.44
16.06	1.35	0.45
16.07	1.35	0.46
16.08	1.35	0.46
16.09	1.35	0.46
16.10	1.35	0.48
16.11	1.35	0.47
16.12	1.35	0.46
16.13	1.35	0.45
16.14	1.35	0.44
16.15	1.35	0.45
16.16	1.35	0.47
16.17	1.36	0.47
16.18	1.36	0.47
16.19	1.36	0.47
16.20	1.36	0.46
16.21	1.36	0.46
16.22	1.36	0.46
16.23	1.36	0.45
16.24	1.36	0.45
16.25	1.36	0.46
16.26	1.36	0.45
16.27	1.36	0.46
16.28	1.36	0.46
16.29	1.37	0.47
16.30	1.37	0.47
16.31	1.37	0.47
16.32	1.37	0.48
16.33	1.37	0.49
16.34	1.37	0.48
16.35	1.37	0.48
16.36	1.37	0.48
16.37	1.37	0.47
16.38	1.37	0.48
16.39	1.37	0.49
16.40	1.37	0.47
16.41	1.38	0.49
16.42	1.38	0.48
16.43	1.38	0.48
16.44	1.38	0.48
16.45	1.38	0.48
16.46	1.38	0.47
16.47	1.38	0.46
16.48	1.38	0.48
16.49	1.38	0.46
16.50	1.38	0.47
16.51	1.38	0.48
16.52	1.38	0.49
16.53	1.39	0.47
16.54	1.39	0.47
16.55	1.39	0.49
16.56	1.39	0.49
16.57	1.39	0.46
16.58	1.39	0.45
16.59	1.39	0.47
16.60	1.39	0.49
16.61	1.39	0.49
16.62	1.39	0.49
16.63	1.39	0.50
16.64	1.39	0.49
16.65	1.40	0.48
16.66	1.40	0.46
16.67	1.40	0.47
16.68	1.40	0.51
16.69	1.40	0.50
16.70	1.40	0.47
16.71	1.40	0.48
16.72	1.40	0.51
16.73	1.40	0.49
16.74	1.40	0.46
16.75	1.40	0.49
16.76	1.40	0.52
16.77	1.41	0.50
16.78	1.41	0.48
16.79	1.41	0.48
16.80	1.41	0.49
16.81	1.41	0.49
16.82	1.41	0.46
16.83	1.41	0.48
16.84	1.41	0.52
16.85	1.41	0.51
16.86	1.41	0.51
16.87	1.41	0.51
16.88	1.41	0.49
16.89	1.42	0.48
16.90	1.42	0.50
16.91	1.42	0.48
16.92	1.42	0.49
16.93	1.42	0.51
16.94	1.42	0.51
16.95	1.42	0.49
16.96	1.42	0.49
16.97	1.42	0.48
16.98	1.42	0.48
16.99	1.42	0.50
17.00	1.42	0.48
17.01	1.43	0.47
17.02	1.43	0.48
17.03	1.43	0.50
17.04	1.43	0.50
17.05	1.43	0.51
17.06	1.43	0.50
17.07	1.43	0.51
17.08	1.43	0.52
17.09	1.43	0.51
17.10	1.43	0.52
17.11	1.43	0.49
17.12	1.43	0.48
17.13	1.44	0.50
17.14	1.44	0.51
17.15	1.44	0.50
17.16	1.44	0.48
17.17	1.44	0.50
17.18	1.44	0.51
17.19	1.44	0.52
17.20	1.44	0.51
17.21	1.44	0.49
17.22	1.44	0.51
17.23	1.44	0.51
17.24	1.44	0.50
17.25	1.45	0.49
17.26	1.45	0.50
17.27	1.45	0.52
17.28	1.45	0.51
17.29	1.45	0.50
17.30	1.45	0.50
17.31	1.45	0.51
17.32	1.45	0.50
17.33	1.45	0.48
17.34	1.45	0.51
17.35	1.45	0.51
17.36	1.45	0.51
17.37	1.46	0.50
17.38	1.46	0.49
17.39	1.46	0.51
17.40	1.46	0.53
17.41	1.46	0.53
17.42	1.46	0.51
17.43	1.46	0.49
17.44	1.46	0.49
17.45	1.46	0.49
17.46	1.46	0.51
17.47	1.46	0.52
17.48	1.46	0.51
17.49	1.47	0.51
17.50	1.47	0.50
17.51	1.47	0.50
17.52	1.47	0.50
17.53	1.47	0.48
17.54	1.47	0.49
17.55	1.47	0.51
17.56	1.47	0.50
17.57	1.47	0.51
17.58	1.47	0.50
17.59	1.47	0.49
17.60	1.47	0.51
17.61	1.48	0.49
17.62	1.48	0.49
17.63	1.48	0.50
17.64	1.48	0.53
17.65	1.48	0.51
17.66	1.48	0.51
17.67	1.48	0.52
17.68	1.48	0.50
17.69	1.48	0.53
17.70	1.48	0.53
17.71	1.48	0.51
17.72	1.48	0.49
17.73	1.49	0.48
17.74	1.49	0.51
17.75	1.49	0.52
17.76	1.49	0.50
17.77	1.49	0.50
17.78	1.49	0.51
17.79	1.49	0.50
17.80	1.49	0.50
17.81	1.49	0.49
17.82	1.49	0.52
17.83	1.49	0.53
17.84	1.49	0.50
17.85	1.50	0.51
17.86	1.50	0.51
17.87	1.50	0.48
17.88	1.50	0.49
17.89	1.50	0.51
17.90	1.50	0.51
17.91	1.50	0.52
17.92	1.50	0.52
17.93	1.50	0.52
17.94	1.50	0.53
17.95	1.50	0.51
17.96	1.50	0.50
17.97	1.51	0.52
17.98	1.51	0.51
17.99	1.51	0.52
18.00	1.51	0.52
18.01	1.51	0.52
18.02	1.51	0.53
18.03	1.51	0.49
18.04	1.51	0.50
18.05	1.51	0.52
18.06	1.51	0.53
18.07	1.51	0.53
18.08	1.51	0.52
18.09	1.52	0.52
18.10	1.52	0.53
18.11	1.52	0.51
18.12	1.52	0.52
18.13	1.52	0.54
18.14	1.52	0.54
18.15	1.52	0.52
18.16	1.52	0.52
18.17	1.52	0.53
18.18	1.52	0.52
18.19	1.52	0.52
18.20	1.52	0.53
18.21	1.53	0.53
18.22	1.53	0.52
18.23	1.53	0.54
18.24	1.53	0.54
18.25	1.53	0.53
18.26	1.53	0.55
18.27	1.53	0.55
18.28	1.53	0.52
18.29	1.53	0.51
18.30	1.53	0.52
18.31	1.53	0.54
18.32	1.53	0.54
18.33	1.54	0.54
18.34	1.54	0.53
18.35	1.54	0.53
18.36	1.54	0.54
18.37	1.54	0.55
18.38	1.54	0.54
18.39	1.54	0.53
18.40	1.54	0.53
18.41	1.54	0.52
18.42	1.54	0.52
18.43	1.54	0.54
18.44	1.54	0.54
18.45	1.55	0.53
18.46	1.55	0.53
18.47	1.55	0.54
18.48	1.55	0.54
18.49	1.55	0.52
18.50	1.55	0.52
18.51	1.55	0.53
18.52	1.55	0.53
18.53	1.55	0.55
18.54	1.55	0.55
18.55	1.55	0.53
18.56	1.55	0.54
18.57	1.56	0.53
18.58	1.56	0.52
18.59	1.56	0.53
18.60	1.56	0.54
18.61	1.56	0.54
18.62	1.56	0.55
18.63	1.56	0.55
18.64	1.56	0.53
18.65	1.56	0.54
18.66	1.56	0.54
18.67	1.56	0.52
18.68	1.56	0.54
18.69	1.57	0.53
18.70	1.57	0.52
18.71	1.57	0.54
18.72	1.57	0.54
18.73	1.57	0.54
18.74	1.57	0.56
18.75	1.57	0.54
18.76	1.57	0.54
18.77	1.57	0.55
18.78	1.57	0.55
18.79	1.57	0.53
18.80	1.57	0.53
18.81	1.58	0.55
18.82	1.58	0.55
18.83	1.58	0.54
18.84	1.58	0.54
18.85	1.58	0.55
18.86	1.58	0.55
18.87	1.58	0.55
18.88	1.58	0.56
18.89	1.58	0.56
18.90	1.58	0.56
18.91	1.58	0.56
18.92	1.58	0.54
18.93	1.59	0.57
18.94	1.59	0.58
18.95	1.59	0.55
18.96	1.59	0.56
18.97	1.59	0.56
18.98	1.59	0.56
18.99	1.59	0.55
19.00	1.59	0.56
19.01	1.59	0.56
19.02	1.59	0.56
19.03	1.59	0.56
19.04	1.59	0.54
19.05	1.60	0.55
19.06	1.60	0.56
19.07	1.60	0.54
19.08	1.60	0.56
19.09	1.60	0.56
19.10	1.60	0.56
19.11	1.60	0.56
19.12	1.60	0.55
19.13	1.60	0.53
19.14	1.60	0.56
19.15	1.60	0.57
19.16	1.60	0.56
19.17	1.61	0.55
19.18	1.61	0.56
19.19	1.61	0.57
19.20	1.61	0.56
19.21	1.61	0.57
19.22	1.61	0.57
19.23	1.61	0.57
19.24	1.61	0.58
19.25	1.61	0.57
19.26	1.61	0.57
19.27	1.61	0.58
19.28	1.61	0.58
19.29	1.62	0.58
19.30	1.62	0.56
19.31	1.62	0.56
19.32	1.62	0.57
19.33	1.62	0.56
19.34	1.62	0.56
19.35	1.62	0.56
19.36	1.62	0.56
19.37	1.62	0.57
19.38	1.62	0.57
19.39	1.62	0.58
19.40	1.62	0.61
19.41	1.63	0.59
19.42	1.63	0.57
19.43	1.63	0.58
19.44	1.63	0.59
19.45	1.63	0.57
19.46	1.63	0.58
19.47	1.63	0.58
19.48	1.63	0.56
19.49	1.63	0.57
19.50	1.63	0.58
19.51	1.63	0.58
19.52	1.63	0.59
19.53	1.64	0.58
19.54	1.64	0.59
19.55	1.64	0.59
19.56	1.64	0.57
19.57	1.64	0.57
19.58	1.64	0.58
19.59	1.64	0.58
19.60	1.64	0.56
19.61	1.64	0.56
19.62	1.64	0.58
19.63	1.64	0.60
19.64	1.64	0.60
19.65	1.65	0.59
19.66	1.65	0.58
19.67	1.65	0.58
19.68	1.65	0.58
19.69	1.65	0.59
19.70	1.65	0.61
19.71	1.65	0.60
19.72	1.65	0.58
19.73	1.65	0.57
19.74	1.65	0.59
19.75	1.65	0.58
19.76	1.65	0.56
19.77	1.66	0.58
19.78	1.66	0.58
19.79	1.66	0.58
19.80	1.66	0.59
19.81	1.66	0.58
19.82	1.66	0.57
19.83	1.66	0.60
19.84	1.66	0.61
19.85	1.66	0.59
19.86	1.66	0.58
19.87	1.66	0.58
19.88	1.66	0.59
19.89	1.67	0.62
19.90	1.67	0.61
19.91	1.67	0.59
19.92	1.67	0.61
19.93	1.67	0.59
19.94	1.67	0.59
19.95	1.67	0.62
19.96	1.67	0.61
19.97	1.67	0.59
19.98	1.67	0.60
19.99	1.67	0.61
20.00	1.67	0.60
20.01	1.68	0.61
20.02	1.68	0.61
20.03	1.68	0.58
20.04	1.68	0.57
20.05	1.68	0.59
20.06	1.68	0.60
20.07	1.68	0.59
20.08	1.68	0.59
20.09	1.68	0.60
20.10	1.68	0.58
20.11	1.68	0.58
20.12	1.68	0.60
20.13	1.69	0.60
20.14	1.69	0.59
20.15	1.69	0.60
20.16	1.69	0.61
20.17	1.69	0.59
20.18	1.69	0.59
20.19	1.69	0.61
20.20	1.69	0.61
20.21	1.69	0.60
20.22	1.69	0.59
20.23	1.69	0.60
20.24	1.69	0.60
20.25	1.70	0.60
20.26	1.70	0.61
20.27	1.70	0.59
20.28	1.70	0.60
20.29	1.70	0.61
20.30	1.70	0.61
20.31	1.70	0.60
20.32	1.70	0.61
20.33	1.70	0.60
20.34	1.70	0.60
20.35	1.70	0.61
20.36	1.70	0.63
20.37	1.71	0.62
20.38	1.71	0.60
20.39	1.71	0.61
20.40	1.71	0.62
20.41	1.71	0.63
20.42	1.71	0.61
20.43	1.71	0.61
20.44	1.71	0.62
20.45	1.71	0.62
20.46	1.71	0.60
20.47	1.71	0.60
20.48	1.71	0.63
20.49	1.72	0.62
20.50	1.72	0.61
20.51	1.72	0.58
20.52	1.72	0.58
20.53	1.72	0.60
20.54	1.72	0.61
20.55	1.72	0.63
20.56	1.72	0.63
20.57	1.72	0.63
20.58	1.72	0.62
20.59	1.72	0.61
20.60	1.72	0.62
20.61	1.73	0.64
20.62	1.73	0.63
20.63	1.73	0.62
20.64	1.73	0.61
20.65	1.73	0.61
20.66	1.73	0.61
20.67	1.73	0.62
20.68	1.73	0.63
20.69	1.73	0.62
20.70	1.73	0.62
20.71	1.73	0.63
20.72	1.73	0.62
20.73	1.74	0.60
20.74	1.74	0.61
20.75	1.74	0.63
20.76	1.74	0.61
20.77	1.74	0.60
20.78	1.74	0.61
20.79	1.74	0.62
20.80	1.74	0.63
20.81	1.74	0.62
20.82	1.74	0.61
20.83	1.74	0.62
20.84	1.74	0.64
20.85	1.75	0.65
20.86	1.75	0.62
20.87	1.75	0.60
20.88	1.75	0.61
20.89	1.75	0.62
20.90	1.75	0.62
20.91	1.75	0.63
20.92	1.75	0.63
20.93	1.75	0.62
20.94	1.75	0.62
20.95	1.75	0.62
20.96	1.75	0.62
20.97	1.76	0.63
20.98	1.76	0.63
20.99	1.76	0.62
21.00	1.76	0.62
21.01	1.76	0.63
21.02	1.76	0.63
21.03	1.76	0.64
21.04	1.76	0.64
21.05	1.76	0.64
21.06	1.76	0.64
21.07	1.76	0.63
21.08	1.76	0.62
21.09	1.77	0.64
21.10	1.77	0.65
21.11	1.77	0.64
21.12	1.77	0.63
21.13	1.77	0.63
21.14	1.77	0.63
21.15	1.77	0.64
21.16	1.77	0.65
21.17	1.77	0.65
21.18	1.77	0.63
21.19	1.77	0.63
21.20	1.77	0.64
21.21	1.78	0.64
21.22	1.78	0.63
21.23	1.78	0.64
21.24	1.78	0.65
21.25	1.78	0.65
21.26	1.78	0.62
21.27	1.78	0.61
21.28	1.78	0.64
21.29	1.78	0.64
21.30	1.78	0.63
21.31	1.78	0.62
21.32	1.78	0.64
21.33	1.79	0.65
21.34	1.79	0.63
21.35	1.79	0.64
21.36	1.79	0.64
21.37	1.79	0.66
21.38	1.79	0.64
21.39	1.79	0.64
21.40	1.79	0.65
21.41	1.79	0.62
21.42	1.79	0.64
21.43	1.79	0.67
21.44	1.79	0.65
21.45	1.80	0.64
21.46	1.80	0.66
21.47	1.80	0.65
21.48	1.80	0.64
21.49	1.80	0.64
21.50	1.80	0.63
21.51	1.80	0.63
21.52	1.80	0.63
21.53	1.80	0.64
21.54	1.80	0.65
21.55	1.80	0.64
21.56	1.80	0.63
21.57	1.81	0.65
21.58	1.81	0.65
21.59	1.81	0.63
21.60	1.81	0.64
21.61	1.81	0.63
21.62	1.81	0.63
21.63	1.81	0.65
21.64	1.81	0.65
21.65	1.81	0.66
21.66	1.81	0.64
21.67	1.81	0.64
21.68	1.81	0.64
21.69	1.82	0.64
21.70	1.82	0.63
21.71	1.82	0.61
21.72	1.82	0.63
21.73	1.82	0.64
21.74	1.82	0.65
21.75	1.82	0.65
21.76	1.82	0.64
21.77	1.82	0.65
21.78	1.82	0.66
21.79	1.82	0.66
21.80	1.82	0.65
21.81	1.83	0.66
21.82	1.83	0.66
21.83	1.83	0.63
21.84	1.83	0.66
21.85	1.83	0.66
21.86	1.83	0.65
21.87	1.83	0.65
21.88	1.83	0.62
21.89	1.83	0.63
21.90	1.83	0.65
21.91	1.83	0.63
21.92	1.83	0.66
21.93	1.84	0.67
21.94	1.84	0.67
21.95	1.84	0.66
21.96	1.84	0.65
21.97	1.84	0.64
21.98	1.84	0.65
21.99	1.84	0.66
22.00	1.84	0.65
22.01	1.84	0.65
22.02	1.84	0.64
22.03	1.84	0.65
22.04	1.84	0.65
22.05	1.85	0.63
22.06	1.85	0.64
22.07	1.85	0.67
22.08	1.85	0.66
22.09	1.85	0.63
22.10	1.85	0.63
22.11	1.85	0.65
22.12	1.85	0.67
22.13	1.85	0.68
22.14	1.85	0.68
22.15	1.85	0.67
22.16	1.85	0.66
22.17	1.86	0.66
22.18	1.86	0.65
22.19	1.86	0.67
22.20	1.86	0.66
22.21	1.86	0.66
22.22	1.86	0.67
22.23	1.86	0.68
22.24	1.86	0.67
22.25	1.86	0.65
22.26	1.86	0.63
22.27	1.86	0.63
22.28	1.86	0.65
22.29	1.87	0.68
22.30	1.87	0.68
22.31	1.87	0.66
22.32	1.87	0.66
22.33	1.87	0.65
22.34	1.87	0.65
22.35	1.87	0.66
22.36	1.87	0.66
22.37	1.87	0.68
22.38	1.87	0.69
22.39	1.87	0.69
22.40	1.87	0.68
22.41	1.88	0.67
22.42	1.88	0.69
22.43	1.88	0.69
22.44	1.88	0.69
22.45	1.88	0.68
22.46	1.88	0.67
22.47	1.88	0.66
22.48	1.88	0.66
22.49	1.88	0.69
22.50	1.88	0.68
22.51	1.88	0.66
22.52	1.88	0.68
22.53	1.89	0.69
22.54	1.89	0.71
22.55	1.89	0.68
22.56	1.89	0.67
22.57	1.89	0.68
22.58	1.89	0.66
22.59	1.89	0.67
22.60	1.89	0.68
22.61	1.89	0.69
22.62	1.89	0.69
22.63	1.89	0.68
22.64	1.89	0.67
22.65	1.90	0.67
22.66	1.90	0.68
22.67	1.90	0.68
22.68	1.90	0.69
22.69	1.90	0.69
22.70	1.90	0.68
22.71	1.90	0.68
22.72	1.90	0.67
22.73	1.90	0.69
22.74	1.90	0.70
22.75	1.90	0.69
22.76	1.90	0.68
22.77	1.91	0.68
22.78	1.91	0.68
22.79	1.91	0.68
22.80	1.91	0.70
22.81	1.91	0.70
22.82	1.91	0.69
22.83	1.91	0.69
22.84	1.91	0.68
22.85	1.91	0.68
22.86	1.91	0.70
22.87	1.91	0.69
22.88	1.91	0.67
22.89	1.92	0.69
22.90	1.92	0.69
22.91	1.92	0.68
22.92	1.92	0.70
22.93	1.92	0.69
22.94	1.92	0.68
22.95	1.92	0.68
22.96	1.92	0.70
22.97	1.92	0.68
22.98	1.92	0.68
22.99	1.92	0.68
23.00	1.92	0.68
23.01	1.93	0.69
23.02	1.93	0.69
23.03	1.93	0.69
23.04	1.93	0.69
23.05	1.93	0.67
23.06	1.93	0.69
23.07	1.93	0.70
23.08	1.93	0.71
23.09	1.93	0.70
23.10	1.93	0.65
23.11	1.93	0.68
23.12	1.93	0.69
23.13	1.94	0.70
23.14	1.94	0.71
23.15	1.94	0.73
23.16	1.94	0.71
23.17	1.94	0.68
23.18	1.94	0.68
23.19	1.94	0.69
23.20	1.94	0.70
23.21	1.94	0.69
23.22	1.94	0.69
23.23	1.94	0.70
23.24	1.94	0.70
23.25	1.95	0.72
23.26	1.95	0.72
23.27	1.95	0.70
23.28	1.95	0.70
23.29	1.95	0.69
23.30	1.95	0.70
23.31	1.95	0.68
23.32	1.95	0.69
23.33	1.95	0.70
23.34	1.95	0.69
23.35	1.95	0.74
23.36	1.95	0.72
23.37	1.96	0.70
23.38	1.96	0.72
23.39	1.96	0.71
23.40	1.96	0.70
23.41	1.96	0.71
23.42	1.96	0.72
23.43	1.96	0.73
23.44	1.96	0.73
23.45	1.96	0.70
23.46	1.96	0.70
23.47	1.96	0.71
23.48	1.96	0.71
23.49	1.97	0.69
23.50	1.97	0.69
23.51	1.97	0.70
23.52	1.97	0.69
23.53	1.97	0.69
23.54	1.97	0.69
23.55	1.97	0.70
23.56	1.97	0.70
23.57	1.97	0.70
23.58	1.97	0.70
23.59	1.97	0.70
23.60	1.97	0.72
23.61	1.98	0.73
23.62	1.98	0.73
23.63	1.98	0.73
23.64	1.98	0.74
23.65	1.98	0.73
23.66	1.98	0.71
23.67	1.98	0.72
23.68	1.98	0.73
23.69	1.98	0.73
23.70	1.98	0.73
23.71	1.98	0.71
23.72	1.98	0.71
23.73	1.99	0.71
23.74	1.99	0.72
23.75	1.99	0.73
23.76	1.99	0.71
23.77	1.99	0.71
23.78	1.99	0.72
23.79	1.99	0.71
23.80	1.99	0.71
23.81	1.99	0.72
23.82	1.99	0.73
23.83	1.99	0.73
23.84	1.99	0.72
23.85	2.00	0.70
23.86	2.00	0.70
23.87	2.00	0.72
23.88	2.00	0.73
23.89	2.00	0.71
23.90	2.00	0.70
23.91	2.00	0.71
23.92	2.00	0.71
23.93	2.00	0.70
23.94	2.00	0.70
23.95	2.00	0.70
23.96	2.00	0.73
23.97	2.01	0.74
23.98	2.01	0.71
23.99	2.01	0.72
24.00	2.01	0.72
24.01	2.01	0.73
24.02	2.01	0.73
24.03	2.01	0.72
24.04	2.01	0.74
24.05	2.01	0.73
24.06	2.01	0.70
24.07	2.01	0.71
24.08	2.01	0.72
24.09	2.02	0.72
24.10	2.02	0.73
24.11	2.02	0.75
24.12	2.02	0.73
24.13	2.02	0.70
24.14	2.02	0.71
24.15	2.02	0.71
24.16	2.02	0.73
24.17	2.02	0.75
24.18	2.02	0.73
24.19	2.02	0.72
24.20	2.02	0.74
24.21	2.03	0.74
24.22	2.03	0.73
24.23	2.03	0.73
24.24	2.03	0.73
24.25	2.03	0.75
24.26	2.03	0.75
24.27	2.03	0.73
24.28	2.03	0.73
24.29	2.03	0.74
24.30	2.03	0.73
24.31	2.03	0.72
24.32	2.03	0.72
24.33	2.04	0.72
24.34	2.04	0.74
24.35	2.04	0.73
24.36	2.04	0.73
24.37	2.04	0.74
24.38	2.04	0.75
24.39	2.04	0.74
24.40	2.04	0.73
24.41	2.04	0.74
24.42	2.04	0.72
24.43	2.04	0.73
24.44	2.04	0.74
24.45	2.05	0.73
24.46	2.05	0.73
24.47	2.05	0.76
24.48	2.05	0.76
24.49	2.05	0.73
24.50	2.05	0.73
24.51	2.05	0.73
24.52	2.05	0.73
24.53	2.05	0.75
24.54	2.05	0.75
24.55	2.05	0.75
24.56	2.05	0.76
24.57	2.06	0.76
24.58	2.06	0.74
24.59	2.06	0.74
24.60	2.06	0.75
24.61	2.06	0.74
24.62	2.06	0.74
24.63	2.06	0.75
24.64	2.06	0.73
24.65	2.06	0.73
24.66	2.06	0.74
24.67	2.06	0.73
24.68	2.06	0.74
24.69	2.07	0.72
24.70	2.07	0.72
24.71	2.07	0.76
24.72	2.07	0.76
24.73	2.07	0.77
24.74	2.07	0.76
24.75	2.07	0.74
24.76	2.07	0.74
24.77	2.07	0.73
24.78	2.07	0.75
24.79	2.07	0.77
24.80	2.07	0.76
24.81	2.08	0.76
24.82	2.08	0.76
24.83	2.08	0.76
24.84	2.08	0.76
24.85	2.08	0.76
24.86	2.08	0.76
24.87	2.08	0.75
24.88	2.08	0.73
24.89	2.08	0.76
24.90	2.08	0.77
24.91	2.08	0.77
24.92	2.08	0.78
24.93	2.09	0.77
24.94	2.09	0.75
24.95	2.09	0.75
24.96	2.09	0.76
24.97	2.09	0.76
24.98	2.09	0.76
24.99	2.09	0.76
25.00	2.09	0.77
25.01	2.09	0.77
25.02	2.09	0.77
25.03	2.09	0.76
25.04	2.09	0.75
25.05	2.10	0.76
25.06	2.10	0.78
25.07	2.10	0.75
25.08	2.10	0.76
25.09	2.10	0.77
25.10	2.10	0.75
25.11	2.10	0.75
25.12	2.10	0.74
25.13	2.10	0.76
25.14	2.10	0.77
25.15	2.10	0.74
25.16	2.10	0.76
25.17	2.11	0.77
25.18	2.11	0.75
25.19	2.11	0.75
25.20	2.11	0.76
25.21	2.11	0.76
25.22	2.11	0.77
25.23	2.11	0.78
25.24	2.11	0.77
25.25	2.11	0.78
25.26	2.11	0.77
25.27	2.11	0.75
25.28	2.11	0.77
25.29	2.12	0.77
25.30	2.12	0.78
25.31	2.12	0.79
25.32	2.12	0.79
25.33	2.12	0.78
25.34	2.12	0.78
25.35	2.12	0.78
25.36	2.12	0.77
25.37	2.12	0.76
25.38	2.12	0.76
25.39	2.12	0.76
25.40	2.12	0.77
25.41	2.13	0.77
25.42	2.13	0.78
25.43	2.13	0.80
25.44	2.13	0.78
25.45	2.13	0.78
25.46	2.13	0.79
25.47	2.13	0.77
25.48	2.13	0.77
25.49	2.13	0.78
25.50	2.13	0.79
25.51	2.13	0.77
25.52	2.13	0.77
25.53	2.14	0.77
25.54	2.14	0.77
25.55	2.14	0.78
25.56	2.14	0.79
25.57	2.14	0.78
25.58	2.14	0.77
25.59	2.14	0.80
25.60	2.14	0.80
25.61	2.14	0.78
25.62	2.14	0.77
25.63	2.14	0.78
25.64	2.14	0.79
25.65	2.15	0.78
25.66	2.15	0.79
25.67	2.15	0.78
25.68	2.15	0.76
25.69	2.15	0.76
25.70	2.15	0.78
25.71	2.15	0.78
25.72	2.15	0.79
25.73	2.15	0.79
25.74	2.15	0.79
25.75	2.15	0.81
25.76	2.15	0.81
25.77	2.16	0.79
25.78	2.16	0.79
25.79	2.16	0.79
25.80	2.16	0.80
25.81	2.16	0.82
25.82	2.16	0.80
25.83	2.16	0.82
25.84	2.16	0.81
25.85	2.16	0.80
25.86	2.16	0.80
25.87	2.16	0.81
25.88	2.16	0.81
25.89	2.17	0.80
25.90	2.17	0.81
25.91	2.17	0.81
25.92	2.17	0.80
25.93	2.17	0.80
25.94	2.17	0.78
25.95	2.17	0.79
25.96	2.17	0.81
25.97	2.17	0.81
25.98	2.17	0.80
25.99	2.17	0.79
26.00	2.17	0.80
26.01	2.18	0.79
26.02	2.18	0.81
26.03	2.18	0.83
26.04	2.18	0.82
26.05	2.18	0.83
26.06	2.18	0.82
26.07	2.18	0.80
26.08	2.18	0.81
26.09	2.18	0.82
26.10	2.18	0.82
26.11	2.18	0.79
26.12	2.18	0.79
26.13	2.19	0.77
26.14	2.19	0.78
26.15	2.19	0.81
26.16	2.19	0.82
26.17	2.19	0.80
26.18	2.19	0.79
26.19	2.19	0.80
26.20	2.19	0.81
26.21	2.19	0.81
26.22	2.19	0.80
26.23	2.19	0.79
26.24	2.19	0.79
26.25	2.20	0.80
26.26	2.20	0.81
26.27	2.20	0.82
26.28	2.20	0.83
26.29	2.20	0.81
26.30	2.20	0.80
26.31	2.20	0.81
26.32	2.20	0.82
26.33	2.20	0.82
26.34	2.20	0.80
26.35	2.20	0.82
26.36	2.20	0.83
26.37	2.21	0.81
26.38	2.21	0.80
26.39	2.21	0.81
26.40	2.21	0.82
26.41	2.21	0.82
26.42	2.21	0.82
26.43	2.21	0.84
26.44	2.21	0.84
26.45	2.21	0.82
26.46	2.21	0.80
26.47	2.21	0.81
26.48	2.21	0.80
26.49	2.22	0.79
26.50	2.22	0.81
26.51	2.22	0.83
26.52	2.22	0.82
26.53	2.22	0.80
26.54	2.22	0.80
26.55	2.22	0.83
26.56	2.22	0.83
26.57	2.22	0.81
26.58	2.22	0.81
26.59	2.22	0.82
26.60	2.22	0.83
26.61	2.23	0.82
26.62	2.23	0.80
26.63	2.23	0.79
26.64	2.23	0.81
26.65	2.23	0.82
26.66	2.23	0.81
26.67	2.23	0.81
26.68	2.23	0.81
26.69	2.23	0.81
26.70	2.23	0.82
26.71	2.23	0.84
26.72	2.23	0.83
26.73	2.24	0.82
26.74	2.24	0.82
26.75	2.24	0.81
26.76	2.24	0.82
26.77	2.24	0.82
26.78	2.24	0.81
26.79	2.24	0.81
26.80	2.24	0.81
26.81	2.24	0.83
26.82	2.24	0.85
26.83	2.24	0.85
26.84	2.24	0.85
26.85	2.25	0.85
26.86	2.25	0.85
26.87	2.25	0.83
26.88	2.25	0.83
26.89	2.25	0.83
26.90	2.25	0.83
26.91	2.25	0.83
26.92	2.25	0.82
26.93	2.25	0.82
26.94	2.25	0.86
26.95	2.25	0.87
26.96	2.25	0.84
26.97	2.26	0.83
26.98	2.26	0.83
26.99	2.26	0.84
27.00	2.26	0.83
27.01	2.26	0.83
27.02	2.26	0.86
27.03	2.26	0.86
27.04	2.26	0.83
27.05	2.26	0.83
27.06	2.26	0.84
27.07	2.26	0.86
27.08	2.26	0.84
27.09	2.27	0.84
27.10	2.27	0.86
27.11	2.27	0.84
27.12	2.27	0.85
27.13	2.27	0.86
27.14	2.27	0.84
27.15	2.27	0.82
27.16	2.27	0.82
27.17	2.27	0.82
27.18	2.27	0.84
27.19	2.27	0.85
27.20	2.27	0.85
27.21	2.28	0.83
27.22	2.28	0.84
27.23	2.28	0.84
27.24	2.28	0.83
27.25	2.28	0.84
27.26	2.28	0.84
27.27	2.28	0.83
27.28	2.28	0.84
27.29	2.28	0.86
27.30	2.28	0.84
27.31	2.28	0.85
27.32	2.28	0.87
27.33	2.29	0.86
27.34	2.29	0.85
27.35	2.29	0.87
27.36	2.29	0.86
27.37	2.29	0.84
27.38	2.29	0.84
27.39	2.29	0.84
27.40	2.29	0.84
27.41	2.29	0.85
27.42	2.29	0.84
27.43	2.29	0.85
27.44	2.29	0.85
27.45	2.30	0.84
27.46	2.30	0.85
27.47	2.30	0.84
27.48	2.30	0.85
27.49	2.30	0.84
27.50	2.30	0.86
27.51	2.30	0.87
27.52	2.30	0.85
27.53	2.30	0.85
27.54	2.30	0.87
27.55	2.30	0.86
27.56	2.30	0.85
27.57	2.31	0.85
27.58	2.31	0.88
27.59	2.31	0.88
27.60	2.31	0.87
27.61	2.31	0.89
27.62	2.31	0.87
27.63	2.31	0.84
27.64	2.31	0.84
27.65	2.31	0.84
27.66	2.31	0.86
27.67	2.31	0.87
27.68	2.31	0.87
27.69	2.32	0.88
27.70	2.32	0.88
27.71	2.32	0.86
27.72	2.32	0.85
27.73	2.32	0.86
27.74	2.32	0.86
27.75	2.32	0.85
27.76	2.32	0.88
27.77	2.32	0.85
27.78	2.32	0.85
27.79	2.32	0.86
27.80	2.32	0.85
27.81	2.33	0.84
27.82	2.33	0.84
27.83	2.33	0.86
27.84	2.33	0.86
27.85	2.33	0.86
27.86	2.33	0.88
27.87	2.33	0.89
27.88	2.33	0.88
27.89	2.33	0.84
27.90	2.33	0.87
27.91	2.33	0.89
27.92	2.33	0.85
27.93	2.34	0.86
27.94	2.34	0.88
27.95	2.34	0.88
27.96	2.34	0.88
27.97	2.34	0.88
27.98	2.34	0.89
27.99	2.34	0.89
28.00	2.34	0.87
28.01	2.34	0.89
28.02	2.34	0.87
28.03	2.34	0.86
28.04	2.34	0.88
28.05	2.35	0.88
28.06	2.35	0.87
28.07	2.35	0.87
28.08	2.35	0.88
28.09	2.35	0.88
28.10	2.35	0.88
28.11	2.35	0.90
28.12	2.35	0.89
28.13	2.35	0.87
28.14	2.35	0.90
28.15	2.35	0.89
28.16	2.35	0.87
28.17	2.36	0.89
28.18	2.36	0.90
28.19	2.36	0.91
28.20	2.36	0.90
28.21	2.36	0.89
28.22	2.36	0.89
28.23	2.36	0.88
28.24	2.36	0.90
28.25	2.36	0.89
28.26	2.36	0.88
28.27	2.36	0.89
28.28	2.36	0.88
28.29	2.37	0.89
28.30	2.37	0.89
28.31	2.37	0.88
28.32	2.37	0.87
28.33	2.37	0.86
28.34	2.37	0.87
28.35	2.37	0.88
28.36	2.37	0.87
28.37	2.37	0.87
28.38	2.37	0.87
28.39	2.37	0.88
28.40	2.37	0.90
28.41	2.38	0.87
28.42	2.38	0.86
28.43	2.38	0.88
28.44	2.38	0.89
28.45	2.38	0.87
28.46	2.38	0.85
28.47	2.38	0.87
28.48	2.38	0.87
28.49	2.38	0.87
28.50	2.38	0.86
28.51	2.38	0.88
28.52	2.38	0.90
28.53	2.39	0.89
28.54	2.39	0.88
28.55	2.39	0.87
28.56	2.39	0.86
28.57	2.39	0.87
28.58	2.39	0.90
28.59	2.39	0.88
28.60	2.39	0.86
28.61	2.39	0.87
28.62	2.39	0.89
28.63	2.39	0.90
28.64	2.39	0.89
28.65	2.40	0.88
28.66	2.40	0.88
28.67	2.40	0.89
28.68	2.40	0.89
28.69	2.40	0.88
28.70	2.40	0.89
28.71	2.40	0.89
28.72	2.40	0.88
28.73	2.40	0.88
28.74	2.40	0.88
28.75	2.40	0.88
28.76	2.40	0.88
28.77	2.41	0.89
28.78	2.41	0.89
28.79	2.41	0.88
28.80	2.41	0.88
28.81	2.41	0.88
28.82	2.41	0.88
28.83	2.41	0.88
28.84	2.41	0.88
28.85	2.41	0.88
28.86	2.41	0.89
28.87	2.41	0.89
28.88	2.41	0.90
28.89	2.42	0.91
28.90	2.42	0.88
28.91	2.42	0.86
28.92	2.42	0.90
28.93	2.42	0.90
28.94	2.42	0.88
28.95	2.42	0.91
28.96	2.42	0.90
28.97	2.42	0.88
28.98	2.42	0.88
28.99	2.42	0.88
29.00	2.42	0.90
29.01	2.43	0.90
29.02	2.43	0.91
29.03	2.43	0.92
29.04	2.43	0.90
29.05	2.43	0.88
29.06	2.43	0.88
29.07	2.43	0.89
29.08	2.43	0.89
29.09	2.43	0.88
29.10	2.43	0.88
29.11	2.43	0.91
29.12	2.43	0.92
29.13	2.44	0.90
29.14	2.44	0.88
29.15	2.44	0.89
29.16	2.44	0.89
29.17	2.44	0.88
29.18	2.44	0.87
29.19	2.44	0.89
29.20	2.44	0.90
29.21	2.44	0.92
29.22	2.44	0.91
29.23	2.44	0.90
29.24	2.44	0.91
29.25	2.45	0.90
29.26	2.45	0.90
29.27	2.45	0.89
29.28	2.45	0.89
29.29	2.45	0.91
29.30	2.45	0.92
29.31	2.45	0.90
29.32	2.45	0.90
29.33	2.45	0.91
29.34	2.45	0.91
29.35	2.45	0.90
29.36	2.45	0.89
29.37	2.46	0.90
29.38	2.46	0.91
29.39	2.46	0.90
29.40	2.46	0.91
29.41	2.46	0.92
29.42	2.46	0.93
29.43	2.46	0.92
29.44	2.46	0.90
29.45	2.46	0.91
29.46	2.46	0.93
29.47	2.46	0.93
29.48	2.46	0.93
29.49	2.47	0.92
29.50	2.47	0.91
29.51	2.47	0.91
29.52	2.47	0.91
29.53	2.47	0.92
29.54	2.47	0.93
29.55	2.47	0.92
29.56	2.47	0.92
29.57	2.47	0.93
29.58	2.47	0.90
29.59	2.47	0.92
29.60	2.47	0.94
29.61	2.48	0.92
29.62	2.48	0.94
29.63	2.48	0.93
29.64	2.48	0.93
29.65	2.48	0.93
29.66	2.48	0.93
29.67	2.48	0.93
29.68	2.48	0.93
29.69	2.48	0.94
29.70	2.48	0.93
29.71	2.48	0.94
29.72	2.48	0.94
29.73	2.49	0.91
29.74	2.49	0.90
29.75	2.49	0.92
29.76	2.49	0.91
29.77	2.49	0.92
29.78	2.49	0.94
29.79	2.49	0.91
29.80	2.49	0.92
29.81	2.49	0.93
29.82	2.49	0.93
29.83	2.49	0.92
29.84	2.49	0.94
29.85	2.50	0.94
29.86	2.50	0.93
29.87	2.50	0.92
29.88	2.50	0.91
29.89	2.50	0.92
29.90	2.50	0.91
29.91	2.50	0.91
29.92	2.50	0.93
29.93	2.50	0.93
29.94	2.50	0.93
29.95	2.50	0.94
29.96	2.50	0.94
29.97	2.51	0.95
29.98	2.51	0.95
29.99	2.51	0.94
30.00	2.51	0.93
30.01	2.51	0.92
30.02	2.51	0.94
30.03	2.51	0.93
30.04	2.51	0.93
30.05	2.51	0.94
30.06	2.51	0.95
30.07	2.51	0.94
30.08	2.51	0.94
30.09	2.52	0.96
30.10	2.52	0.95
30.11	2.52	0.96
30.12	2.52	0.95
30.13	2.52	0.95
30.14	2.52	0.95
30.15	2.52	0.96
30.16	2.52	0.95
30.17	2.52	0.94
30.18	2.52	0.95
30.19	2.52	0.96
30.20	2.52	0.94
30.21	2.53	0.92
30.22	2.53	0.94
30.23	2.53	0.95
30.24	2.53	0.95
30.25	2.53	0.95
30.26	2.53	0.93
30.27	2.53	0.91
30.28	2.53	0.94
30.29	2.53	0.97
30.30	2.53	0.94
30.31	2.53	0.93
30.32	2.53	0.94
30.33	2.54	0.94
30.34	2.54	0.94
30.35	2.54	0.96
30.36	2.54	0.97
30.37	2.54	0.96
30.38	2.54	0.96
30.39	2.54	0.95
30.40	2.54	0.94
30.41	2.54	0.95
30.42	2.54	0.95
30.43	2.54	0.95
30.44	2.54	0.95
30.45	2.55	0.95
30.46	2.55	0.96
30.47	2.55	0.96
30.48	2.55	0.96
30.49	2.55	0.95
30.50	2.55	0.93
30.51	2.55	0.95
30.52	2.55	0.95
30.53	2.55	0.93
30.54	2.55	0.95
30.55	2.55	0.95
30.56	2.55	0.94
30.57	2.56	0.93
30.58	2.56	0.93
30.59	2.56	0.93
30.60	2.56	0.96
30.61	2.56	0.98
30.62	2.56	0.95
30.63	2.56	0.94
30.64	2.56	0.95
30.65	2.56	0.96
30.66	2.56	0.95
30.67	2.56	0.96
30.68	2.56	0.95
30.69	2.57	0.96
30.70	2.57	0.98
30.71	2.57	0.95
30.72	2.57	0.95
30.73	2.57	0.94
30.74	2.57	0.95
30.75	2.57	0.97
30.76	2.57	0.96
30.77	2.57	0.97
30.78	2.57	0.97
30.79	2.57	0.97
30.80	2.57	0.97
30.81	2.58	0.99
30.82	2.58	0.99
30.83	2.58	0.98
30.84	2.58	0.99
30.85	2.58	0.99
30.86	2.58	0.97
30.87	2.58	0.97
30.88	2.58	0.97
30.89	2.58	0.97
30.90	2.58	0.98
30.91	2.58	0.96
30.92	2.58	0.97
30.93	2.59	0.98
30.94	2.59	0.96
30.95	2.59	0.98
30.96	2.59	0.99
30.97	2.59	0.95
30.98	2.59	0.95
30.99	2.59	0.98
31.00	2.59	0.97
31.01	2.59	0.96
31.02	2.59	0.98
31.03	2.59	0.99
31.04	2.59	0.98
31.05	2.60	0.97
31.06	2.60	0.97
31.07	2.60	0.99
31.08	2.60	0.99
31.09	2.60	0.97
31.10	2.60	0.96
31.11	2.60	0.98
31.12	2.60	0.99
31.13	2.60	0.99
31.14	2.60	1.00
31.15	2.60	0.99
31.16	2.60	0.99
31.17	2.61	0.99
31.18	2.61	0.98
31.19	2.61	0.98
31.20	2.61	0.98
31.21	2.61	0.98
31.22	2.61	0.97
31.23	2.61	0.98
31.24	2.61	1.01
31.25	2.61	1.01
31.26	2.61	0.98
31.27	2.61	1.00
31.28	2.61	1.02
31.29	2.62	1.00
31.30	2.62	1.00
31.31	2.62	0.99
31.32	2.62	1.01
31.33	2.62	1.01
31.34	2.62	1.00
31.35	2.62	1.00
31.36	2.62	0.99
31.37	2.62	1.00
31.38	2.62	0.99
31.39	2.62	0.94
31.40	2.62	0.96
31.41	2.63	0.99
31.42	2.63	0.99
31.43	2.63	1.00
31.44	2.63	1.01
31.45	2.63	1.01
31.46	2.63	1.00
31.47	2.63	1.00
31.48	2.63	1.01
31.49	2.63	1.01
31.50	2.63	1.00
31.51	2.63	1.02
31.52	2.63	1.01
31.53	2.64	0.99
31.54	2.64	1.00
31.55	2.64	1.01
31.56	2.64	1.03
31.57	2.64	1.01
31.58	2.64	0.99
31.59	2.64	0.99
31.60	2.64	0.98
31.61	2.64	1.02
31.62	2.64	1.02
31.63	2.64	1.01
31.64	2.64	1.00
31.65	2.65	1.00
31.66	2.65	1.02
31.67	2.65	1.00
31.68	2.65	1.00
31.69	2.65	1.03
31.70	2.65	1.01
31.71	2.65	1.00
31.72	2.65	1.00
31.73	2.65	1.00
31.74	2.65	1.02
31.75	2.65	1.01
31.76	2.65	1.01
31.77	2.66	1.03
31.78	2.66	1.05
31.79	2.66	1.04
31.80	2.66	1.02
31.81	2.66	1.01
31.82	2.66	1.00
31.83	2.66	1.00
31.84	2.66	1.00
31.85	2.66	1.01
31.86	2.66	1.03
31.87	2.66	1.01
31.88	2.66	1.00
31.89	2.67	1.01
31.90	2.67	1.02
31.91	2.67	1.02
31.92	2.67	1.02
31.93	2.67	1.01
31.94	2.67	1.02
31.95	2.67	1.02
31.96	2.67	1.02
31.97	2.67	1.03
31.98	2.67	1.04
31.99	2.67	1.02
32.00	2.67	1.01
32.01	2.68	1.02
32.02	2.68	1.04
32.03	2.68	1.04
32.04	2.68	1.02
32.05	2.68	1.02
32.06	2.68	1.02
32.07	2.68	1.01
32.08	2.68	1.02
32.09	2.68	1.03
32.10	2.68	1.01
32.11	2.68	1.01
32.12	2.68	1.00
32.13	2.69	1.00
32.14	2.69	1.03
32.15	2.69	1.03
32.16	2.69	1.02
32.17	2.69	1.03
32.18	2.69	1.05
32.19	2.69	1.04
32.20	2.69	1.04
32.21	2.69	1.03
32.22	2.69	1.02
32.23	2.69	1.04
32.24	2.69	1.03
32.25	2.70	1.02
32.26	2.70	1.03
32.27	2.70	1.02
32.28	2.70	1.03
32.29	2.70	1.05
32.30	2.70	1.04
32.31	2.70	1.04
32.32	2.70	1.03
32.33	2.70	1.03
32.34	2.70	1.02
32.35	2.70	1.02
32.36	2.70	1.01
32.37	2.71	1.01
32.38	2.71	1.01
32.39	2.71	1.01
32.40	2.71	1.02
32.41	2.71	1.00
32.42	2.71	1.00
32.43	2.71	1.04
32.44	2.71	1.04
32.45	2.71	1.00
32.46	2.71	1.02
32.47	2.71	1.02
32.48	2.71	1.02
32.49	2.72	1.01
32.50	2.72	0.98
32.51	2.72	0.99
32.52	2.72	1.01
32.53	2.72	1.03
32.54	2.72	1.04
32.55	2.72	1.03
32.56	2.72	1.02
32.57	2.72	1.03
32.58	2.72	1.02
32.59	2.72	1.02
32.60	2.72	1.04
32.61	2.73	1.04
32.62	2.73	1.02
32.63	2.73	1.02
32.64	2.73	1.04
32.65	2.73	1.03
32.66	2.73	1.01
32.67	2.73	1.02
32.68	2.73	1.02
32.69	2.73	1.00
32.70	2.73	1.00
32.71	2.73	1.02
32.72	2.73	1.03
32.73	2.74	1.01
32.74	2.74	1.02
32.75	2.74	1.04
32.76	2.74	1.03
32.77	2.74	1.03
32.78	2.74	1.03
32.79	2.74	1.04
32.80	2.74	1.03
32.81	2.74	1.02
32.82	2.74	1.02
32.83	2.74	1.02
32.84	2.74	1.02
32.85	2.75	1.03
32.86	2.75	1.02
32.87	2.75	1.03
32.88	2.75	1.05
32.89	2.75	1.04
32.90	2.75	1.05
32.91	2.75	1.04
32.92	2.75	1.03
32.93	2.75	1.02
32.94	2.75	1.02
32.95	2.75	1.02
32.96	2.75	1.04
32.97	2.76	1.05
32.98	2.76	1.05
32.99	2.76	1.05
33.00	2.76	1.04
33.01	2.76	1.05
33.02	2.76	1.06
33.03	2.76	1.04
33.04	2.76	1.02
33.05	2.76	1.04
33.06	2.76	1.04
33.07	2.76	1.05
33.08	2.76	1.07
33.09	2.77	1.07
33.10	2.77	1.05
33.11	2.77	1.04
33.12	2.77	1.05
33.13	2.77	1.08
33.14	2.77	1.08
33.15	2.77	1.05
33.16	2.77	1.06
33.17	2.77	1.07
33.18	2.77	1.06
33.19	2.77	1.06
33.20	2.77	1.05
33.21	2.78	1.07
33.22	2.78	1.07
33.23	2.78	1.05
33.24	2.78	1.04
33.25	2.78	1.05
33.26	2.78	1.04
33.27	2.78	1.03
33.28	2.78	1.05
33.29	2.78	1.05
33.30	2.78	1.06
33.31	2.78	1.05
33.32	2.78	1.05
33.33	2.79	1.06
33.34	2.79	1.04
33.35	2.79	1.04
33.36	2.79	1.07
33.37	2.79	1.07
33.38	2.79	1.06
33.39	2.79	1.05
33.40	2.79	1.06
33.41	2.79	1.07
33.42	2.79	1.06
33.43	2.79	1.06
33.44	2.79	1.06
33.45	2.80	1.06
33.46	2.80	1.07
33.47	2.80	1.07
33.48	2.80	1.07
33.49	2.80	1.07
33.50	2.80	1.06
33.51	2.80	1.06
33.52	2.80	1.05
33.53	2.80	1.04
33.54	2.80	1.08
33.55	2.80	1.07
33.56	2.80	1.04
33.57	2.81	1.04
33.58	2.81	1.03
33.59	2.81	1.05
33.60	2.81	1.07
33.61	2.81	1.06
33.62	2.81	1.06
33.63	2.81	1.06
33.64	2.81	1.05
33.65	2.81	1.07
33.66	2.81	1.08
33.67	2.81	1.05
33.68	2.81	1.07
33.69	2.82	1.06
33.70	2.82	1.05
33.71	2.82	1.05
33.72	2.82	1.08
33.73	2.82	1.09
33.74	2.82	1.08
33.75	2.82	1.08
33.76	2.82	1.07
33.77	2.82	1.07
33.78	2.82	1.07
33.79	2.82	1.10
33.80	2.82	1.08
33.81	2.83	1.05
33.82	2.83	1.07
33.83	2.83	1.08
33.84	2.83	1.05
33.85	2.83	1.06
33.86	2.83	1.07
33.87	2.83	1.07
33.88	2.83	1.06
33.89	2.83	1.05
33.90	2.83	1.08
33.91	2.83	1.09
33.92	2.83	1.07
33.93	2.84	1.06
33.94	2.84	1.06
33.95	2.84	1.07
33.96	2.84	1.10
33.97	2.84	1.09
33.98	2.84	1.05
33.99	2.84	1.06
34.00	2.84	1.08
34.01	2.84	1.09
34.02	2.84	1.09
34.03	2.84	1.08
34.04	2.84	1.07
34.05	2.85	1.08
34.06	2.85	1.09
34.07	2.85	1.09
34.08	2.85	1.07
34.09	2.85	1.07
34.10	2.85	1.07
34.11	2.85	1.07
34.12	2.85	1.09
34.13	2.85	1.06
34.14	2.85	1.05
34.15	2.85	1.08
34.16	2.85	1.08
34.17	2.86	1.08
34.18	2.86	1.08
34.19	2.86	1.09
34.20	2.86	1.09
34.21	2.86	1.10
34.22	2.86	1.10
34.23	2.86	1.08
34.24	2.86	1.08
34.25	2.86	1.09
34.26	2.86	1.10
34.27	2.86	1.09
34.28	2.86	1.10
34.29	2.87	1.11
34.30	2.87	1.11
34.31	2.87	1.12
34.32	2.87	1.10
34.33	2.87	1.10
34.34	2.87	1.10
34.35	2.87	1.08
34.36	2.87	1.09
34.37	2.87	1.09
34.38	2.87	1.08
34.39	2.87	1.08
34.40	2.87	1.09
34.41	2.88	1.08
34.42	2.88	1.09
34.43	2.88	1.12
34.44	2.88	1.10
34.45	2.88	1.08
34.46	2.88	1.09
34.47	2.88	1.09
34.48	2.88	1.10
34.49	2.88	1.11
34.50	2.88	1.10
34.51	2.88	1.10
34.52	2.88	1.11
34.53	2.89	1.10
34.54	2.89	1.10
34.55	2.89	1.10
34.56	2.89	1.09
34.57	2.89	1.08
34.58	2.89	1.09
34.59	2.89	1.10
34.60	2.89	1.10
34.61	2.89	1.12
34.62	2.89	1.11
34.63	2.89	1.11
34.64	2.89	1.11
34.65	2.90	1.11
34.66	2.90	1.12
34.67	2.90	1.11
34.68	2.90	1.09
34.69	2.90	1.10
34.70	2.90	1.12
34.71	2.90	1.09
34.72	2.90	1.10
34.73	2.90	1.12
34.74	2.90	1.12
34.75	2.90	1.12
34.76	2.90	1.13
34.77	2.91	1.13
34.78	2.91	1.12
34.79	2.91	1.11
34.80	2.91	1.10
34.81	2.91	1.11
34.82	2.91	1.11
34.83	2.91	1.12
34.84	2.91	1.13
34.85	2.91	1.11
34.86	2.91	1.11
34.87	2.91	1.12
34.88	2.91	1.11
34.89	2.92	1.11
34.90	2.92	1.11
34.91	2.92	1.11
34.92	2.92	1.11
34.93	2.92	1.12
34.94	2.92	1.12
34.95	2.92	1.14
34.96	2.92	1.13
34.97	2.92	1.11
34.98	2.92	1.12
34.99	2.92	1.11
35.00	2.92	1.11
35.01	2.93	1.08
35.02	2.93	1.08
35.03	2.93	1.09
35.04	2.93	1.09
35.05	2.93	1.12
35.06	2.93	1.12
35.07	2.93	1.12
35.08	2.93	1.13
35.09	2.93	1.15
35.10	2.93	1.12
35.11	2.93	1.11
35.12	2.93	1.11
35.13	2.94	1.12
35.14	2.94	1.14
35.15	2.94	1.12
35.16	2.94	1.11
35.17	2.94	1.11
35.18	2.94	1.12
35.19	2.94	1.12
35.20	2.94	1.11
35.21	2.94	1.11
35.22	2.94	1.12
35.23	2.94	1.12
35.24	2.94	1.13
35.25	2.95	1.14
35.26	2.95	1.12
35.27	2.95	1.11
35.28	2.95	1.13
35.29	2.95	1.15
35.30	2.95	1.13
35.31	2.95	1.12
35.32	2.95	1.12
35.33	2.95	1.11
35.34	2.95	1.14
35.35	2.95	1.14
35.36	2.95	1.12
35.37	2.96	1.12
35.38	2.96	1.13
35.39	2.96	1.14
35.40	2.96	1.14
35.41	2.96	1.15
35.42	2.96	1.13
35.43	2.96	1.13
35.44	2.96	1.14
35.45	2.96	1.13
35.46	2.96	1.12
35.47	2.96	1.13
35.48	2.96	1.15
35.49	2.97	1.15
35.50	2.97	1.12
35.51	2.97	1.11
35.52	2.97	1.12
35.53	2.97	1.13
35.54	2.97	1.13
35.55	2.97	1.15
35.56	2.97	1.16
35.57	2.97	1.15
35.58	2.97	1.15
35.59	2.97	1.14
35.60	2.97	1.14
35.61	2.98	1.15
35.62	2.98	1.14
35.63	2.98	1.13
35.64	2.98	1.11
35.65	2.98	1.11
35.66	2.98	1.13
35.67	2.98	1.03
35.68	2.98	0.46
35.69	2.98	0.00
35.70	2.98	0.00
35.71	2.98	0.00
35.72	2.98	-0.00
35.73	2.99	-0.01
35.74	2.99	-0.00
35.75	2.99	-0.00
35.76	2.99	0.00
35.77	2.99	0.00
35.78	2.99	0.01
35.79	2.99	0.02
35.80	2.99	0.00
35.81	2.99	0.00
35.82	2.99	0.01
35.83	2.99	0.01
35.84	2.99	0.02
35.85	3.00	0.01
35.86	3.00	0.01
35.87	3.00	0.01
35.88	3.00	-0.02
35.89	3.00	-0.01
35.90	3.00	-0.01
35.91	3.00	0.02
35.92	3.00	0.02
35.93	3.00	0.02
35.94	3.00	0.02
35.95	3.00	-0.01
35.96	3.00	-0.01
35.97	3.01	0.01
35.98	3.01	0.01
35.99	3.01	-0.01
36.00	3.01	-0.00
36.01	3.01	-0.00
36.02	3.01	0.01
36.03	3.01	0.02
36.04	3.01	-0.00
36.05	3.01	-0.00
36.06	3.01	0.00
36.07	3.01	-0.02
36.08	3.01	-0.00
36.09	3.02	0.02
36.10	3.02	0.00
36.11	3.02	-0.01
36.12	3.02	-0.00
36.13	3.02	0.01
36.14	3.02	0.01
36.15	3.02	-0.01
36.16	3.02	-0.03
36.17	3.02	-0.04
36.18	3.02	-0.03
36.19	3.02	-0.02
36.20	3.02	-0.00
36.21	3.03	0.00
36.22	3.03	-0.01
36.23	3.03	-0.01
36.24	3.03	0.01
36.25	3.03	0.02
36.26	3.03	0.00
36.27	3.03	-0.02
36.28	3.03	0.01
36.29	3.03	0.01
36.30	3.03	-0.01
36.31	3.03	-0.00
36.32	3.03	-0.01
36.33	3.04	-0.02
36.34	3.04	-0.02
36.35	3.04	-0.02
36.36	3.04	-0.00
36.37	3.04	-0.00
36.38	3.04	-0.00
36.39	3.04	0.00
36.40	3.04	0.00
36.41	3.04	-0.02
36.42	3.04	-0.02
36.43	3.04	-0.00
36.44	3.04	-0.00
36.45	3.05	0.01
36.46	3.05	-0.00
36.47	3.05	-0.02
36.48	3.05	-0.02
36.49	3.05	0.00
36.50	3.05	-0.01
36.51	3.05	-0.03
36.52	3.05	-0.01
36.53	3.05	-0.01
36.54	3.05	-0.00
36.55	3.05	-0.01
36.56	3.05	-0.02
36.57	3.06	0.00
36.58	3.06	-0.01
36.59	3.06	-0.02
36.60	3.06	0.00
36.61	3.06	0.01
36.62	3.06	-0.01
36.63	3.06	0.01
36.64	3.06	0.01
36.65	3.06	-0.01
36.66	3.06	-0.01
36.67	3.06	-0.01
36.68	3.06	-0.01
36.69	3.07	-0.01
36.70	3.07	0.01
36.71	3.07	0.01
36.72	3.07	-0.01
36.73	3.07	-0.04
36.74	3.07	-0.01
36.75	3.07	0.02
36.76	3.07	-0.00
36.77	3.07	-0.02
36.78	3.07	-0.01
36.79	3.07	-0.02
36.80	3.07	-0.03
36.81	3.08	-0.01
36.82	3.08	-0.00
36.83	3.08	-0.01
36.84	3.08	-0.01
36.85	3.08	0.01
36.86	3.08	0.00
36.87	3.08	-0.01
36.88	3.08	0.00
36.89	3.08	-0.00
36.90	3.08	0.01
36.91	3.08	0.01
36.92	3.08	0.02
36.93	3.09	0.01
36.94	3.09	-0.00
36.95	3.09	0.01
36.96	3.09	0.01
36.97	3.09	0.02
36.98	3.09	0.01
36.99	3.09	0.00
37.00	3.09	0.00
37.01	3.09	-0.03
37.02	3.09	-0.03
37.03	3.09	0.01
37.04	3.09	0.00
37.05	3.10	-0.01
37.06	3.10	-0.01
37.07	3.10	-0.01
37.08	3.10	0.01
37.09	3.10	0.01
37.10	3.10	0.01
37.11	3.10	0.02
37.12	3.10	0.02
37.13	3.10	0.02
37.14	3.10	0.02
37.15	3.10	0.01
37.16	3.10	-0.01
37.17	3.11	-0.01
37.18	3.11	-0.00
37.19	3.11	-0.01
37.20	3.11	-0.01
37.21	3.11	-0.02
37.22	3.11	-0.00
37.23	3.11	0.03
37.24	3.11	-0.01
37.25	3.11	-0.02
37.26	3.11	-0.00
37.27	3.11	0.01
37.28	3.11	0.01
37.29	3.12	-0.00
37.30	3.12	-0.01
37.31	3.12	-0.02
37.32	3.12	-0.01
37.33	3.12	-0.01
37.34	3.12	-0.01
37.35	3.12	0.00
37.36	3.12	-0.01
37.37	3.12	-0.02
37.38	3.12	-0.02
37.39	3.12	-0.01
37.40	3.12	-0.00
37.41	3.13	-0.02
37.42	3.13	-0.01
37.43	3.13	-0.00
37.44	3.13	-0.01
37.45	3.13	-0.01
37.46	3.13	-0.00
37.47	3.13	-0.01
37.48	3.13	-0.00
37.49	3.13	0.00
37.50	3.13	-0.00
37.51	3.13	0.00
37.52	3.13	0.02
37.53	3.14	0.02
37.54	3.14	0.00
37.55	3.14	-0.03
37.56	3.14	-0.03
37.57	3.14	-0.01
37.58	3.14	-0.02
37.59	3.14	-0.04
37.60	3.14	-0.05
37.61	3.14	-0.00
37.62	3.14	0.02
37.63	3.14	0.01
37.64	3.14	0.00
37.65	3.15	-0.00
37.66	3.15	-0.02
37.67	3.15	-0.00
37.68	3.15	-0.01
37.69	3.15	-0.02
37.70	3.15	-0.01
37.71	3.15	-0.00
37.72	3.15	-0.02
37.73	3.15	-0.01
37.74	3.15	-0.01
37.75	3.15	-0.01
37.76	3.15	0.01
37.77	3.16	-0.01
37.78	3.16	-0.02
37.79	3.16	-0.02
37.80	3.16	-0.02
37.81	3.16	-0.00
37.82	3.16	0.01
37.83	3.16	0.03
37.84	3.16	0.00
37.85	3.16	-0.01
37.86	3.16	0.01
37.87	3.16	0.01
37.88	3.16	0.01
37.89	3.17	0.01
37.90	3.17	-0.01
37.91	3.17	-0.03
37.92	3.17	-0.01
37.93	3.17	0.01
37.94	3.17	-0.00
37.95	3.17	0.00
37.96	3.17	0.01
37.97	3.17	0.02
37.98	3.17	0.02
37.99	3.17	0.00
38.00	3.17	0.01
38.01	3.18	0.01
38.02	3.18	-0.02
38.03	3.18	-0.01
38.04	3.18	-0.01
38.05	3.18	-0.02
38.06	3.18	-0.00
38.07	3.18	0.00
38.08	3.18	0.01
38.09	3.18	-0.00
38.10	3.18	-0.01
38.11	3.18	-0.01
38.12	3.18	-0.01
38.13	3.19	-0.01
38.14	3.19	-0.03
38.15	3.19	-0.01
38.16	3.19	-0.02
38.17	3.19	-0.00
38.18	3.19	0.03
38.19	3.19	0.00
38.20	3.19	-0.01
38.21	3.19	-0.01
38.22	3.19	-0.01
38.23	3.19	-0.00
38.24	3.19	0.01
38.25	3.20	-0.01
38.26	3.20	0.01
38.27	3.20	0.01
38.28	3.20	-0.01
38.29	3.20	-0.01
38.30	3.20	0.01
38.31	3.20	0.00
38.32	3.20	-0.01
38.33	3.20	0.00
38.34	3.20	0.01
38.35	3.20	0.01
38.36	3.20	0.00
38.37	3.21	0.00
38.38	3.21	0.02
38.39	3.21	0.00
38.40	3.21	0.01
38.41	3.21	0.00
38.42	3.21	-0.03
38.43	3.21	-0.01
38.44	3.21	-0.00
38.45	3.21	0.01
38.46	3.21	0.02
38.47	3.21	0.00
38.48	3.21	-0.01
38.49	3.22	-0.02
38.50	3.22	-0.01
38.51	3.22	0.01
38.52	3.22	0.00
38.53	3.22	0.01
38.54	3.22	0.02
38.55	3.22	0.01
38.56	3.22	0.01
38.57	3.22	0.00
38.58	3.22	-0.00
38.59	3.22	0.01
38.60	3.22	0.01
38.61	3.23	-0.03
38.62	3.23	-0.02
38.63	3.23	0.01
38.64	3.23	-0.00
38.65	3.23	-0.01
38.66	3.23	-0.00
38.67	3.23	-0.01
38.68	3.23	-0.01
38.69	3.23	-0.00
38.70	3.23	-0.01
38.71	3.23	-0.01
38.72	3.23	0.00
38.73	3.24	-0.02
38.74	3.24	-0.01
38.75	3.24	0.01
38.76	3.24	0.02
38.77	3.24	0.02
38.78	3.24	0.00
38.79	3.24	0.01
38.80	3.24	0.01
38.81	3.24	-0.00
38.82	3.24	-0.02
38.83	3.24	-0.02
38.84	3.24	0.00
38.85	3.25	-0.02
38.86	3.25	-0.01
38.87	3.25	0.01
38.88	3.25	0.00
38.89	3.25	0.03
38.90	3.25	0.02
38.91	3.25	-0.01
38.92	3.25	-0.00
38.93	3.25	0.01
38.94	3.25	-0.02
38.95	3.25	-0.01
38.96	3.25	0.03
38.97	3.26	0.02
38.98	3.26	0.01
38.99	3.26	0.02
39.00	3.26	0.01
39.01	3.26	-0.02
39.02	3.26	-0.01
39.03	3.26	0.00
39.04	3.26	0.02
39.05	3.26	0.02
39.06	3.26	-0.00
39.07	3.26	0.01
39.08	3.26	-0.00
39.09	3.27	-0.00
39.10	3.27	0.03
39.11	3.27	0.00
39.12	3.27	-0.01
39.13	3.27	-0.02
39.14	3.27	-0.04
39.15	3.27	-0.01
39.16	3.27	-0.00
39.17	3.27	0.01
39.18	3.27	0.02
39.19	3.27	0.01
39.20	3.27	-0.00
39.21	3.28	-0.00
39.22	3.28	0.00
39.23	3.28	0.03
39.24	3.28	0.02
39.25	3.28	0.00
39.26	3.28	0.01
39.27	3.28	0.01
39.28	3.28	0.01
39.29	3.28	0.00
39.30	3.28	-0.00
39.31	3.28	-0.01
39.32	3.28	-0.01
39.33	3.29	0.03
39.34	3.29	0.02
39.35	3.29	0.02
39.36	3.29	0.02
39.37	3.29	0.00
39.38	3.29	0.02
39.39	3.29	0.04
39.40	3.29	0.01
39.41	3.29	-0.02
39.42	3.29	-0.00
39.43	3.29	-0.00
39.44	3.29	0.02
39.45	3.30	0.05
39.46	3.30	0.04
39.47	3.30	0.01
39.48	3.30	-0.00
39.49	3.30	0.01
39.50	3.30	0.01
39.51	3.30	0.03
39.52	3.30	0.03
39.53	3.30	-0.00
39.54	3.30	-0.00
39.55	3.30	0.00
39.56	3.30	0.00
39.57	3.31	0.00
39.58	3.31	0.02
39.59	3.31	0.03
39.60	3.31	0.01
39.61	3.31	-0.00
39.62	3.31	0.00
39.63	3.31	-0.01
39.64	3.31	-0.01
39.65	3.31	-0.00
39.66	3.31	0.01
39.67	3.31	-0.00
39.68	3.31	-0.02
39.69	3.32	-0.00
39.70	3.32	-0.01
39.71	3.32	0.01
39.72	3.32	0.02
39.73	3.32	-0.02
39.74	3.32	-0.01
39.75	3.32	0.01
39.76	3.32	0.01
39.77	3.32	0.01
39.78	3.32	0.00
39.79	3.32	0.03
39.80	3.32	0.01
39.81	3.33	-0.02
39.82	3.33	-0.00
39.83	3.33	0.01
39.84	3.33	0.01
39.85	3.33	0.01
39.86	3.33	0.01
39.87	3.33	0.01
39.88	3.33	0.01
39.89	3.33	-0.01
39.90	3.33	-0.01
39.91	3.33	0.01
39.92	3.33	0.01
39.93	3.34	0.03
39.94	3.34	0.02
39.95	3.34	-0.00
39.96	3.34	0.01
39.97	3.34	0.01
39.98	3.34	0.01
39.99	3.34	0.01
40.00	3.34	0.01
40.01	3.34	0.01
40.02	3.34	0.01
40.03	3.34	0.03
40.04	3.34	0.01
40.05	3.35	0.02
40.06	3.35	0.01
40.07	3.35	-0.01
40.08	3.35	-0.02
40.09	3.35	-0.01
40.10	3.35	0.01
40.11	3.35	0.01
40.12	3.35	0.01
40.13	3.35	0.01
40.14	3.35	0.01
40.15	3.35	0.00
40.16	3.35	-0.00
40.17	3.36	0.00
40.18	3.36	0.00
40.19	3.36	0.01
40.20	3.36	0.03
40.21	3.36	-0.00
40.22	3.36	-0.02
40.23	3.36	-0.00
40.24	3.36	0.00
40.25	3.36	0.00
40.26	3.36	0.00
40.27	3.36	0.01
40.28	3.36	0.02
40.29	3.37	0.02
40.30	3.37	0.00
40.31	3.37	-0.01
40.32	3.37	0.02
40.33	3.37	0.02
40.34	3.37	-0.02
40.35	3.37	-0.02
40.36	3.37	-0.01
40.37	3.37	-0.00
40.38	3.37	0.01
40.39	3.37	0.02
40.40	3.37	0.01
40.41	3.38	-0.02
40.42	3.38	-0.01
40.43	3.38	0.00
40.44	3.38	-0.02
40.45	3.38	-0.04
40.46	3.38	-0.04
40.47	3.38	-0.03
40.48	3.38	-0.01
40.49	3.38	0.00
40.50	3.38	0.01
40.51	3.38	-0.01
40.52	3.38	-0.02
40.53	3.39	-0.02
40.54	3.39	-0.04
40.55	3.39	-0.03
40.56	3.39	-0.02
40.57	3.39	-0.02
40.58	3.39	0.00
40.59	3.39	-0.01
40.60	3.39	-0.01
40.61	3.39	0.00
40.62	3.39	-0.01
40.63	3.39	-0.01
40.64	3.39	-0.03
40.65	3.40	-0.00
40.66	3.40	-0.01
40.67	3.40	-0.01
40.68	3.40	-0.01
