0.01	0.01	0.02
0.02	0.01	0.00
0.03	0.01	-0.01
0.04	0.01	-0.02
0.05	0.01	-0.00
0.06	0.01	0.01
0.07	0.01	0.02
0.08	0.02	0.00
0.09	0.02	-0.00
0.10	0.02	0.00
0.11	0.02	-0.00
0.12	0.02	0.01
0.13	0.02	-0.01
0.14	0.02	-0.01
0.15	0.02	0.02
0.16	0.02	0.02
0.17	0.02	-0.01
0.18	0.02	-0.01
0.19	0.02	0.00
0.20	0.03	-0.01
0.21	0.03	-0.01
0.22	0.03	-0.00
0.23	0.03	-0.02
0.24	0.03	-0.01
0.25	0.03	0.01
0.26	0.03	0.02
0.27	0.03	0.03
0.28	0.03	0.02
0.29	0.03	-0.00
0.30	0.03	-0.01
0.31	0.03	-0.00
0.32	0.04	0.01
0.33	0.04	0.01
0.34	0.04	0.01
0.35	0.04	-0.00
0.36	0.04	0.00
0.37	0.04	0.01
0.38	0.04	0.01
0.39	0.04	-0.00
0.40	0.04	-0.02
0.41	0.04	-0.01
0.42	0.04	-0.01
0.43	0.04	-0.00
0.44	0.05	0.01
0.45	0.05	0.00
0.46	0.05	-0.02
0.47	0.05	0.00
0.48	0.05	-0.00
0.49	0.05	-0.01
0.50	0.05	0.00
0.51	0.05	-0.01
0.52	0.05	0.00
0.53	0.05	-0.01
0.54	0.05	-0.01
0.55	0.05	-0.01
0.56	0.06	-0.01
0.57	0.06	0.01
0.58	0.06	0.00
0.59	0.06	-0.00
0.60	0.06	-0.01
0.61	0.06	-0.01
0.62	0.06	0.00
0.63	0.06	0.01
0.64	0.06	0.01
0.65	0.06	0.03
0.66	0.06	0.02
0.67	0.06	-0.00
0.68	0.07	-0.01
0.69	0.07	-0.00
0.70	0.07	0.01
0.71	0.07	-0.00
0.72	0.07	-0.02
0.73	0.07	0.00
0.74	0.07	0.01
0.75	0.07	0.02
0.76	0.07	0.01
0.77	0.07	-0.01
0.78	0.07	-0.02
0.79	0.07	0.01
0.80	0.08	0.03
0.81	0.08	0.01
0.82	0.08	-0.00
0.83	0.08	0.01
0.84	0.08	-0.00
0.85	0.08	0.01
0.86	0.08	0.02
0.87	0.08	0.03
0.88	0.08	0.02
0.89	0.08	0.00
0.90	0.08	0.00
0.91	0.08	0.00
0.92	0.09	0.02
0.93	0.09	0.02
0.94	0.09	0.02
0.95	0.09	0.00
0.96	0.09	0.01
0.97	0.09	-0.01
0.98	0.09	-0.02
0.99	0.09	0.02
1.00	0.09	0.01
1.01	0.09	0.01
1.02	0.09	0.01
1.03	0.09	0.01
1.04	0.10	0.01
1.05	0.10	-0.01
1.06	0.10	0.00
1.07	0.10	0.01
1.08	0.10	-0.02
1.09	0.10	-0.01
1.10	0.10	0.01
1.11	0.10	0.01
1.12	0.10	0.01
1.13	0.10	0.01
1.14	0.10	-0.01
1.15	0.10	0.01
1.16	0.11	0.02
1.17	0.11	-0.01
1.18	0.11	0.00
1.19	0.11	0.00
1.20	0.11	-0.01
1.21	0.11	0.00
1.22	0.11	0.02
1.23	0.11	0.00
1.24	0.11	-0.00
1.25	0.11	0.01
1.26	0.11	0.02
1.27	0.11	0.01
1.28	0.12	0.00
1.29	0.12	0.00
1.30	0.12	0.00
1.31	0.12	0.01
1.32	0.12	0.02
1.33	0.12	0.03
1.34	0.12	0.01
1.35	0.12	0.01
1.36	0.12	0.03
1.37	0.12	0.01
1.38	0.12	0.01
1.39	0.12	0.02
1.40	0.13	0.01
1.41	0.13	-0.00
1.42	0.13	-0.02
1.43	0.13	0.00
1.44	0.13	0.01
1.45	0.13	0.01
1.46	0.13	0.01
1.47	0.13	-0.00
1.48	0.13	-0.00
1.49	0.13	-0.00
1.50	0.13	-0.00
1.51	0.13	-0.00
1.52	0.14	0.01
1.53	0.14	0.01
1.54	0.14	-0.02
1.55	0.14	-0.00
1.56	0.14	-0.00
1.57	0.14	-0.00
1.58	0.14	0.01
1.59	0.14	0.02
1.60	0.14	0.01
1.61	0.14	0.01
1.62	0.14	0.02
1.63	0.14	0.03
1.64	0.15	0.02
1.65	0.15	0.01
1.66	0.15	-0.01
1.67	0.15	-0.01
1.68	0.15	0.00
1.69	0.15	0.01
1.70	0.15	0.00
1.71	0.15	-0.01
1.72	0.15	-0.00
1.73	0.15	-0.01
1.74	0.15	0.00
1.75	0.15	0.01
1.76	0.16	0.03
1.77	0.16	0.01
1.78	0.16	-0.01
1.79	0.16	0.01
1.80	0.16	0.01
1.81	0.16	0.00
1.82	0.16	-0.00
1.83	0.16	0.01
1.84	0.16	0.00
1.85	0.16	0.00
1.86	0.16	0.01
1.87	0.16	0.01
1.88	0.17	0.01
1.89	0.17	0.02
1.90	0.17	0.03
1.91	0.17	0.02
1.92	0.17	0.01
1.93	0.17	0.01
1.94	0.17	0.00
1.95	0.17	0.02
1.96	0.17	0.00
1.97	0.17	-0.00
1.98	0.17	0.01
1.99	0.17	-0.00
2.00	0.18	0.03
2.01	0.18	0.03
2.02	0.18	0.00
2.03	0.18	-0.02
2.04	0.18	-0.01
2.05	0.18	0.01
2.06	0.18	0.01
2.07	0.18	0.00
2.08	0.18	0.00
2.09	0.18	-0.00
2.10	0.18	0.00
2.11	0.18	0.01
2.12	0.19	0.00
2.13	0.19	0.01
2.14	0.19	0.02
2.15	0.19	0.01
2.16	0.19	-0.00
2.17	0.19	0.00
2.18	0.19	0.00
2.19	0.19	-0.01
2.20	0.19	0.02
2.21	0.19	0.03
2.22	0.19	0.02
2.23	0.19	-0.00
2.24	0.20	-0.00
2.25	0.20	0.01
2.26	0.20	-0.00
2.27	0.20	0.01
2.28	0.20	0.01
2.29	0.20	0.00
2.30	0.20	-0.00
2.31	0.20	0.01
2.32	0.20	0.03
2.33	0.20	0.02
2.34	0.20	0.01
2.35	0.20	0.01
2.36	0.21	0.01
2.37	0.21	0.02
2.38	0.21	0.02
2.39	0.21	0.00
2.40	0.21	-0.00
2.41	0.21	0.01
2.42	0.21	0.01
2.43	0.21	0.02
2.44	0.21	0.01
2.45	0.21	0.00
2.46	0.21	0.01
2.47	0.21	0.01
2.48	0.22	0.01
2.49	0.22	-0.00
2.50	0.22	0.00
2.51	0.22	0.00
2.52	0.22	-0.00
2.53	0.22	0.02
2.54	0.22	0.02
2.55	0.22	0.02
2.56	0.22	0.01
2.57	0.22	0.01
2.58	0.22	0.00
2.59	0.22	0.01
2.60	0.23	0.03
2.61	0.23	0.03
2.62	0.23	0.03
2.63	0.23	0.01
2.64	0.23	0.01
2.65	0.23	0.03
2.66	0.23	0.02
2.67	0.23	-0.00
2.68	0.23	0.01
2.69	0.23	0.02
2.70	0.23	0.02
2.71	0.23	0.02
2.72	0.24	0.02
2.73	0.24	0.04
2.74	0.24	0.02
2.75	0.24	0.01
2.76	0.24	0.02
2.77	0.24	0.00
2.78	0.24	0.01
2.79	0.24	0.01
2.80	0.24	0.02
2.81	0.24	0.02
2.82	0.24	0.01
2.83	0.24	0.01
2.84	0.25	0.01
2.85	0.25	0.02
2.86	0.25	0.01
2.87	0.25	0.03
2.88	0.25	0.02
2.89	0.25	-0.00
2.90	0.25	0.02
2.91	0.25	0.02
2.92	0.25	0.02
2.93	0.25	0.04
2.94	0.25	0.02
2.95	0.25	0.01
2.96	0.26	0.01
2.97	0.26	0.01
2.98	0.26	0.00
2.99	0.26	0.03
3.00	0.26	0.03
3.01	0.26	0.01
3.02	0.26	0.01
3.03	0.26	0.01
3.04	0.26	0.03
3.05	0.26	0.03
3.06	0.26	0.02
3.07	0.26	0.02
3.08	0.27	0.03
3.09	0.27	0.04
3.10	0.27	0.04
3.11	0.27	0.04
3.12	0.27	0.02
3.13	0.27	0.01
3.14	0.27	0.02
3.15	0.27	0.04
3.16	0.27	0.03
3.17	0.27	0.02
3.18	0.27	0.02
3.19	0.27	0.03
3.20	0.28	0.02
3.21	0.28	0.01
3.22	0.28	-0.00
3.23	0.28	0.02
3.24	0.28	0.03
3.25	0.28	0.02
3.26	0.28	0.04
3.27	0.28	0.04
3.28	0.28	0.04
3.29	0.28	0.03
3.30	0.28	0.01
3.31	0.28	0.01
3.32	0.29	0.04
3.33	0.29	0.04
3.34	0.29	0.02
3.35	0.29	0.02
3.36	0.29	0.03
3.37	0.29	0.03
3.38	0.29	0.03
3.39	0.29	0.05
3.40	0.29	0.04
3.41	0.29	0.04
3.42	0.29	0.04
3.43	0.29	0.05
3.44	0.30	0.04
3.45	0.30	-0.00
3.46	0.30	0.03
3.47	0.30	0.05
3.48	0.30	0.05
3.49	0.30	0.07
3.50	0.30	0.05
3.51	0.30	0.05
3.52	0.30	0.04
3.53	0.30	0.04
3.54	0.30	0.04
3.55	0.30	0.04
3.56	0.31	0.01
3.57	0.31	0.01
3.58	0.31	0.05
3.59	0.31	0.07
3.60	0.31	0.06
3.61	0.31	0.04
3.62	0.31	0.05
3.63	0.31	0.04
3.64	0.31	0.03
3.65	0.31	0.02
3.66	0.31	0.04
3.67	0.31	0.06
3.68	0.32	0.05
3.69	0.32	0.05
3.70	0.32	0.07
3.71	0.32	0.06
3.72	0.32	0.04
3.73	0.32	0.04
3.74	0.32	0.03
3.75	0.32	0.04
3.76	0.32	0.05
3.77	0.32	0.04
3.78	0.32	0.04
3.79	0.32	0.06
3.80	0.33	0.06
3.81	0.33	0.05
3.82	0.33	0.04
3.83	0.33	0.04
3.84	0.33	0.04
3.85	0.33	0.03
3.86	0.33	0.03
3.87	0.33	0.03
3.88	0.33	0.04
3.89	0.33	0.04
3.90	0.33	0.04
3.91	0.33	0.03
3.92	0.34	0.03
3.93	0.34	0.04
3.94	0.34	0.05
3.95	0.34	0.07
3.96	0.34	0.07
3.97	0.34	0.05
3.98	0.34	0.05
3.99	0.34	0.07
4.00	0.34	0.07
4.01	0.34	0.09
4.02	0.34	0.08
4.03	0.34	0.05
4.04	0.35	0.05
4.05	0.35	0.07
4.06	0.35	0.06
4.07	0.35	0.04
4.08	0.35	0.04
4.09	0.35	0.04
4.10	0.35	0.04
4.11	0.35	0.04
4.12	0.35	0.05
4.13	0.35	0.07
4.14	0.35	0.06
4.15	0.35	0.04
4.16	0.36	0.05
4.17	0.36	0.06
4.18	0.36	0.05
4.19	0.36	0.03
4.20	0.36	0.06
4.21	0.36	0.07
4.22	0.36	0.06
4.23	0.36	0.05
4.24	0.36	0.03
4.25	0.36	0.04
4.26	0.36	0.07
4.27	0.36	0.08
4.28	0.37	0.07
4.29	0.37	0.05
4.30	0.37	0.06
4.31	0.37	0.06
4.32	0.37	0.05
4.33	0.37	0.06
4.34	0.37	0.06
4.35	0.37	0.05
4.36	0.37	0.04
4.37	0.37	0.06
4.38	0.37	0.07
4.39	0.37	0.09
4.40	0.38	0.10
4.41	0.38	0.07
4.42	0.38	0.05
4.43	0.38	0.05
4.44	0.38	0.04
4.45	0.38	0.05
4.46	0.38	0.04
4.47	0.38	0.06
4.48	0.38	0.06
4.49	0.38	0.07
4.50	0.38	0.07
4.51	0.38	0.07
4.52	0.39	0.07
4.53	0.39	0.04
4.54	0.39	0.07
4.55	0.39	0.10
4.56	0.39	0.10
4.57	0.39	0.06
4.58	0.39	0.05
4.59	0.39	0.07
4.60	0.39	0.06
4.61	0.39	0.05
4.62	0.39	0.07
4.63	0.39	0.09
4.64	0.40	0.08
4.65	0.40	0.08
4.66	0.40	0.08
4.67	0.40	0.07
4.68	0.40	0.07
4.69	0.40	0.07
4.70	0.40	0.06
4.71	0.40	0.06
4.72	0.40	0.08
4.73	0.40	0.08
4.74	0.40	0.05
4.75	0.40	0.08
4.76	0.41	0.10
4.77	0.41	0.09
4.78	0.41	0.07
4.79	0.41	0.06
4.80	0.41	0.09
4.81	0.41	0.08
4.82	0.41	0.06
4.83	0.41	0.06
4.84	0.41	0.05
4.85	0.41	0.07
4.86	0.41	0.07
4.87	0.41	0.06
4.88	0.42	0.06
4.89	0.42	0.09
4.90	0.42	0.08
4.91	0.42	0.06
4.92	0.42	0.07
4.93	0.42	0.06
4.94	0.42	0.09
4.95	0.42	0.10
4.96	0.42	0.09
4.97	0.42	0.10
4.98	0.42	0.07
4.99	0.42	0.06
5.00	0.43	0.08
5.01	0.43	0.09
5.02	0.43	0.09
5.03	0.43	0.08
5.04	0.43	0.08
5.05	0.43	0.09
5.06	0.43	0.08
5.07	0.43	0.05
5.08	0.43	0.08
5.09	0.43	0.11
5.10	0.43	0.10
5.11	0.43	0.08
5.12	0.44	0.08
5.13	0.44	0.07
5.14	0.44	0.06
5.15	0.44	0.09
5.16	0.44	0.09
5.17	0.44	0.10
5.18	0.44	0.08
5.19	0.44	0.06
5.20	0.44	0.07
5.21	0.44	0.09
5.22	0.44	0.09
5.23	0.44	0.07
5.24	0.45	0.09
5.25	0.45	0.07
5.26	0.45	0.07
5.27	0.45	0.08
5.28	0.45	0.06
5.29	0.45	0.09
5.30	0.45	0.10
5.31	0.45	0.10
5.32	0.45	0.11
5.33	0.45	0.09
5.34	0.45	0.08
5.35	0.45	0.07
5.36	0.46	0.07
5.37	0.46	0.07
5.38	0.46	0.10
5.39	0.46	0.12
5.40	0.46	0.10
5.41	0.46	0.07
5.42	0.46	0.08
5.43	0.46	0.07
5.44	0.46	0.08
5.45	0.46	0.10
5.46	0.46	0.08
5.47	0.46	0.09
5.48	0.47	0.09
5.49	0.47	0.09
5.50	0.47	0.09
5.51	0.47	0.08
5.52	0.47	0.09
5.53	0.47	0.09
5.54	0.47	0.10
5.55	0.47	0.09
5.56	0.47	0.08
5.57	0.47	0.09
5.58	0.47	0.09
5.59	0.47	0.09
5.60	0.48	0.08
5.61	0.48	0.08
5.62	0.48	0.10
5.63	0.48	0.09
5.64	0.48	0.08
5.65	0.48	0.09
5.66	0.48	0.09
5.67	0.48	0.09
5.68	0.48	0.09
5.69	0.48	0.11
5.70	0.48	0.10
5.71	0.48	0.08
5.72	0.49	0.07
5.73	0.49	0.07
5.74	0.49	0.10
5.75	0.49	0.11
5.76	0.49	0.10
5.77	0.49	0.10
5.78	0.49	0.08
5.79	0.49	0.09
5.80	0.49	0.08
5.81	0.49	0.08
5.82	0.49	0.10
5.83	0.49	0.09
5.84	0.50	0.12
5.85	0.50	0.11
5.86	0.50	0.10
5.87	0.50	0.11
5.88	0.50	0.10
5.89	0.50	0.10
5.90	0.50	0.10
5.91	0.50	0.11
5.92	0.50	0.09
5.93	0.50	0.08
5.94	0.50	0.11
5.95	0.50	0.10
5.96	0.51	0.10
5.97	0.51	0.12
5.98	0.51	0.11
5.99	0.51	0.11
6.00	0.51	0.12
6.01	0.51	0.10
6.02	0.51	0.11
6.03	0.51	0.12
6.04	0.51	0.13
6.05	0.51	0.12
6.06	0.51	0.13
6.07	0.51	0.11
6.08	0.52	0.11
6.09	0.52	0.12
6.10	0.52	0.10
6.11	0.52	0.11
6.12	0.52	0.11
6.13	0.52	0.10
6.14	0.52	0.11
6.15	0.52	0.12
6.16	0.52	0.12
6.17	0.52	0.10
6.18	0.52	0.11
6.19	0.52	0.12
6.20	0.53	0.10
6.21	0.53	0.10
6.22	0.53	0.09
6.23	0.53	0.11
6.24	0.53	0.12
6.25	0.53	0.11
6.26	0.53	0.10
6.27	0.53	0.10
6.28	0.53	0.11
6.29	0.53	0.10
6.30	0.53	0.10
6.31	0.53	0.10
6.32	0.54	0.11
6.33	0.54	0.12
6.34	0.54	0.12
6.35	0.54	0.13
6.36	0.54	0.13
6.37	0.54	0.12
6.38	0.54	0.12
6.39	0.54	0.12
6.40	0.54	0.12
6.41	0.54	0.13
6.42	0.54	0.12
6.43	0.54	0.12
6.44	0.55	0.11
6.45	0.55	0.12
6.46	0.55	0.11
6.47	0.55	0.10
6.48	0.55	0.11
6.49	0.55	0.12
6.50	0.55	0.13
6.51	0.55	0.12
6.52	0.55	0.12
6.53	0.55	0.11
6.54	0.55	0.11
6.55	0.55	0.12
6.56	0.56	0.14
6.57	0.56	0.13
6.58	0.56	0.13
6.59	0.56	0.14
6.60	0.56	0.12
6.61	0.56	0.14
6.62	0.56	0.13
6.63	0.56	0.14
6.64	0.56	0.14
6.65	0.56	0.12
6.66	0.56	0.12
6.67	0.56	0.13
6.68	0.57	0.14
6.69	0.57	0.13
6.70	0.57	0.13
6.71	0.57	0.12
6.72	0.57	0.10
6.73	0.57	0.10
6.74	0.57	0.12
6.75	0.57	0.14
6.76	0.57	0.13
6.77	0.57	0.12
6.78	0.57	0.11
6.79	0.57	0.11
6.80	0.58	0.11
6.81	0.58	0.12
6.82	0.58	0.16
6.83	0.58	0.14
6.84	0.58	0.12
6.85	0.58	0.11
6.86	0.58	0.11
6.87	0.58	0.13
6.88	0.58	0.12
6.89	0.58	0.14
6.90	0.58	0.14
6.91	0.58	0.11
6.92	0.59	0.12
6.93	0.59	0.13
6.94	0.59	0.14
6.95	0.59	0.14
6.96	0.59	0.12
6.97	0.59	0.12
6.98	0.59	0.13
6.99	0.59	0.13
7.00	0.59	0.13
7.01	0.59	0.15
7.02	0.59	0.15
7.03	0.59	0.14
7.04	0.60	0.15
7.05	0.60	0.12
7.06	0.60	0.12
7.07	0.60	0.13
7.08	0.60	0.13
7.09	0.60	0.15
7.10	0.60	0.14
7.11	0.60	0.13
7.12	0.60	0.14
7.13	0.60	0.13
7.14	0.60	0.15
7.15	0.60	0.16
7.16	0.61	0.14
7.17	0.61	0.14
7.18	0.61	0.14
7.19	0.61	0.14
7.20	0.61	0.15
7.21	0.61	0.14
7.22	0.61	0.12
7.23	0.61	0.12
7.24	0.61	0.12
7.25	0.61	0.14
7.26	0.61	0.15
7.27	0.61	0.15
7.28	0.62	0.14
7.29	0.62	0.15
7.30	0.62	0.14
7.31	0.62	0.14
7.32	0.62	0.15
7.33	0.62	0.15
7.34	0.62	0.14
7.35	0.62	0.14
7.36	0.62	0.12
7.37	0.62	0.14
7.38	0.62	0.17
7.39	0.62	0.16
7.40	0.63	0.14
7.41	0.63	0.14
7.42	0.63	0.15
7.43	0.63	0.15
7.44	0.63	0.16
7.45	0.63	0.16
7.46	0.63	0.13
7.47	0.63	0.14
7.48	0.63	0.13
7.49	0.63	0.16
7.50	0.63	0.16
7.51	0.63	0.16
7.52	0.64	0.17
7.53	0.64	0.16
7.54	0.64	0.16
7.55	0.64	0.15
7.56	0.64	0.16
7.57	0.64	0.16
7.58	0.64	0.15
7.59	0.64	0.15
7.60	0.64	0.14
7.61	0.64	0.14
7.62	0.64	0.16
7.63	0.64	0.14
7.64	0.65	0.13
7.65	0.65	0.16
7.66	0.65	0.14
7.67	0.65	0.15
7.68	0.65	0.15
7.69	0.65	0.16
7.70	0.65	0.17
7.71	0.65	0.16
7.72	0.65	0.14
7.73	0.65	0.12
7.74	0.65	0.15
7.75	0.65	0.17
7.76	0.66	0.17
7.77	0.66	0.16
7.78	0.66	0.16
7.79	0.66	0.17
7.80	0.66	0.16
7.81	0.66	0.15
7.82	0.66	0.16
7.83	0.66	0.16
7.84	0.66	0.14
7.85	0.66	0.13
7.86	0.66	0.14
7.87	0.66	0.16
7.88	0.67	0.17
7.89	0.67	0.16
7.90	0.67	0.16
7.91	0.67	0.16
7.92	0.67	0.15
7.93	0.67	0.16
7.94	0.67	0.16
7.95	0.67	0.16
7.96	0.67	0.17
7.97	0.67	0.14
7.98	0.67	0.14
7.99	0.67	0.17
8.00	0.68	0.16
8.01	0.68	0.14
8.02	0.68	0.14
8.03	0.68	0.13
8.04	0.68	0.15
8.05	0.68	0.17
8.06	0.68	0.18
8.07	0.68	0.16
8.08	0.68	0.14
8.09	0.68	0.16
8.10	0.68	0.15
8.11	0.68	0.14
8.12	0.69	0.18
8.13	0.69	0.19
8.14	0.69	0.19
8.15	0.69	0.18
8.16	0.69	0.14
8.17	0.69	0.13
8.18	0.69	0.17
8.19	0.69	0.18
8.20	0.69	0.17
8.21	0.69	0.17
8.22	0.69	0.17
8.23	0.69	0.19
8.24	0.70	0.17
8.25	0.70	0.14
8.26	0.70	0.16
8.27	0.70	0.18
8.28	0.70	0.19
8.29	0.70	0.17
8.30	0.70	0.16
8.31	0.70	0.16
8.32	0.70	0.17
8.33	0.70	0.16
8.34	0.70	0.17
8.35	0.70	0.18
8.36	0.71	0.18
8.37	0.71	0.18
8.38	0.71	0.18
8.39	0.71	0.17
8.40	0.71	0.18
8.41	0.71	0.17
8.42	0.71	0.19
8.43	0.71	0.18
8.44	0.71	0.16
8.45	0.71	0.17
8.46	0.71	0.16
8.47	0.71	0.18
8.48	0.72	0.19
8.49	0.72	0.18
8.50	0.72	0.18
8.51	0.72	0.18
8.52	0.72	0.18
8.53	0.72	0.18
8.54	0.72	0.20
8.55	0.72	0.18
8.56	0.72	0.16
8.57	0.72	0.18
8.58	0.72	0.20
8.59	0.72	0.18
8.60	0.73	0.16
8.61	0.73	0.16
8.62	0.73	0.17
8.63	0.73	0.17
8.64	0.73	0.18
8.65	0.73	0.19
8.66	0.73	0.17
8.67	0.73	0.17
8.68	0.73	0.16
8.69	0.73	0.17
8.70	0.73	0.18
8.71	0.73	0.19
8.72	0.74	0.19
8.73	0.74	0.17
8.74	0.74	0.17
8.75	0.74	0.16
8.76	0.74	0.16
8.77	0.74	0.18
8.78	0.74	0.18
8.79	0.74	0.19
8.80	0.74	0.17
8.81	0.74	0.17
8.82	0.74	0.19
8.83	0.74	0.18
8.84	0.75	0.18
8.85	0.75	0.19
8.86	0.75	0.18
8.87	0.75	0.18
8.88	0.75	0.19
8.89	0.75	0.18
8.90	0.75	0.17
8.91	0.75	0.18
8.92	0.75	0.20
8.93	0.75	0.18
8.94	0.75	0.18
8.95	0.75	0.19
8.96	0.76	0.19
8.97	0.76	0.20
8.98	0.76	0.18
8.99	0.76	0.18
9.00	0.76	0.20
9.01	0.76	0.18
9.02	0.76	0.19
9.03	0.76	0.19
9.04	0.76	0.20
9.05	0.76	0.19
9.06	0.76	0.18
9.07	0.76	0.19
9.08	0.77	0.20
9.09	0.77	0.19
9.10	0.77	0.16
9.11	0.77	0.16
9.12	0.77	0.17
9.13	0.77	0.18
9.14	0.77	0.18
9.15	0.77	0.17
9.16	0.77	0.17
9.17	0.77	0.21
9.18	0.77	0.21
9.19	0.77	0.19
9.20	0.78	0.22
9.21	0.78	0.21
9.22	0.78	0.17
9.23	0.78	0.18
9.24	0.78	0.19
9.25	0.78	0.19
9.26	0.78	0.19
9.27	0.78	0.19
9.28	0.78	0.19
9.29	0.78	0.19
9.30	0.78	0.19
9.31	0.78	0.19
9.32	0.79	0.19
9.33	0.79	0.19
9.34	0.79	0.19
9.35	0.79	0.20
9.36	0.79	0.19
9.37	0.79	0.21
9.38	0.79	0.20
9.39	0.79	0.19
9.40	0.79	0.20
9.41	0.79	0.21
9.42	0.79	0.21
9.43	0.79	0.22
9.44	0.80	0.22
9.45	0.80	0.20
9.46	0.80	0.18
9.47	0.80	0.18
9.48	0.80	0.18
9.49	0.80	0.18
9.50	0.80	0.19
9.51	0.80	0.20
9.52	0.80	0.22
9.53	0.80	0.22
9.54	0.80	0.20
9.55	0.80	0.18
9.56	0.81	0.18
9.57	0.81	0.23
9.58	0.81	0.22
9.59	0.81	0.20
9.60	0.81	0.20
9.61	0.81	0.20
9.62	0.81	0.21
9.63	0.81	0.20
9.64	0.81	0.20
9.65	0.81	0.21
9.66	0.81	0.20
9.67	0.81	0.20
9.68	0.82	0.20
9.69	0.82	0.21
9.70	0.82	0.22
9.71	0.82	0.22
9.72	0.82	0.22
9.73	0.82	0.18
9.74	0.82	0.19
9.75	0.82	0.20
9.76	0.82	0.20
9.77	0.82	0.22
9.78	0.82	0.20
9.79	0.82	0.20
9.80	0.83	0.21
9.81	0.83	0.20
9.82	0.83	0.22
9.83	0.83	0.20
9.84	0.83	0.21
9.85	0.83	0.21
9.86	0.83	0.20
9.87	0.83	0.20
9.88	0.83	0.18
9.89	0.83	0.22
9.90	0.83	0.21
9.91	0.83	0.20
9.92	0.84	0.23
9.93	0.84	0.23
9.94	0.84	0.22
9.95	0.84	0.23
9.96	0.84	0.23
9.97	0.84	0.22
9.98	0.84	0.23
9.99	0.84	0.24
10.00	0.84	0.22
10.01	0.84	0.22
10.02	0.84	0.21
10.03	0.84	0.20
10.04	0.85	0.22
10.05	0.85	0.24
10.06	0.85	0.22
10.07	0.85	0.23
10.08	0.85	0.24
10.09	0.85	0.22
10.10	0.85	0.21
10.11	0.85	0.21
10.12	0.85	0.21
10.13	0.85	0.21
10.14	0.85	0.21
10.15	0.85	0.21
10.16	0.86	0.23
10.17	0.86	0.20
10.18	0.86	0.17
10.19	0.86	0.16
10.20	0.86	0.16
10.21	0.86	0.17
10.22	0.86	0.18
10.23	0.86	0.18
10.24	0.86	0.15
10.25	0.86	0.15
10.26	0.86	0.16
10.27	0.86	0.15
10.28	0.87	0.18
10.29	0.87	0.19
10.30	0.87	0.16
10.31	0.87	0.14
10.32	0.87	0.13
10.33	0.87	0.15
10.34	0.87	0.16
10.35	0.87	0.13
10.36	0.87	0.13
10.37	0.87	0.14
10.38	0.87	0.16
10.39	0.87	0.16
10.40	0.88	0.15
10.41	0.88	0.16
10.42	0.88	0.16
10.43	0.88	0.17
10.44	0.88	0.16
10.45	0.88	0.17
10.46	0.88	0.17
10.47	0.88	0.15
10.48	0.88	0.15
10.49	0.88	0.16
10.50	0.88	0.17
10.51	0.88	0.18
10.52	0.89	0.18
10.53	0.89	0.16
10.54	0.89	0.15
10.55	0.89	0.17
10.56	0.89	0.16
10.57	0.89	0.15
10.58	0.89	0.18
10.59	0.89	0.18
10.60	0.89	0.18
10.61	0.89	0.16
10.62	0.89	0.15
10.63	0.89	0.14
10.64	0.90	0.16
10.65	0.90	0.19
10.66	0.90	0.19
10.67	0.90	0.19
10.68	0.90	0.16
10.69	0.90	0.16
10.70	0.90	0.16
10.71	0.90	0.16
10.72	0.90	0.19
10.73	0.90	0.18
10.74	0.90	0.16
10.75	0.90	0.17
10.76	0.91	0.20
10.77	0.91	0.20
10.78	0.91	0.19
10.79	0.91	0.19
10.80	0.91	0.16
10.81	0.91	0.17
10.82	0.91	0.21
10.83	0.91	0.18
10.84	0.91	0.17
10.85	0.91	0.17
10.86	0.91	0.18
10.87	0.91	0.18
10.88	0.92	0.16
10.89	0.92	0.16
10.90	0.92	0.16
10.91	0.92	0.16
10.92	0.92	0.17
10.93	0.92	0.18
10.94	0.92	0.19
10.95	0.92	0.18
10.96	0.92	0.18
10.97	0.92	0.18
10.98	0.92	0.17
10.99	0.92	0.15
11.00	0.93	0.18
11.01	0.93	0.18
11.02	0.93	0.17
11.03	0.93	0.19
11.04	0.93	0.18
11.05	0.93	0.19
11.06	0.93	0.21
11.07	0.93	0.20
11.08	0.93	0.20
11.09	0.93	0.20
11.10	0.93	0.18
11.11	0.93	0.17
11.12	0.94	0.16
11.13	0.94	0.16
11.14	0.94	0.19
11.15	0.94	0.16
11.16	0.94	0.17
11.17	0.94	0.18
11.18	0.94	0.16
11.19	0.94	0.18
11.20	0.94	0.21
11.21	0.94	0.21
11.22	0.94	0.18
11.23	0.94	0.19
11.24	0.95	0.21
11.25	0.95	0.18
11.26	0.95	0.19
11.27	0.95	0.19
11.28	0.95	0.18
11.29	0.95	0.20
11.30	0.95	0.19
11.31	0.95	0.19
11.32	0.95	0.20
11.33	0.95	0.19
11.34	0.95	0.20
11.35	0.95	0.21
11.36	0.96	0.20
11.37	0.96	0.18
11.38	0.96	0.20
11.39	0.96	0.19
11.40	0.96	0.20
11.41	0.96	0.22
11.42	0.96	0.19
11.43	0.96	0.19
11.44	0.96	0.21
11.45	0.96	0.21
11.46	0.96	0.18
11.47	0.96	0.18
11.48	0.97	0.22
11.49	0.97	0.20
11.50	0.97	0.20
11.51	0.97	0.20
11.52	0.97	0.18
11.53	0.97	0.18
11.54	0.97	0.19
11.55	0.97	0.20
11.56	0.97	0.21
11.57	0.97	0.19
11.58	0.97	0.20
11.59	0.97	0.19
11.60	0.98	0.19
11.61	0.98	0.20
11.62	0.98	0.19
11.63	0.98	0.21
11.64	0.98	0.21
11.65	0.98	0.18
11.66	0.98	0.17
11.67	0.98	0.20
11.68	0.98	0.21
11.69	0.98	0.20
11.70	0.98	0.20
11.71	0.98	0.19
11.72	0.99	0.19
11.73	0.99	0.19
11.74	0.99	0.19
11.75	0.99	0.22
11.76	0.99	0.22
11.77	0.99	0.20
11.78	0.99	0.21
11.79	0.99	0.21
11.80	0.99	0.21
11.81	0.99	0.20
11.82	0.99	0.20
11.83	0.99	0.23
11.84	1.00	0.22
11.85	1.00	0.21
11.86	1.00	0.20
11.87	1.00	0.20
11.88	1.00	0.22
11.89	1.00	0.21
11.90	1.00	0.21
11.91	1.00	0.22
11.92	1.00	0.21
11.93	1.00	0.20
11.94	1.00	0.20
11.95	1.00	0.21
11.96	1.01	0.21
11.97	1.01	0.20
11.98	1.01	0.22
11.99	1.01	0.22
12.00	1.01	0.21
12.01	1.01	0.21
12.02	1.01	0.20
12.03	1.01	0.21
12.04	1.01	0.22
12.05	1.01	0.22
12.06	1.01	0.22
12.07	1.01	0.21
12.08	1.02	0.21
12.09	1.02	0.20
12.10	1.02	0.21
12.11	1.02	0.21
12.12	1.02	0.20
12.13	1.02	0.21
12.14	1.02	0.22
12.15	1.02	0.22
12.16	1.02	0.25
12.17	1.02	0.24
12.18	1.02	0.22
12.19	1.02	0.21
12.20	1.03	0.23
12.21	1.03	0.23
12.22	1.03	0.22
12.23	1.03	0.22
12.24	1.03	0.22
12.25	1.03	0.23
12.26	1.03	0.22
12.27	1.03	0.21
12.28	1.03	0.21
12.29	1.03	0.22
12.30	1.03	0.23
12.31	1.03	0.24
12.32	1.04	0.24
12.33	1.04	0.21
12.34	1.04	0.21
12.35	1.04	0.24
12.36	1.04	0.24
12.37	1.04	0.21
12.38	1.04	0.22
12.39	1.04	0.23
12.40	1.04	0.20
12.41	1.04	0.21
12.42	1.04	0.23
12.43	1.04	0.23
12.44	1.05	0.23
12.45	1.05	0.21
12.46	1.05	0.22
12.47	1.05	0.21
12.48	1.05	0.22
12.49	1.05	0.24
12.50	1.05	0.21
12.51	1.05	0.22
12.52	1.05	0.24
12.53	1.05	0.25
12.54	1.05	0.25
12.55	1.05	0.22
12.56	1.06	0.23
12.57	1.06	0.24
12.58	1.06	0.24
12.59	1.06	0.22
12.60	1.06	0.23
12.61	1.06	0.24
12.62	1.06	0.24
12.63	1.06	0.23
12.64	1.06	0.22
12.65	1.06	0.22
12.66	1.06	0.25
12.67	1.06	0.23
12.68	1.07	0.23
12.69	1.07	0.23
12.70	1.07	0.23
12.71	1.07	0.24
12.72	1.07	0.22
12.73	1.07	0.22
12.74	1.07	0.24
12.75	1.07	0.24
12.76	1.07	0.21
12.77	1.07	0.22
12.78	1.07	0.24
12.79	1.07	0.23
12.80	1.08	0.24
12.81	1.08	0.24
12.82	1.08	0.25
12.83	1.08	0.25
12.84	1.08	0.24
12.85	1.08	0.22
12.86	1.08	0.23
12.87	1.08	0.24
12.88	1.08	0.23
12.89	1.08	0.23
12.90	1.08	0.25
12.91	1.08	0.23
12.92	1.09	0.25
12.93	1.09	0.25
12.94	1.09	0.25
12.95	1.09	0.26
12.96	1.09	0.26
12.97	1.09	0.24
12.98	1.09	0.23
12.99	1.09	0.23
13.00	1.09	0.22
13.01	1.09	0.23
13.02	1.09	0.24
13.03	1.09	0.22
13.04	1.10	0.23
13.05	1.10	0.25
13.06	1.10	0.26
13.07	1.10	0.25
13.08	1.10	0.25
13.09	1.10	0.26
13.10	1.10	0.26
13.11	1.10	0.26
13.12	1.10	0.24
13.13	1.10	0.22
13.14	1.10	0.25
13.15	1.10	0.26
13.16	1.11	0.25
13.17	1.11	0.26
13.18	1.11	0.26
13.19	1.11	0.24
13.20	1.11	0.24
13.21	1.11	0.25
13.22	1.11	0.27
13.23	1.11	0.26
13.24	1.11	0.24
13.25	1.11	0.26
13.26	1.11	0.28
13.27	1.11	0.25
13.28	1.12	0.24
13.29	1.12	0.24
13.30	1.12	0.27
13.31	1.12	0.27
13.32	1.12	0.24
13.33	1.12	0.25
13.34	1.12	0.26
13.35	1.12	0.27
13.36	1.12	0.25
13.37	1.12	0.27
13.38	1.12	0.26
13.39	1.12	0.24
13.40	1.13	0.26
13.41	1.13	0.25
13.42	1.13	0.24
13.43	1.13	0.25
13.44	1.13	0.27
13.45	1.13	0.26
13.46	1.13	0.26
13.47	1.13	0.27
13.48	1.13	0.28
13.49	1.13	0.28
13.50	1.13	0.27
13.51	1.13	0.27
13.52	1.14	0.26
13.53	1.14	0.27
13.54	1.14	0.26
13.55	1.14	0.25
13.56	1.14	0.26
13.57	1.14	0.26
13.58	1.14	0.24
13.59	1.14	0.23
13.60	1.14	0.25
13.61	1.14	0.26
13.62	1.14	0.25
13.63	1.14	0.24
13.64	1.15	0.25
13.65	1.15	0.26
13.66	1.15	0.27
13.67	1.15	0.28
13.68	1.15	0.27
13.69	1.15	0.26
13.70	1.15	0.26
13.71	1.15	0.27
13.72	1.15	0.26
13.73	1.15	0.27
13.74	1.15	0.28
13.75	1.15	0.28
13.76	1.16	0.27
13.77	1.16	0.26
13.78	1.16	0.27
13.79	1.16	0.27
13.80	1.16	0.27
13.81	1.16	0.26
13.82	1.16	0.25
13.83	1.16	0.27
13.84	1.16	0.29
13.85	1.16	0.30
13.86	1.16	0.27
13.87	1.16	0.25
13.88	1.17	0.25
13.89	1.17	0.25
13.90	1.17	0.26
13.91	1.17	0.27
13.92	1.17	0.29
13.93	1.17	0.27
13.94	1.17	0.26
13.95	1.17	0.27
13.96	1.17	0.27
13.97	1.17	0.27
13.98	1.17	0.26
13.99	1.17	0.28
14.00	1.18	0.27
14.01	1.18	0.28
14.02	1.18	0.29
14.03	1.18	0.27
14.04	1.18	0.27
14.05	1.18	0.28
14.06	1.18	0.28
14.07	1.18	0.29
14.08	1.18	0.27
14.09	1.18	0.27
14.10	1.18	0.27
14.11	1.18	0.28
14.12	1.19	0.31
14.13	1.19	0.29
14.14	1.19	0.27
14.15	1.19	0.28
14.16	1.19	0.28
14.17	1.19	0.27
14.18	1.19	0.28
14.19	1.19	0.27
14.20	1.19	0.27
14.21	1.19	0.29
14.22	1.19	0.31
14.23	1.19	0.29
14.24	1.20	0.27
14.25	1.20	0.28
14.26	1.20	0.28
14.27	1.20	0.29
14.28	1.20	0.29
14.29	1.20	0.27
14.30	1.20	0.27
14.31	1.20	0.30
14.32	1.20	0.28
14.33	1.20	0.27
14.34	1.20	0.29
14.35	1.20	0.27
14.36	1.21	0.28
14.37	1.21	0.31
14.38	1.21	0.31
14.39	1.21	0.28
14.40	1.21	0.28
14.41	1.21	0.29
14.42	1.21	0.28
14.43	1.21	0.28
14.44	1.21	0.29
14.45	1.21	0.29
14.46	1.21	0.28
14.47	1.21	0.28
14.48	1.22	0.28
14.49	1.22	0.32
14.50	1.22	0.33
14.51	1.22	0.30
14.52	1.22	0.29
14.53	1.22	0.30
14.54	1.22	0.30
14.55	1.22	0.29
14.56	1.22	0.30
14.57	1.22	0.28
14.58	1.22	0.25
14.59	1.22	0.26
14.60	1.23	0.30
14.61	1.23	0.30
14.62	1.23	0.28
14.63	1.23	0.27
14.64	1.23	0.28
14.65	1.23	0.29
14.66	1.23	0.31
14.67	1.23	0.32
14.68	1.23	0.30
14.69	1.23	0.30
14.70	1.23	0.30
14.71	1.23	0.29
14.72	1.24	0.30
14.73	1.24	0.31
14.74	1.24	0.31
14.75	1.24	0.30
14.76	1.24	0.31
14.77	1.24	0.32
14.78	1.24	0.29
14.79	1.24	0.29
14.80	1.24	0.30
14.81	1.24	0.31
14.82	1.24	0.31
14.83	1.24	0.29
14.84	1.25	0.29
14.85	1.25	0.29
14.86	1.25	0.31
14.87	1.25	0.31
14.88	1.25	0.31
14.89	1.25	0.32
14.90	1.25	0.34
14.91	1.25	0.33
14.92	1.25	0.30
14.93	1.25	0.31
14.94	1.25	0.32
14.95	1.25	0.29
14.96	1.26	0.31
14.97	1.26	0.32
14.98	1.26	0.30
14.99	1.26	0.27
15.00	1.26	0.27
15.01	1.26	0.29
15.02	1.26	0.31
15.03	1.26	0.30
15.04	1.26	0.29
15.05	1.26	0.31
15.06	1.26	0.33
15.07	1.26	0.30
15.08	1.27	0.30
15.09	1.27	0.31
15.10	1.27	0.30
15.11	1.27	0.30
15.12	1.27	0.29
15.13	1.27	0.30
15.14	1.27	0.31
15.15	1.27	0.30
15.16	1.27	0.28
15.17	1.27	0.31
15.18	1.27	0.32
15.19	1.27	0.31
15.20	1.28	0.31
15.21	1.28	0.31
15.22	1.28	0.30
15.23	1.28	0.31
15.24	1.28	0.32
15.25	1.28	0.31
15.26	1.28	0.31
15.27	1.28	0.31
15.28	1.28	0.29
15.29	1.28	0.28
15.30	1.28	0.31
15.31	1.28	0.34
15.32	1.29	0.33
15.33	1.29	0.33
15.34	1.29	0.32
15.35	1.29	0.32
15.36	1.29	0.32
15.37	1.29	0.31
15.38	1.29	0.30
15.39	1.29	0.32
15.40	1.29	0.34
15.41	1.29	0.34
15.42	1.29	0.32
15.43	1.29	0.31
15.44	1.30	0.30
15.45	1.30	0.31
15.46	1.30	0.32
15.47	1.30	0.32
15.48	1.30	0.34
15.49	1.30	0.36
15.50	1.30	0.33
15.51	1.30	0.32
15.52	1.30	0.31
15.53	1.30	0.31
15.54	1.30	0.31
15.55	1.30	0.31
15.56	1.31	0.32
15.57	1.31	0.33
15.58	1.31	0.32
15.59	1.31	0.32
15.60	1.31	0.34
15.61	1.31	0.33
15.62	1.31	0.34
15.63	1.31	0.32
15.64	1.31	0.34
15.65	1.31	0.34
15.66	1.31	0.34
15.67	1.31	0.32
15.68	1.32	0.32
15.69	1.32	0.33
15.70	1.32	0.33
15.71	1.32	0.31
15.72	1.32	0.32
15.73	1.32	0.33
15.74	1.32	0.31
15.75	1.32	0.32
15.76	1.32	0.32
15.77	1.32	0.32
15.78	1.32	0.33
15.79	1.32	0.34
15.80	1.33	0.34
15.81	1.33	0.34
15.82	1.33	0.32
15.83	1.33	0.32
15.84	1.33	0.33
15.85	1.33	0.32
15.86	1.33	0.32
15.87	1.33	0.32
15.88	1.33	0.32
15.89	1.33	0.33
15.90	1.33	0.34
15.91	1.33	0.34
15.92	1.34	0.33
15.93	1.34	0.32
15.94	1.34	0.34
15.95	1.34	0.32
15.96	1.34	0.32
15.97	1.34	0.32
15.98	1.34	0.32
15.99	1.34	0.34
16.00	1.34	0.33
16.01	1.34	0.33
16.02	1.34	0.32
16.03	1.34	0.33
16.04	1.35	0.34
16.05	1.35	0.35
16.06	1.35	0.35
16.07	1.35	0.33
16.08	1.35	0.33
16.09	1.35	0.34
16.10	1.35	0.36
16.11	1.35	0.34
16.12	1.35	0.32
16.13	1.35	0.34
16.14	1.35	0.34
16.15	1.35	0.33
16.16	1.36	0.34
16.17	1.36	0.38
16.18	1.36	0.38
16.19	1.36	0.34
16.20	1.36	0.34
16.21	1.36	0.35
16.22	1.36	0.34
16.23	1.36	0.32
16.24	1.36	0.33
16.25	1.36	0.35
16.26	1.36	0.34
16.27	1.36	0.34
16.28	1.37	0.35
16.29	1.37	0.35
16.30	1.37	0.35
16.31	1.37	0.35
16.32	1.37	0.35
16.33	1.37	0.35
16.34	1.37	0.36
16.35	1.37	0.36
16.36	1.37	0.36
16.37	1.37	0.33
16.38	1.37	0.34
16.39	1.37	0.34
16.40	1.38	0.33
16.41	1.38	0.34
16.42	1.38	0.34
16.43	1.38	0.34
16.44	1.38	0.35
16.45	1.38	0.36
16.46	1.38	0.34
16.47	1.38	0.32
16.48	1.38	0.34
16.49	1.38	0.35
16.50	1.38	0.34
16.51	1.38	0.35
16.52	1.39	0.33
16.53	1.39	0.33
16.54	1.39	0.34
16.55	1.39	0.34
16.56	1.39	0.35
16.57	1.39	0.35
16.58	1.39	0.35
16.59	1.39	0.37
16.60	1.39	0.36
16.61	1.39	0.34
16.62	1.39	0.35
16.63	1.39	0.36
16.64	1.40	0.35
16.65	1.40	0.35
16.66	1.40	0.34
16.67	1.40	0.35
16.68	1.40	0.37
16.69	1.40	0.37
16.70	1.40	0.37
16.71	1.40	0.37
16.72	1.40	0.38
16.73	1.40	0.38
16.74	1.40	0.36
16.75	1.40	0.34
16.76	1.41	0.34
16.77	1.41	0.36
16.78	1.41	0.35
16.79	1.41	0.35
16.80	1.41	0.36
16.81	1.41	0.36
16.82	1.41	0.36
16.83	1.41	0.35
16.84	1.41	0.36
16.85	1.41	0.37
16.86	1.41	0.37
16.87	1.41	0.35
16.88	1.42	0.36
16.89	1.42	0.37
16.90	1.42	0.37
16.91	1.42	0.38
16.92	1.42	0.38
16.93	1.42	0.37
16.94	1.42	0.34
16.95	1.42	0.34
16.96	1.42	0.35
16.97	1.42	0.37
16.98	1.42	0.39
16.99	1.42	0.37
17.00	1.43	0.39
17.01	1.43	0.38
17.02	1.43	0.36
17.03	1.43	0.36
17.04	1.43	0.35
17.05	1.43	0.37
17.06	1.43	0.36
17.07	1.43	0.36
17.08	1.43	0.37
17.09	1.43	0.37
17.10	1.43	0.38
17.11	1.43	0.39
17.12	1.44	0.39
17.13	1.44	0.37
17.14	1.44	0.36
17.15	1.44	0.37
17.16	1.44	0.37
17.17	1.44	0.35
17.18	1.44	0.37
17.19	1.44	0.37
17.20	1.44	0.35
17.21	1.44	0.38
17.22	1.44	0.40
17.23	1.44	0.39
17.24	1.45	0.37
17.25	1.45	0.39
17.26	1.45	0.40
17.27	1.45	0.40
17.28	1.45	0.39
17.29	1.45	0.38
17.30	1.45	0.37
17.31	1.45	0.39
17.32	1.45	0.40
17.33	1.45	0.38
17.34	1.45	0.38
17.35	1.45	0.40
17.36	1.46	0.38
17.37	1.46	0.40
17.38	1.46	0.39
17.39	1.46	0.36
17.40	1.46	0.38
17.41	1.46	0.38
17.42	1.46	0.37
17.43	1.46	0.40
17.44	1.46	0.41
17.45	1.46	0.39
17.46	1.46	0.38
17.47	1.46	0.40
17.48	1.47	0.39
17.49	1.47	0.38
17.50	1.47	0.38
17.51	1.47	0.38
17.52	1.47	0.39
17.53	1.47	0.40
17.54	1.47	0.37
17.55	1.47	0.35
17.56	1.47	0.38
17.57	1.47	0.38
17.58	1.47	0.37
17.59	1.47	0.37
17.60	1.48	0.39
17.61	1.48	0.40
17.62	1.48	0.40
17.63	1.48	0.39
17.64	1.48	0.39
17.65	1.48	0.38
17.66	1.48	0.40
17.67	1.48	0.39
17.68	1.48	0.38
17.69	1.48	0.38
17.70	1.48	0.36
17.71	1.48	0.37
17.72	1.49	0.39
17.73	1.49	0.37
17.74	1.49	0.37
17.75	1.49	0.41
17.76	1.49	0.39
17.77	1.49	0.38
17.78	1.49	0.37
17.79	1.49	0.39
17.80	1.49	0.38
17.81	1.49	0.37
17.82	1.49	0.38
17.83	1.49	0.38
17.84	1.50	0.38
17.85	1.50	0.40
17.86	1.50	0.39
17.87	1.50	0.38
17.88	1.50	0.40
17.89	1.50	0.37
17.90	1.50	0.38
17.91	1.50	0.39
17.92	1.50	0.37
17.93	1.50	0.39
17.94	1.50	0.41
17.95	1.50	0.40
17.96	1.51	0.39
17.97	1.51	0.41
17.98	1.51	0.41
17.99	1.51	0.40
18.00	1.51	0.40
18.01	1.51	0.38
18.02	1.51	0.38
18.03	1.51	0.40
18.04	1.51	0.40
18.05	1.51	0.40
18.06	1.51	0.42
18.07	1.51	0.41
18.08	1.52	0.39
18.09	1.52	0.41
18.10	1.52	0.43
18.11	1.52	0.41
18.12	1.52	0.39
18.13	1.52	0.39
18.14	1.52	0.40
18.15	1.52	0.40
18.16	1.52	0.40
18.17	1.52	0.39
18.18	1.52	0.40
18.19	1.52	0.40
18.20	1.53	0.39
18.21	1.53	0.40
18.22	1.53	0.40
18.23	1.53	0.39
18.24	1.53	0.43
18.25	1.53	0.42
18.26	1.53	0.40
18.27	1.53	0.40
18.28	1.53	0.40
18.29	1.53	0.42
18.30	1.53	0.41
18.31	1.53	0.40
18.32	1.54	0.40
18.33	1.54	0.41
18.34	1.54	0.41
18.35	1.54	0.41
18.36	1.54	0.40
18.37	1.54	0.40
18.38	1.54	0.42
18.39	1.54	0.43
18.40	1.54	0.42
18.41	1.54	0.41
18.42	1.54	0.42
18.43	1.54	0.42
18.44	1.55	0.42
18.45	1.55	0.40
18.46	1.55	0.41
18.47	1.55	0.41
18.48	1.55	0.42
18.49	1.55	0.43
18.50	1.55	0.42
18.51	1.55	0.44
18.52	1.55	0.43
18.53	1.55	0.41
18.54	1.55	0.43
18.55	1.55	0.42
18.56	1.56	0.40
18.57	1.56	0.41
18.58	1.56	0.41
18.59	1.56	0.43
18.60	1.56	0.44
18.61	1.56	0.42
18.62	1.56	0.41
18.63	1.56	0.42
18.64	1.56	0.41
18.65	1.56	0.40
18.66	1.56	0.39
18.67	1.56	0.41
18.68	1.57	0.43
18.69	1.57	0.41
18.70	1.57	0.42
18.71	1.57	0.42
18.72	1.57	0.42
18.73	1.57	0.41
18.74	1.57	0.39
18.75	1.57	0.39
18.76	1.57	0.40
18.77	1.57	0.39
18.78	1.57	0.40
18.79	1.57	0.41
18.80	1.58	0.38
18.81	1.58	0.39
18.82	1.58	0.40
18.83	1.58	0.39
18.84	1.58	0.39
18.85	1.58	0.38
18.86	1.58	0.40
18.87	1.58	0.42
18.88	1.58	0.40
18.89	1.58	0.39
18.90	1.58	0.40
18.91	1.58	0.40
18.92	1.59	0.41
18.93	1.59	0.40
18.94	1.59	0.41
18.95	1.59	0.44
18.96	1.59	0.42
18.97	1.59	0.40
18.98	1.59	0.41
18.99	1.59	0.43
19.00	1.59	0.42
19.01	1.59	0.41
19.02	1.59	0.41
19.03	1.59	0.41
19.04	1.60	0.40
19.05	1.60	0.39
19.06	1.60	0.39
19.07	1.60	0.40
19.08	1.60	0.41
19.09	1.60	0.41
19.10	1.60	0.39
19.11	1.60	0.43
19.12	1.60	0.42
19.13	1.60	0.41
19.14	1.60	0.41
19.15	1.60	0.41
19.16	1.61	0.43
19.17	1.61	0.43
19.18	1.61	0.42
19.19	1.61	0.40
19.20	1.61	0.41
19.21	1.61	0.40
19.22	1.61	0.39
19.23	1.61	0.41
19.24	1.61	0.40
19.25	1.61	0.39
19.26	1.61	0.42
19.27	1.61	0.43
19.28	1.62	0.41
19.29	1.62	0.38
19.30	1.62	0.41
19.31	1.62	0.44
19.32	1.62	0.44
19.33	1.62	0.43
19.34	1.62	0.39
19.35	1.62	0.39
19.36	1.62	0.41
19.37	1.62	0.43
19.38	1.62	0.41
19.39	1.62	0.40
19.40	1.63	0.41
19.41	1.63	0.42
19.42	1.63	0.43
19.43	1.63	0.41
19.44	1.63	0.41
19.45	1.63	0.41
19.46	1.63	0.42
19.47	1.63	0.42
19.48	1.63	0.43
19.49	1.63	0.44
19.50	1.63	0.43
19.51	1.63	0.42
19.52	1.64	0.43
19.53	1.64	0.44
19.54	1.64	0.41
19.55	1.64	0.42
19.56	1.64	0.42
19.57	1.64	0.41
19.58	1.64	0.42
19.59	1.64	0.43
19.60	1.64	0.43
19.61	1.64	0.45
19.62	1.64	0.44
19.63	1.64	0.42
19.64	1.65	0.42
19.65	1.65	0.42
19.66	1.65	0.42
19.67	1.65	0.46
19.68	1.65	0.47
19.69	1.65	0.46
19.70	1.65	0.42
19.71	1.65	0.41
19.72	1.65	0.42
19.73	1.65	0.42
19.74	1.65	0.42
19.75	1.65	0.41
19.76	1.66	0.40
19.77	1.66	0.40
19.78	1.66	0.42
19.79	1.66	0.42
19.80	1.66	0.42
19.81	1.66	0.42
19.82	1.66	0.42
19.83	1.66	0.43
19.84	1.66	0.45
19.85	1.66	0.44
19.86	1.66	0.44
19.87	1.66	0.44
19.88	1.67	0.43
19.89	1.67	0.43
19.90	1.67	0.43
19.91	1.67	0.42
19.92	1.67	0.41
19.93	1.67	0.43
19.94	1.67	0.43
19.95	1.67	0.43
19.96	1.67	0.43
19.97	1.67	0.44
19.98	1.67	0.46
19.99	1.67	0.44
20.00	1.68	0.44
20.01	1.68	0.45
20.02	1.68	0.44
20.03	1.68	0.42
20.04	1.68	0.43
20.05	1.68	0.45
20.06	1.68	0.45
20.07	1.68	0.43
20.08	1.68	0.42
20.09	1.68	0.44
20.10	1.68	0.43
20.11	1.68	0.44
20.12	1.69	0.44
20.13	1.69	0.43
20.14	1.69	0.44
20.15	1.69	0.44
20.16	1.69	0.44
20.17	1.69	0.44
20.18	1.69	0.45
20.19	1.69	0.46
20.20	1.69	0.46
20.21	1.69	0.46
20.22	1.69	0.44
20.23	1.69	0.45
20.24	1.70	0.45
20.25	1.70	0.45
20.26	1.70	0.45
20.27	1.70	0.43
20.28	1.70	0.43
20.29	1.70	0.42
20.30	1.70	0.45
20.31	1.70	0.46
20.32	1.70	0.45
20.33	1.70	0.45
20.34	1.70	0.45
20.35	1.70	0.44
20.36	1.71	0.44
20.37	1.71	0.44
20.38	1.71	0.46
20.39	1.71	0.46
20.40	1.71	0.44
20.41	1.71	0.43
20.42	1.71	0.44
20.43	1.71	0.44
20.44	1.71	0.43
20.45	1.71	0.44
20.46	1.71	0.44
20.47	1.71	0.43
20.48	1.72	0.44
20.49	1.72	0.43
20.50	1.72	0.42
20.51	1.72	0.47
20.52	1.72	0.45
20.53	1.72	0.44
20.54	1.72	0.46
20.55	1.72	0.44
20.56	1.72	0.42
20.57	1.72	0.45
20.58	1.72	0.47
20.59	1.72	0.45
20.60	1.73	0.45
20.61	1.73	0.45
20.62	1.73	0.45
20.63	1.73	0.46
20.64	1.73	0.45
20.65	1.73	0.45
20.66	1.73	0.45
20.67	1.73	0.46
20.68	1.73	0.42
20.69	1.73	0.44
20.70	1.73	0.47
20.71	1.73	0.45
20.72	1.74	0.45
20.73	1.74	0.47
20.74	1.74	0.49
20.75	1.74	0.49
20.76	1.74	0.48
20.77	1.74	0.45
20.78	1.74	0.45
20.79	1.74	0.46
20.80	1.74	0.46
20.81	1.74	0.46
20.82	1.74	0.46
20.83	1.74	0.44
20.84	1.75	0.44
20.85	1.75	0.44
20.86	1.75	0.45
20.87	1.75	0.47
20.88	1.75	0.48
20.89	1.75	0.49
20.90	1.75	0.49
20.91	1.75	0.47
20.92	1.75	0.44
20.93	1.75	0.45
20.94	1.75	0.45
20.95	1.75	0.46
20.96	1.76	0.48
20.97	1.76	0.47
20.98	1.76	0.47
20.99	1.76	0.48
21.00	1.76	0.47
21.01	1.76	0.47
21.02	1.76	0.49
21.03	1.76	0.50
21.04	1.76	0.48
21.05	1.76	0.49
21.06	1.76	0.48
21.07	1.76	0.47
21.08	1.77	0.48
21.09	1.77	0.49
21.10	1.77	0.46
21.11	1.77	0.46
21.12	1.77	0.49
21.13	1.77	0.47
21.14	1.77	0.47
21.15	1.77	0.47
21.16	1.77	0.47
21.17	1.77	0.46
21.18	1.77	0.46
21.19	1.77	0.46
21.20	1.78	0.46
21.21	1.78	0.49
21.22	1.78	0.47
21.23	1.78	0.47
21.24	1.78	0.48
21.25	1.78	0.46
21.26	1.78	0.46
21.27	1.78	0.46
21.28	1.78	0.46
21.29	1.78	0.47
21.30	1.78	0.48
21.31	1.78	0.50
21.32	1.79	0.49
21.33	1.79	0.50
21.34	1.79	0.52
21.35	1.79	0.50
21.36	1.79	0.49
21.37	1.79	0.48
21.38	1.79	0.47
21.39	1.79	0.47
21.40	1.79	0.48
21.41	1.79	0.50
21.42	1.79	0.50
21.43	1.79	0.47
21.44	1.80	0.45
21.45	1.80	0.47
21.46	1.80	0.50
21.47	1.80	0.48
21.48	1.80	0.47
21.49	1.80	0.47
21.50	1.80	0.45
21.51	1.80	0.47
21.52	1.80	0.48
21.53	1.80	0.49
21.54	1.80	0.50
21.55	1.80	0.50
21.56	1.81	0.49
21.57	1.81	0.48
21.58	1.81	0.48
21.59	1.81	0.47
21.60	1.81	0.46
21.61	1.81	0.48
21.62	1.81	0.50
21.63	1.81	0.50
21.64	1.81	0.49
21.65	1.81	0.49
21.66	1.81	0.48
21.67	1.81	0.49
21.68	1.82	0.49
21.69	1.82	0.48
21.70	1.82	0.48
21.71	1.82	0.50
21.72	1.82	0.49
21.73	1.82	0.48
21.74	1.82	0.51
21.75	1.82	0.50
21.76	1.82	0.49
21.77	1.82	0.50
21.78	1.82	0.50
21.79	1.82	0.50
21.80	1.83	0.49
21.81	1.83	0.50
21.82	1.83	0.49
21.83	1.83	0.49
21.84	1.83	0.50
21.85	1.83	0.47
21.86	1.83	0.47
21.87	1.83	0.50
21.88	1.83	0.52
21.89	1.83	0.49
21.90	1.83	0.49
21.91	1.83	0.52
21.92	1.84	0.50
21.93	1.84	0.49
21.94	1.84	0.51
21.95	1.84	0.50
21.96	1.84	0.49
21.97	1.84	0.49
21.98	1.84	0.50
21.99	1.84	0.51
22.00	1.84	0.50
22.01	1.84	0.50
22.02	1.84	0.50
22.03	1.84	0.50
22.04	1.85	0.50
22.05	1.85	0.51
22.06	1.85	0.52
22.07	1.85	0.51
22.08	1.85	0.51
22.09	1.85	0.52
22.10	1.85	0.49
22.11	1.85	0.47
22.12	1.85	0.51
22.13	1.85	0.51
22.14	1.85	0.50
22.15	1.85	0.47
22.16	1.86	0.48
22.17	1.86	0.49
22.18	1.86	0.50
22.19	1.86	0.51
22.20	1.86	0.50
22.21	1.86	0.50
22.22	1.86	0.50
22.23	1.86	0.49
22.24	1.86	0.49
22.25	1.86	0.50
22.26	1.86	0.50
22.27	1.86	0.50
22.28	1.87	0.51
22.29	1.87	0.51
22.30	1.87	0.52
22.31	1.87	0.52
22.32	1.87	0.51
22.33	1.87	0.50
22.34	1.87	0.49
22.35	1.87	0.50
22.36	1.87	0.52
22.37	1.87	0.52
22.38	1.87	0.50
22.39	1.87	0.49
22.40	1.88	0.49
22.41	1.88	0.50
22.42	1.88	0.52
22.43	1.88	0.51
22.44	1.88	0.53
22.45	1.88	0.54
22.46	1.88	0.52
22.47	1.88	0.52
22.48	1.88	0.53
22.49	1.88	0.51
22.50	1.88	0.51
22.51	1.88	0.52
22.52	1.89	0.50
22.53	1.89	0.50
22.54	1.89	0.52
22.55	1.89	0.54
22.56	1.89	0.54
22.57	1.89	0.51
22.58	1.89	0.52
22.59	1.89	0.53
22.60	1.89	0.51
22.61	1.89	0.51
22.62	1.89	0.50
22.63	1.89	0.51
22.64	1.90	0.52
22.65	1.90	0.52
22.66	1.90	0.52
22.67	1.90	0.52
22.68	1.90	0.55
22.69	1.90	0.52
22.70	1.90	0.49
22.71	1.90	0.50
22.72	1.90	0.50
22.73	1.90	0.53
22.74	1.90	0.52
22.75	1.90	0.51
22.76	1.91	0.51
22.77	1.91	0.51
22.78	1.91	0.53
22.79	1.91	0.54
22.80	1.91	0.53
22.81	1.91	0.52
22.82	1.91	0.53
22.83	1.91	0.54
22.84	1.91	0.52
22.85	1.91	0.52
22.86	1.91	0.53
22.87	1.91	0.53
22.88	1.92	0.51
22.89	1.92	0.50
22.90	1.92	0.50
22.91	1.92	0.53
22.92	1.92	0.52
22.93	1.92	0.50
22.94	1.92	0.51
22.95	1.92	0.51
22.96	1.92	0.52
22.97	1.92	0.54
22.98	1.92	0.52
22.99	1.92	0.54
23.00	1.93	0.55
23.01	1.93	0.53
23.02	1.93	0.53
23.03	1.93	0.54
23.04	1.93	0.54
23.05	1.93	0.52
23.06	1.93	0.53
23.07	1.93	0.53
23.08	1.93	0.54
23.09	1.93	0.54
23.10	1.93	0.53
23.11	1.93	0.54
23.12	1.94	0.53
23.13	1.94	0.51
23.14	1.94	0.53
23.15	1.94	0.54
23.16	1.94	0.55
23.17	1.94	0.55
23.18	1.94	0.54
23.19	1.94	0.50
23.20	1.94	0.52
23.21	1.94	0.53
23.22	1.94	0.53
23.23	1.94	0.55
23.24	1.95	0.54
23.25	1.95	0.53
23.26	1.95	0.53
23.27	1.95	0.54
23.28	1.95	0.52
23.29	1.95	0.52
23.30	1.95	0.54
23.31	1.95	0.55
23.32	1.95	0.56
23.33	1.95	0.56
23.34	1.95	0.55
23.35	1.95	0.54
23.36	1.96	0.53
23.37	1.96	0.52
23.38	1.96	0.53
23.39	1.96	0.57
23.40	1.96	0.56
23.41	1.96	0.53
23.42	1.96	0.54
23.43	1.96	0.55
23.44	1.96	0.55
23.45	1.96	0.55
23.46	1.96	0.55
23.47	1.96	0.54
23.48	1.97	0.53
23.49	1.97	0.56
23.50	1.97	0.54
23.51	1.97	0.51
23.52	1.97	0.54
23.53	1.97	0.57
23.54	1.97	0.57
23.55	1.97	0.56
23.56	1.97	0.54
23.57	1.97	0.53
23.58	1.97	0.54
23.59	1.97	0.55
23.60	1.98	0.56
23.61	1.98	0.56
23.62	1.98	0.54
23.63	1.98	0.54
23.64	1.98	0.55
23.65	1.98	0.55
23.66	1.98	0.55
23.67	1.98	0.55
23.68	1.98	0.53
23.69	1.98	0.52
23.70	1.98	0.56
23.71	1.98	0.57
23.72	1.99	0.57
23.73	1.99	0.56
23.74	1.99	0.55
23.75	1.99	0.55
23.76	1.99	0.58
23.77	1.99	0.57
23.78	1.99	0.55
23.79	1.99	0.56
23.80	1.99	0.56
23.81	1.99	0.55
23.82	1.99	0.55
23.83	1.99	0.56
23.84	2.00	0.56
23.85	2.00	0.55
23.86	2.00	0.56
23.87	2.00	0.55
23.88	2.00	0.55
23.89	2.00	0.57
23.90	2.00	0.57
23.91	2.00	0.55
23.92	2.00	0.56
23.93	2.00	0.55
23.94	2.00	0.55
23.95	2.00	0.55
23.96	2.01	0.55
23.97	2.01	0.55
23.98	2.01	0.56
23.99	2.01	0.57
24.00	2.01	0.56
24.01	2.01	0.55
24.02	2.01	0.54
24.03	2.01	0.56
24.04	2.01	0.56
24.05	2.01	0.56
24.06	2.01	0.55
24.07	2.01	0.56
24.08	2.02	0.56
24.09	2.02	0.56
24.10	2.02	0.56
24.11	2.02	0.57
24.12	2.02	0.56
24.13	2.02	0.57
24.14	2.02	0.56
24.15	2.02	0.56
24.16	2.02	0.56
24.17	2.02	0.57
24.18	2.02	0.58
24.19	2.02	0.57
24.20	2.03	0.56
24.21	2.03	0.55
24.22	2.03	0.55
24.23	2.03	0.56
24.24	2.03	0.56
24.25	2.03	0.56
24.26	2.03	0.58
24.27	2.03	0.58
24.28	2.03	0.56
24.29	2.03	0.57
24.30	2.03	0.56
24.31	2.03	0.55
24.32	2.04	0.55
24.33	2.04	0.53
24.34	2.04	0.55
24.35	2.04	0.54
24.36	2.04	0.55
24.37	2.04	0.57
24.38	2.04	0.54
24.39	2.04	0.54
24.40	2.04	0.54
24.41	2.04	0.54
24.42	2.04	0.55
24.43	2.04	0.55
24.44	2.05	0.54
24.45	2.05	0.54
24.46	2.05	0.54
24.47	2.05	0.54
24.48	2.05	0.53
24.49	2.05	0.55
24.50	2.05	0.57
24.51	2.05	0.56
24.52	2.05	0.55
24.53	2.05	0.55
24.54	2.05	0.56
24.55	2.05	0.55
24.56	2.06	0.53
24.57	2.06	0.54
24.58	2.06	0.56
24.59	2.06	0.56
24.60	2.06	0.55
24.61	2.06	0.53
24.62	2.06	0.56
24.63	2.06	0.57
24.64	2.06	0.55
24.65	2.06	0.54
24.66	2.06	0.55
24.67	2.06	0.56
24.68	2.07	0.56
24.69	2.07	0.56
24.70	2.07	0.56
24.71	2.07	0.55
24.72	2.07	0.57
24.73	2.07	0.60
24.74	2.07	0.57
24.75	2.07	0.54
24.76	2.07	0.58
24.77	2.07	0.58
24.78	2.07	0.55
24.79	2.07	0.54
24.80	2.08	0.55
24.81	2.08	0.57
24.82	2.08	0.56
24.83	2.08	0.57
24.84	2.08	0.58
24.85	2.08	0.58
24.86	2.08	0.58
24.87	2.08	0.58
24.88	2.08	0.58
24.89	2.08	0.56
24.90	2.08	0.55
24.91	2.08	0.56
24.92	2.09	0.57
24.93	2.09	0.55
24.94	2.09	0.56
24.95	2.09	0.59
24.96	2.09	0.59
24.97	2.09	0.57
24.98	2.09	0.55
24.99	2.09	0.56
25.00	2.09	0.57
25.01	2.09	0.56
25.02	2.09	0.58
25.03	2.09	0.57
25.04	2.10	0.56
25.05	2.10	0.58
25.06	2.10	0.58
25.07	2.10	0.58
25.08	2.10	0.59
25.09	2.10	0.58
25.10	2.10	0.57
25.11	2.10	0.60
25.12	2.10	0.59
25.13	2.10	0.57
25.14	2.10	0.56
25.15	2.10	0.58
25.16	2.11	0.58
25.17	2.11	0.57
25.18	2.11	0.57
25.19	2.11	0.58
25.20	2.11	0.58
25.21	2.11	0.58
25.22	2.11	0.59
25.23	2.11	0.58
25.24	2.11	0.56
25.25	2.11	0.54
25.26	2.11	0.57
25.27	2.11	0.58
25.28	2.12	0.56
25.29	2.12	0.56
25.30	2.12	0.57
25.31	2.12	0.58
25.32	2.12	0.57
25.33	2.12	0.57
25.34	2.12	0.57
25.35	2.12	0.57
25.36	2.12	0.57
25.37	2.12	0.56
25.38	2.12	0.58
25.39	2.12	0.58
25.40	2.13	0.56
25.41	2.13	0.55
25.42	2.13	0.57
25.43	2.13	0.59
25.44	2.13	0.60
25.45	2.13	0.60
25.46	2.13	0.58
25.47	2.13	0.56
25.48	2.13	0.57
25.49	2.13	0.56
25.50	2.13	0.57
25.51	2.13	0.60
25.52	2.14	0.58
25.53	2.14	0.60
25.54	2.14	0.59
25.55	2.14	0.60
25.56	2.14	0.59
25.57	2.14	0.56
25.58	2.14	0.58
25.59	2.14	0.58
25.60	2.14	0.60
25.61	2.14	0.62
25.62	2.14	0.60
25.63	2.14	0.59
25.64	2.15	0.57
25.65	2.15	0.57
25.66	2.15	0.59
25.67	2.15	0.59
25.68	2.15	0.59
25.69	2.15	0.58
25.70	2.15	0.59
25.71	2.15	0.60
25.72	2.15	0.60
25.73	2.15	0.61
25.74	2.15	0.62
25.75	2.15	0.62
25.76	2.16	0.60
25.77	2.16	0.58
25.78	2.16	0.59
25.79	2.16	0.59
25.80	2.16	0.61
25.81	2.16	0.62
25.82	2.16	0.60
25.83	2.16	0.59
25.84	2.16	0.58
25.85	2.16	0.60
25.86	2.16	0.60
25.87	2.16	0.59
25.88	2.17	0.59
25.89	2.17	0.60
25.90	2.17	0.63
25.91	2.17	0.62
25.92	2.17	0.63
25.93	2.17	0.62
25.94	2.17	0.60
25.95	2.17	0.61
25.96	2.17	0.60
25.97	2.17	0.59
25.98	2.17	0.60
25.99	2.17	0.58
26.00	2.18	0.58
26.01	2.18	0.57
26.02	2.18	0.58
26.03	2.18	0.62
26.04	2.18	0.62
26.05	2.18	0.61
26.06	2.18	0.60
26.07	2.18	0.60
26.08	2.18	0.62
26.09	2.18	0.63
26.10	2.18	0.60
26.11	2.18	0.60
26.12	2.19	0.62
26.13	2.19	0.61
26.14	2.19	0.59
26.15	2.19	0.58
26.16	2.19	0.59
26.17	2.19	0.60
26.18	2.19	0.62
26.19	2.19	0.63
26.20	2.19	0.61
26.21	2.19	0.60
26.22	2.19	0.61
26.23	2.19	0.62
26.24	2.20	0.61
26.25	2.20	0.59
26.26	2.20	0.57
26.27	2.20	0.61
26.28	2.20	0.63
26.29	2.20	0.62
26.30	2.20	0.61
26.31	2.20	0.63
26.32	2.20	0.62
26.33	2.20	0.61
26.34	2.20	0.61
26.35	2.20	0.62
26.36	2.21	0.63
26.37	2.21	0.61
26.38	2.21	0.63
26.39	2.21	0.63
26.40	2.21	0.63
26.41	2.21	0.61
26.42	2.21	0.59
26.43	2.21	0.58
26.44	2.21	0.59
26.45	2.21	0.61
26.46	2.21	0.61
26.47	2.21	0.62
26.48	2.22	0.62
26.49	2.22	0.63
26.50	2.22	0.62
26.51	2.22	0.60
26.52	2.22	0.62
26.53	2.22	0.63
26.54	2.22	0.62
26.55	2.22	0.61
26.56	2.22	0.62
26.57	2.22	0.63
26.58	2.22	0.63
26.59	2.22	0.64
26.60	2.23	0.63
26.61	2.23	0.60
26.62	2.23	0.60
26.63	2.23	0.59
26.64	2.23	0.59
26.65	2.23	0.63
26.66	2.23	0.63
26.67	2.23	0.61
26.68	2.23	0.63
26.69	2.23	0.63
26.70	2.23	0.62
26.71	2.23	0.63
26.72	2.24	0.63
26.73	2.24	0.63
26.74	2.24	0.63
26.75	2.24	0.63
26.76	2.24	0.61
26.77	2.24	0.61
26.78	2.24	0.64
26.79	2.24	0.66
26.80	2.24	0.65
26.81	2.24	0.64
26.82	2.24	0.65
26.83	2.24	0.63
26.84	2.25	0.62
26.85	2.25	0.62
26.86	2.25	0.62
26.87	2.25	0.62
26.88	2.25	0.62
26.89	2.25	0.62
26.90	2.25	0.61
26.91	2.25	0.63
26.92	2.25	0.63
26.93	2.25	0.61
26.94	2.25	0.63
26.95	2.25	0.62
26.96	2.26	0.61
26.97	2.26	0.62
26.98	2.26	0.64
26.99	2.26	0.65
27.00	2.26	0.62
27.01	2.26	0.62
27.02	2.26	0.62
27.03	2.26	0.63
27.04	2.26	0.62
27.05	2.26	0.59
27.06	2.26	0.62
27.07	2.26	0.63
27.08	2.27	0.63
27.09	2.27	0.63
27.10	2.27	0.62
27.11	2.27	0.62
27.12	2.27	0.63
27.13	2.27	0.65
27.14	2.27	0.65
27.15	2.27	0.64
27.16	2.27	0.63
27.17	2.27	0.62
27.18	2.27	0.64
27.19	2.27	0.65
27.20	2.28	0.65
27.21	2.28	0.66
27.22	2.28	0.65
27.23	2.28	0.63
27.24	2.28	0.63
27.25	2.28	0.66
27.26	2.28	0.65
27.27	2.28	0.64
27.28	2.28	0.65
27.29	2.28	0.63
27.30	2.28	0.65
27.31	2.28	0.65
27.32	2.29	0.64
27.33	2.29	0.64
27.34	2.29	0.63
27.35	2.29	0.63
27.36	2.29	0.62
27.37	2.29	0.63
27.38	2.29	0.64
27.39	2.29	0.62
27.40	2.29	0.63
27.41	2.29	0.62
27.42	2.29	0.63
27.43	2.29	0.66
27.44	2.30	0.68
27.45	2.30	0.68
27.46	2.30	0.66
27.47	2.30	0.65
27.48	2.30	0.64
27.49	2.30	0.63
27.50	2.30	0.63
27.51	2.30	0.62
27.52	2.30	0.63
27.53	2.30	0.63
27.54	2.30	0.63
27.55	2.30	0.63
27.56	2.31	0.65
27.57	2.31	0.67
27.58	2.31	0.65
27.59	2.31	0.63
27.60	2.31	0.64
27.61	2.31	0.64
27.62	2.31	0.64
27.63	2.31	0.66
27.64	2.31	0.66
27.65	2.31	0.63
27.66	2.31	0.63
27.67	2.31	0.66
27.68	2.32	0.65
27.69	2.32	0.66
27.70	2.32	0.67
27.71	2.32	0.66
27.72	2.32	0.64
27.73	2.32	0.65
27.74	2.32	0.63
27.75	2.32	0.64
27.76	2.32	0.67
27.77	2.32	0.67
27.78	2.32	0.66
27.79	2.32	0.65
27.80	2.33	0.66
27.81	2.33	0.66
27.82	2.33	0.64
27.83	2.33	0.65
27.84	2.33	0.65
27.85	2.33	0.66
27.86	2.33	0.67
27.87	2.33	0.68
27.88	2.33	0.66
27.89	2.33	0.65
27.90	2.33	0.65
27.91	2.33	0.64
27.92	2.34	0.66
27.93	2.34	0.66
27.94	2.34	0.65
27.95	2.34	0.68
27.96	2.34	0.68
27.97	2.34	0.66
27.98	2.34	0.67
27.99	2.34	0.64
28.00	2.34	0.66
28.01	2.34	0.66
28.02	2.34	0.66
28.03	2.34	0.67
28.04	2.35	0.69
28.05	2.35	0.70
28.06	2.35	0.68
28.07	2.35	0.66
28.08	2.35	0.66
28.09	2.35	0.66
28.10	2.35	0.63
28.11	2.35	0.65
28.12	2.35	0.68
28.13	2.35	0.67
28.14	2.35	0.67
28.15	2.35	0.69
28.16	2.36	0.66
28.17	2.36	0.65
28.18	2.36	0.68
28.19	2.36	0.69
28.20	2.36	0.67
28.21	2.36	0.67
28.22	2.36	0.68
28.23	2.36	0.68
28.24	2.36	0.67
28.25	2.36	0.67
28.26	2.36	0.67
28.27	2.36	0.67
28.28	2.37	0.67
28.29	2.37	0.67
28.30	2.37	0.66
28.31	2.37	0.64
28.32	2.37	0.65
28.33	2.37	0.67
28.34	2.37	0.67
28.35	2.37	0.65
28.36	2.37	0.65
28.37	2.37	0.67
28.38	2.37	0.68
28.39	2.37	0.67
28.40	2.38	0.68
28.41	2.38	0.67
28.42	2.38	0.67
28.43	2.38	0.66
28.44	2.38	0.68
28.45	2.38	0.70
28.46	2.38	0.68
28.47	2.38	0.66
28.48	2.38	0.67
28.49	2.38	0.69
28.50	2.38	0.67
28.51	2.38	0.67
28.52	2.39	0.68
28.53	2.39	0.67
28.54	2.39	0.67
28.55	2.39	0.68
28.56	2.39	0.66
28.57	2.39	0.67
28.58	2.39	0.67
28.59	2.39	0.67
28.60	2.39	0.68
28.61	2.39	0.69
28.62	2.39	0.69
28.63	2.39	0.67
28.64	2.40	0.67
28.65	2.40	0.69
28.66	2.40	0.68
28.67	2.40	0.68
28.68	2.40	0.69
28.69	2.40	0.68
28.70	2.40	0.69
28.71	2.40	0.66
28.72	2.40	0.67
28.73	2.40	0.71
28.74	2.40	0.69
28.75	2.40	0.66
28.76	2.41	0.66
28.77	2.41	0.67
28.78	2.41	0.66
28.79	2.41	0.66
28.80	2.41	0.67
28.81	2.41	0.69
28.82	2.41	0.69
28.83	2.41	0.67
28.84	2.41	0.69
28.85	2.41	0.70
28.86	2.41	0.68
28.87	2.41	0.70
28.88	2.42	0.70
28.89	2.42	0.69
28.90	2.42	0.70
28.91	2.42	0.70
28.92	2.42	0.70
28.93	2.42	0.69
28.94	2.42	0.68
28.95	2.42	0.68
28.96	2.42	0.68
28.97	2.42	0.69
28.98	2.42	0.67
28.99	2.42	0.69
29.00	2.43	0.71
29.01	2.43	0.69
29.02	2.43	0.69
29.03	2.43	0.71
29.04	2.43	0.72
29.05	2.43	0.70
29.06	2.43	0.68
29.07	2.43	0.70
29.08	2.43	0.72
29.09	2.43	0.70
29.10	2.43	0.69
29.11	2.43	0.68
29.12	2.44	0.68
29.13	2.44	0.69
29.14	2.44	0.70
29.15	2.44	0.70
29.16	2.44	0.70
29.17	2.44	0.69
29.18	2.44	0.70
29.19	2.44	0.69
29.20	2.44	0.71
29.21	2.44	0.72
29.22	2.44	0.70
29.23	2.44	0.71
29.24	2.45	0.69
29.25	2.45	0.71
29.26	2.45	0.71
29.27	2.45	0.69
29.28	2.45	0.71
29.29	2.45	0.72
29.30	2.45	0.70
29.31	2.45	0.71
29.32	2.45	0.70
29.33	2.45	0.69
29.34	2.45	0.71
29.35	2.45	0.71
29.36	2.46	0.70
29.37	2.46	0.72
29.38	2.46	0.72
29.39	2.46	0.71
29.40	2.46	0.70
29.41	2.46	0.68
29.42	2.46	0.68
29.43	2.46	0.69
29.44	2.46	0.69
29.45	2.46	0.72
29.46	2.46	0.72
29.47	2.46	0.68
29.48	2.47	0.68
29.49	2.47	0.66
29.50	2.47	0.65
29.51	2.47	0.67
29.52	2.47	0.69
29.53	2.47	0.70
29.54	2.47	0.71
29.55	2.47	0.68
29.56	2.47	0.68
29.57	2.47	0.70
29.58	2.47	0.70
29.59	2.47	0.69
29.60	2.48	0.69
29.61	2.48	0.67
29.62	2.48	0.69
29.63	2.48	0.69
29.64	2.48	0.67
29.65	2.48	0.68
29.66	2.48	0.71
29.67	2.48	0.70
29.68	2.48	0.69
29.69	2.48	0.68
29.70	2.48	0.68
29.71	2.48	0.69
29.72	2.49	0.68
29.73	2.49	0.69
29.74	2.49	0.70
29.75	2.49	0.69
29.76	2.49	0.70
29.77	2.49	0.72
29.78	2.49	0.69
29.79	2.49	0.68
29.80	2.49	0.66
29.81	2.49	0.67
29.82	2.49	0.70
29.83	2.49	0.69
29.84	2.50	0.69
29.85	2.50	0.71
29.86	2.50	0.70
29.87	2.50	0.71
29.88	2.50	0.70
29.89	2.50	0.71
29.90	2.50	0.72
29.91	2.50	0.69
29.92	2.50	0.70
29.93	2.50	0.69
29.94	2.50	0.69
29.95	2.50	0.68
29.96	2.51	0.68
29.97	2.51	0.72
29.98	2.51	0.70
29.99	2.51	0.69
30.00	2.51	0.70
30.01	2.51	0.68
30.02	2.51	0.68
30.03	2.51	0.68
30.04	2.51	0.69
30.05	2.51	0.71
30.06	2.51	0.71
30.07	2.51	0.72
30.08	2.52	0.69
30.09	2.52	0.70
30.10	2.52	0.72
30.11	2.52	0.68
30.12	2.52	0.69
30.13	2.52	0.69
30.14	2.52	0.69
30.15	2.52	0.69
30.16	2.52	0.70
30.17	2.52	0.72
30.18	2.52	0.71
30.19	2.52	0.70
30.20	2.53	0.68
30.21	2.53	0.68
30.22	2.53	0.70
30.23	2.53	0.70
30.24	2.53	0.69
30.25	2.53	0.71
30.26	2.53	0.70
30.27	2.53	0.69
30.28	2.53	0.71
30.29	2.53	0.71
30.30	2.53	0.72
30.31	2.53	0.73
30.32	2.54	0.71
30.33	2.54	0.71
30.34	2.54	0.72
30.35	2.54	0.73
30.36	2.54	0.72
30.37	2.54	0.72
30.38	2.54	0.71
30.39	2.54	0.67
30.40	2.54	0.70
30.41	2.54	0.71
30.42	2.54	0.70
30.43	2.54	0.72
30.44	2.55	0.73
30.45	2.55	0.70
30.46	2.55	0.69
30.47	2.55	0.71
30.48	2.55	0.73
30.49	2.55	0.74
30.50	2.55	0.72
30.51	2.55	0.73
30.52	2.55	0.72
30.53	2.55	0.70
30.54	2.55	0.73
30.55	2.55	0.74
30.56	2.56	0.72
30.57	2.56	0.70
30.58	2.56	0.71
30.59	2.56	0.74
30.60	2.56	0.75
30.61	2.56	0.73
30.62	2.56	0.73
30.63	2.56	0.74
30.64	2.56	0.74
30.65	2.56	0.72
30.66	2.56	0.71
30.67	2.56	0.72
30.68	2.57	0.75
30.69	2.57	0.73
30.70	2.57	0.73
30.71	2.57	0.74
30.72	2.57	0.72
30.73	2.57	0.72
30.74	2.57	0.71
30.75	2.57	0.69
30.76	2.57	0.71
30.77	2.57	0.72
30.78	2.57	0.71
30.79	2.57	0.71
30.80	2.58	0.71
30.81	2.58	0.73
30.82	2.58	0.73
30.83	2.58	0.72
30.84	2.58	0.74
30.85	2.58	0.76
30.86	2.58	0.74
30.87	2.58	0.72
30.88	2.58	0.72
30.89	2.58	0.73
30.90	2.58	0.73
30.91	2.58	0.73
30.92	2.59	0.72
30.93	2.59	0.71
30.94	2.59	0.73
30.95	2.59	0.74
30.96	2.59	0.71
30.97	2.59	0.72
30.98	2.59	0.75
30.99	2.59	0.75
31.00	2.59	0.75
31.01	2.59	0.72
31.02	2.59	0.72
31.03	2.59	0.72
31.04	2.60	0.70
31.05	2.60	0.73
31.06	2.60	0.73
31.07	2.60	0.73
31.08	2.60	0.74
31.09	2.60	0.75
31.10	2.60	0.74
31.11	2.60	0.73
31.12	2.60	0.75
31.13	2.60	0.74
31.14	2.60	0.72
31.15	2.60	0.74
31.16	2.61	0.73
31.17	2.61	0.73
31.18	2.61	0.73
31.19	2.61	0.72
31.20	2.61	0.71
31.21	2.61	0.75
31.22	2.61	0.75
31.23	2.61	0.73
31.24	2.61	0.76
31.25	2.61	0.76
31.26	2.61	0.75
31.27	2.61	0.76
31.28	2.62	0.76
31.29	2.62	0.76
31.30	2.62	0.75
31.31	2.62	0.75
31.32	2.62	0.71
31.33	2.62	0.71
31.34	2.62	0.72
31.35	2.62	0.71
31.36	2.62	0.74
31.37	2.62	0.73
31.38	2.62	0.74
31.39	2.62	0.75
31.40	2.63	0.73
31.41	2.63	0.74
31.42	2.63	0.76
31.43	2.63	0.75
31.44	2.63	0.76
31.45	2.63	0.76
31.46	2.63	0.74
31.47	2.63	0.72
31.48	2.63	0.72
31.49	2.63	0.74
31.50	2.63	0.73
31.51	2.63	0.75
31.52	2.64	0.76
31.53	2.64	0.74
31.54	2.64	0.73
31.55	2.64	0.75
31.56	2.64	0.77
31.57	2.64	0.76
31.58	2.64	0.74
31.59	2.64	0.73
31.60	2.64	0.75
31.61	2.64	0.75
31.62	2.64	0.75
31.63	2.64	0.75
31.64	2.65	0.76
31.65	2.65	0.77
31.66	2.65	0.75
31.67	2.65	0.74
31.68	2.65	0.76
31.69	2.65	0.77
31.70	2.65	0.76
31.71	2.65	0.76
31.72	2.65	0.75
31.73	2.65	0.74
31.74	2.65	0.75
31.75	2.65	0.78
31.76	2.66	0.78
31.77	2.66	0.76
31.78	2.66	0.76
31.79	2.66	0.75
31.80	2.66	0.75
31.81	2.66	0.76
31.82	2.66	0.76
31.83	2.66	0.77
31.84	2.66	0.76
31.85	2.66	0.74
31.86	2.66	0.75
31.87	2.66	0.75
31.88	2.67	0.76
31.89	2.67	0.78
31.90	2.67	0.77
31.91	2.67	0.77
31.92	2.67	0.80
31.93	2.67	0.78
31.94	2.67	0.76
31.95	2.67	0.74
31.96	2.67	0.74
31.97	2.67	0.77
31.98	2.67	0.75
31.99	2.67	0.76
32.00	2.68	0.77
32.01	2.68	0.75
32.02	2.68	0.75
32.03	2.68	0.76
32.04	2.68	0.77
32.05	2.68	0.77
32.06	2.68	0.77
32.07	2.68	0.75
32.08	2.68	0.75
32.09	2.68	0.74
32.10	2.68	0.74
32.11	2.68	0.73
32.12	2.69	0.76
32.13	2.69	0.75
32.14	2.69	0.75
32.15	2.69	0.77
32.16	2.69	0.78
32.17	2.69	0.78
32.18	2.69	0.79
32.19	2.69	0.79
32.20	2.69	0.80
32.21	2.69	0.79
32.22	2.69	0.76
32.23	2.69	0.77
32.24	2.70	0.79
32.25	2.70	0.78
32.26	2.70	0.77
32.27	2.70	0.78
32.28	2.70	0.79
32.29	2.70	0.79
32.30	2.70	0.78
32.31	2.70	0.78
32.32	2.70	0.78
32.33	2.70	0.78
32.34	2.70	0.76
32.35	2.70	0.77
32.36	2.71	0.78
32.37	2.71	0.77
32.38	2.71	0.77
32.39	2.71	0.77
32.40	2.71	0.76
32.41	2.71	0.79
32.42	2.71	0.80
32.43	2.71	0.78
32.44	2.71	0.77
32.45	2.71	0.77
32.46	2.71	0.77
32.47	2.71	0.77
32.48	2.72	0.77
32.49	2.72	0.79
32.50	2.72	0.79
32.51	2.72	0.79
32.52	2.72	0.78
32.53	2.72	0.76
32.54	2.72	0.76
32.55	2.72	0.77
32.56	2.72	0.77
32.57	2.72	0.77
32.58	2.72	0.78
32.59	2.72	0.78
32.60	2.73	0.77
32.61	2.73	0.76
32.62	2.73	0.77
32.63	2.73	0.77
32.64	2.73	0.77
32.65	2.73	0.78
32.66	2.73	0.78
32.67	2.73	0.79
32.68	2.73	0.79
32.69	2.73	0.79
32.70	2.73	0.80
32.71	2.73	0.82
32.72	2.74	0.81
32.73	2.74	0.80
32.74	2.74	0.78
32.75	2.74	0.78
32.76	2.74	0.78
32.77	2.74	0.80
32.78	2.74	0.79
32.79	2.74	0.78
32.80	2.74	0.79
32.81	2.74	0.79
32.82	2.74	0.80
32.83	2.74	0.79
32.84	2.75	0.79
32.85	2.75	0.80
32.86	2.75	0.80
32.87	2.75	0.79
32.88	2.75	0.79
32.89	2.75	0.81
32.90	2.75	0.81
32.91	2.75	0.82
32.92	2.75	0.80
32.93	2.75	0.79
32.94	2.75	0.79
32.95	2.75	0.79
32.96	2.76	0.81
32.97	2.76	0.79
32.98	2.76	0.78
32.99	2.76	0.77
33.00	2.76	0.77
33.01	2.76	0.82
33.02	2.76	0.81
33.03	2.76	0.79
33.04	2.76	0.79
33.05	2.76	0.79
33.06	2.76	0.81
33.07	2.76	0.80
33.08	2.77	0.80
33.09	2.77	0.80
33.10	2.77	0.79
33.11	2.77	0.78
33.12	2.77	0.81
33.13	2.77	0.84
33.14	2.77	0.82
33.15	2.77	0.79
33.16	2.77	0.80
33.17	2.77	0.81
33.18	2.77	0.81
33.19	2.77	0.80
33.20	2.78	0.79
33.21	2.78	0.80
33.22	2.78	0.79
33.23	2.78	0.78
33.24	2.78	0.78
33.25	2.78	0.79
33.26	2.78	0.81
33.27	2.78	0.81
33.28	2.78	0.80
33.29	2.78	0.79
33.30	2.78	0.80
33.31	2.78	0.81
33.32	2.79	0.81
33.33	2.79	0.81
33.34	2.79	0.81
33.35	2.79	0.80
33.36	2.79	0.80
33.37	2.79	0.81
33.38	2.79	0.80
33.39	2.79	0.81
33.40	2.79	0.82
33.41	2.79	0.80
33.42	2.79	0.83
33.43	2.79	0.82
33.44	2.80	0.82
33.45	2.80	0.84
33.46	2.80	0.81
33.47	2.80	0.81
33.48	2.80	0.82
33.49	2.80	0.81
33.50	2.80	0.81
33.51	2.80	0.83
33.52	2.80	0.82
33.53	2.80	0.80
33.54	2.80	0.81
33.55	2.80	0.80
33.56	2.81	0.80
33.57	2.81	0.81
33.58	2.81	0.83
33.59	2.81	0.83
33.60	2.81	0.81
33.61	2.81	0.82
33.62	2.81	0.82
33.63	2.81	0.82
33.64	2.81	0.82
33.65	2.81	0.83
33.66	2.81	0.84
33.67	2.81	0.83
33.68	2.82	0.81
33.69	2.82	0.81
33.70	2.82	0.83
33.71	2.82	0.81
33.72	2.82	0.80
33.73	2.82	0.81
33.74	2.82	0.81
33.75	2.82	0.81
33.76	2.82	0.82
33.77	2.82	0.83
33.78	2.82	0.83
33.79	2.82	0.83
33.80	2.83	0.82
33.81	2.83	0.82
33.82	2.83	0.82
33.83	2.83	0.82
33.84	2.83	0.80
33.85	2.83	0.82
33.86	2.83	0.83
33.87	2.83	0.81
33.88	2.83	0.81
33.89	2.83	0.82
33.90	2.83	0.83
33.91	2.83	0.83
33.92	2.84	0.84
33.93	2.84	0.82
33.94	2.84	0.81
33.95	2.84	0.81
33.96	2.84	0.83
33.97	2.84	0.84
33.98	2.84	0.82
33.99	2.84	0.83
34.00	2.84	0.81
34.01	2.84	0.79
34.02	2.84	0.81
34.03	2.84	0.84
34.04	2.85	0.84
34.05	2.85	0.82
34.06	2.85	0.82
34.07	2.85	0.80
34.08	2.85	0.81
34.09	2.85	0.84
34.10	2.85	0.82
34.11	2.85	0.83
34.12	2.85	0.85
34.13	2.85	0.84
34.14	2.85	0.83
34.15	2.85	0.81
34.16	2.86	0.82
34.17	2.86	0.82
34.18	2.86	0.81
34.19	2.86	0.82
34.20	2.86	0.84
34.21	2.86	0.82
34.22	2.86	0.82
34.23	2.86	0.82
34.24	2.86	0.82
34.25	2.86	0.84
34.26	2.86	0.83
34.27	2.86	0.83
34.28	2.87	0.83
34.29	2.87	0.83
34.30	2.87	0.82
34.31	2.87	0.82
34.32	2.87	0.82
34.33	2.87	0.83
34.34	2.87	0.82
34.35	2.87	0.84
34.36	2.87	0.84
34.37	2.87	0.84
34.38	2.87	0.86
34.39	2.87	0.85
34.40	2.88	0.84
34.41	2.88	0.85
34.42	2.88	0.84
34.43	2.88	0.84
34.44	2.88	0.84
34.45	2.88	0.83
34.46	2.88	0.84
34.47	2.88	0.86
34.48	2.88	0.84
34.49	2.88	0.84
34.50	2.88	0.85
34.51	2.88	0.87
34.52	2.89	0.87
34.53	2.89	0.85
34.54	2.89	0.84
34.55	2.89	0.82
34.56	2.89	0.83
34.57	2.89	0.83
34.58	2.89	0.82
34.59	2.89	0.84
34.60	2.89	0.84
34.61	2.89	0.86
34.62	2.89	0.84
34.63	2.89	0.83
34.64	2.90	0.86
34.65	2.90	0.85
34.66	2.90	0.82
34.67	2.90	0.81
34.68	2.90	0.83
34.69	2.90	0.85
34.70	2.90	0.84
34.71	2.90	0.86
34.72	2.90	0.86
34.73	2.90	0.83
34.74	2.90	0.84
34.75	2.90	0.84
34.76	2.91	0.85
34.77	2.91	0.84
34.78	2.91	0.84
34.79	2.91	0.84
34.80	2.91	0.82
34.81	2.91	0.83
34.82	2.91	0.83
34.83	2.91	0.82
34.84	2.91	0.83
34.85	2.91	0.83
34.86	2.91	0.82
34.87	2.91	0.83
34.88	2.92	0.83
34.89	2.92	0.81
34.90	2.92	0.82
34.91	2.92	0.84
34.92	2.92	0.83
34.93	2.92	0.82
34.94	2.92	0.82
34.95	2.92	0.81
34.96	2.92	0.80
34.97	2.92	0.82
34.98	2.92	0.83
34.99	2.92	0.84
35.00	2.93	0.84
35.01	2.93	0.83
35.02	2.93	0.80
35.03	2.93	0.81
35.04	2.93	0.85
35.05	2.93	0.84
35.06	2.93	0.85
35.07	2.93	0.83
35.08	2.93	0.83
35.09	2.93	0.84
35.10	2.93	0.84
35.11	2.93	0.83
35.12	2.94	0.83
35.13	2.94	0.86
35.14	2.94	0.87
35.15	2.94	0.83
35.16	2.94	0.81
35.17	2.94	0.83
35.18	2.94	0.84
35.19	2.94	0.84
35.20	2.94	0.85
35.21	2.94	0.84
35.22	2.94	0.82
35.23	2.94	0.84
35.24	2.95	0.85
35.25	2.95	0.84
35.26	2.95	0.84
35.27	2.95	0.84
35.28	2.95	0.85
35.29	2.95	0.85
35.30	2.95	0.85
35.31	2.95	0.84
35.32	2.95	0.83
35.33	2.95	0.84
35.34	2.95	0.84
35.35	2.95	0.83
35.36	2.96	0.83
35.37	2.96	0.85
35.38	2.96	0.86
35.39	2.96	0.84
35.40	2.96	0.84
35.41	2.96	0.84
35.42	2.96	0.85
35.43	2.96	0.85
35.44	2.96	0.84
35.45	2.96	0.84
35.46	2.96	0.85
35.47	2.96	0.84
35.48	2.97	0.83
35.49	2.97	0.83
35.50	2.97	0.84
35.51	2.97	0.84
35.52	2.97	0.83
35.53	2.97	0.83
35.54	2.97	0.82
35.55	2.97	0.86
35.56	2.97	0.87
35.57	2.97	0.86
35.58	2.97	0.86
35.59	2.97	0.85
35.60	2.98	0.84
35.61	2.98	0.86
35.62	2.98	0.86
35.63	2.98	0.86
35.64	2.98	0.86
35.65	2.98	0.84
35.66	2.98	0.83
35.67	2.98	0.84
35.68	2.98	0.86
35.69	2.98	0.88
35.70	2.98	0.85
35.71	2.98	0.84
35.72	2.99	0.87
35.73	2.99	0.86
35.74	2.99	0.85
35.75	2.99	0.86
35.76	2.99	0.87
35.77	2.99	0.84
35.78	2.99	0.84
35.79	2.99	0.87
35.80	2.99	0.88
35.81	2.99	0.87
35.82	2.99	0.85
35.83	2.99	0.83
35.84	3.00	0.86
35.85	3.00	0.86
35.86	3.00	0.84
35.87	3.00	0.83
35.88	3.00	0.86
35.89	3.00	0.88
35.90	3.00	0.87
35.91	3.00	0.86
35.92	3.00	0.87
35.93	3.00	0.86
35.94	3.00	0.86
35.95	3.00	0.88
35.96	3.01	0.88
35.97	3.01	0.87
35.98	3.01	0.87
35.99	3.01	0.86
36.00	3.01	0.85
36.01	3.01	0.86
36.02	3.01	0.88
36.03	3.01	0.88
36.04	3.01	0.87
36.05	3.01	0.87
36.06	3.01	0.89
36.07	3.01	0.88
36.08	3.02	0.86
36.09	3.02	0.86
36.10	3.02	0.87
36.11	3.02	0.87
36.12	3.02	0.88
36.13	3.02	0.89
36.14	3.02	0.88
36.15	3.02	0.86
36.16	3.02	0.86
36.17	3.02	0.88
36.18	3.02	0.88
36.19	3.02	0.87
36.20	3.03	0.88
36.21	3.03	0.85
36.22	3.03	0.86
36.23	3.03	0.87
36.24	3.03	0.85
36.25	3.03	0.85
36.26	3.03	0.87
36.27	3.03	0.87
36.28	3.03	0.85
36.29	3.03	0.86
36.30	3.03	0.87
36.31	3.03	0.86
36.32	3.04	0.90
36.33	3.04	0.88
36.34	3.04	0.89
36.35	3.04	0.87
36.36	3.04	0.86
36.37	3.04	0.86
36.38	3.04	0.86
36.39	3.04	0.86
36.40	3.04	0.86
36.41	3.04	0.88
36.42	3.04	0.89
36.43	3.04	0.87
36.44	3.05	0.87
36.45	3.05	0.86
36.46	3.05	0.87
36.47	3.05	0.89
36.48	3.05	0.88
36.49	3.05	0.89
36.50	3.05	0.89
36.51	3.05	0.86
36.52	3.05	0.86
36.53	3.05	0.88
36.54	3.05	0.88
36.55	3.05	0.87
36.56	3.06	0.86
36.57	3.06	0.85
36.58	3.06	0.86
36.59	3.06	0.89
36.60	3.06	0.89
36.61	3.06	0.88
36.62	3.06	0.89
36.63	3.06	0.90
36.64	3.06	0.89
36.65	3.06	0.87
36.66	3.06	0.86
36.67	3.06	0.86
36.68	3.07	0.87
36.69	3.07	0.88
36.70	3.07	0.86
36.71	3.07	0.86
36.72	3.07	0.88
36.73	3.07	0.91
36.74	3.07	0.91
36.75	3.07	0.89
36.76	3.07	0.90
36.77	3.07	0.89
36.78	3.07	0.87
36.79	3.07	0.88
36.80	3.08	0.88
36.81	3.08	0.89
36.82	3.08	0.90
36.83	3.08	0.90
36.84	3.08	0.92
36.85	3.08	0.91
36.86	3.08	0.89
36.87	3.08	0.89
36.88	3.08	0.90
36.89	3.08	0.90
36.90	3.08	0.89
36.91	3.08	0.90
36.92	3.09	0.90
36.93	3.09	0.89
36.94	3.09	0.90
36.95	3.09	0.88
36.96	3.09	0.90
36.97	3.09	0.89
36.98	3.09	0.87
36.99	3.09	0.89
37.00	3.09	0.89
37.01	3.09	0.91
37.02	3.09	0.91
37.03	3.09	0.87
37.04	3.10	0.87
37.05	3.10	0.90
37.06	3.10	0.92
37.07	3.10	0.90
37.08	3.10	0.90
37.09	3.10	0.90
37.10	3.10	0.91
37.11	3.10	0.91
37.12	3.10	0.88
37.13	3.10	0.89
37.14	3.10	0.88
37.15	3.10	0.88
37.16	3.11	0.89
37.17	3.11	0.89
37.18	3.11	0.87
37.19	3.11	0.88
37.20	3.11	0.91
37.21	3.11	0.92
37.22	3.11	0.91
37.23	3.11	0.90
37.24	3.11	0.91
37.25	3.11	0.92
37.26	3.11	0.92
37.27	3.11	0.91
37.28	3.12	0.91
37.29	3.12	0.92
37.30	3.12	0.90
37.31	3.12	0.90
37.32	3.12	0.92
37.33	3.12	0.91
37.34	3.12	0.91
37.35	3.12	0.91
37.36	3.12	0.90
37.37	3.12	0.92
37.38	3.12	0.91
37.39	3.12	0.89
37.40	3.13	0.89
37.41	3.13	0.88
37.42	3.13	0.90
37.43	3.13	0.91
37.44	3.13	0.89
37.45	3.13	0.90
37.46	3.13	0.93
37.47	3.13	0.92
37.48	3.13	0.91
37.49	3.13	0.91
37.50	3.13	0.90
37.51	3.13	0.93
37.52	3.14	0.93
37.53	3.14	0.90
37.54	3.14	0.90
37.55	3.14	0.91
37.56	3.14	0.91
37.57	3.14	0.91
37.58	3.14	0.91
37.59	3.14	0.89
37.60	3.14	0.88
37.61	3.14	0.89
37.62	3.14	0.91
37.63	3.14	0.91
37.64	3.15	0.90
37.65	3.15	0.90
37.66	3.15	0.90
37.67	3.15	0.91
37.68	3.15	0.92
37.69	3.15	0.92
37.70	3.15	0.90
37.71	3.15	0.92
37.72	3.15	0.94
37.73	3.15	0.92
37.74	3.15	0.91
37.75	3.15	0.91
37.76	3.16	0.92
37.77	3.16	0.92
37.78	3.16	0.92
37.79	3.16	0.92
37.80	3.16	0.91
37.81	3.16	0.91
37.82	3.16	0.92
37.83	3.16	0.91
37.84	3.16	0.93
37.85	3.16	0.93
37.86	3.16	0.92
37.87	3.16	0.93
37.88	3.17	0.92
37.89	3.17	0.92
37.90	3.17	0.92
37.91	3.17	0.92
37.92	3.17	0.94
37.93	3.17	0.93
37.94	3.17	0.91
37.95	3.17	0.93
37.96	3.17	0.94
37.97	3.17	0.93
37.98	3.17	0.92
37.99	3.17	0.94
38.00	3.18	0.94
38.01	3.18	0.92
38.02	3.18	0.93
38.03	3.18	0.94
38.04	3.18	0.95
38.05	3.18	0.93
38.06	3.18	0.94
38.07	3.18	0.93
38.08	3.18	0.92
38.09	3.18	0.93
38.10	3.18	0.92
38.11	3.18	0.94
38.12	3.19	0.94
38.13	3.19	0.92
38.14	3.19	0.93
38.15	3.19	0.92
38.16	3.19	0.93
38.17	3.19	0.94
38.18	3.19	0.93
38.19	3.19	0.93
38.20	3.19	0.91
38.21	3.19	0.94
38.22	3.19	0.92
38.23	3.19	0.91
38.24	3.20	0.93
38.25	3.20	0.94
38.26	3.20	0.94
38.27	3.20	0.94
38.28	3.20	0.94
38.29	3.20	0.93
38.30	3.20	0.95
38.31	3.20	0.94
38.32	3.20	0.95
38.33	3.20	0.94
38.34	3.20	0.94
38.35	3.20	0.95
38.36	3.21	0.93
38.37	3.21	0.93
38.38	3.21	0.92
38.39	3.21	0.92
38.40	3.21	0.95
38.41	3.21	0.95
38.42	3.21	0.93
38.43	3.21	0.94
38.44	3.21	0.94
38.45	3.21	0.93
38.46	3.21	0.94
38.47	3.21	0.95
38.48	3.22	0.94
38.49	3.22	0.94
38.50	3.22	0.95
38.51	3.22	0.95
38.52	3.22	0.94
38.53	3.22	0.95
38.54	3.22	0.94
38.55	3.22	0.94
38.56	3.22	0.95
38.57	3.22	0.94
38.58	3.22	0.96
38.59	3.22	0.93
38.60	3.23	0.92
38.61	3.23	0.93
38.62	3.23	0.96
38.63	3.23	0.97
38.64	3.23	0.94
38.65	3.23	0.94
38.66	3.23	0.95
38.67	3.23	0.95
38.68	3.23	0.94
38.69	3.23	0.95
38.70	3.23	0.96
38.71	3.23	0.94
38.72	3.24	0.94
38.73	3.24	0.95
38.74	3.24	0.94
38.75	3.24	0.93
38.76	3.24	0.95
38.77	3.24	0.96
38.78	3.24	0.96
38.79	3.24	0.94
38.80	3.24	0.95
38.81	3.24	0.97
38.82	3.24	0.94
38.83	3.24	0.95
38.84	3.25	0.95
38.85	3.25	0.94
38.86	3.25	0.98
38.87	3.25	0.98
38.88	3.25	0.96
38.89	3.25	0.96
38.90	3.25	0.95
38.91	3.25	0.96
38.92	3.25	0.97
38.93	3.25	0.96
38.94	3.25	0.96
38.95	3.25	0.96
38.96	3.26	0.96
38.97	3.26	0.94
38.98	3.26	0.96
38.99	3.26	0.97
39.00	3.26	0.97
39.01	3.26	0.96
39.02	3.26	0.94
39.03	3.26	0.94
39.04	3.26	0.97
39.05	3.26	0.96
39.06	3.26	0.94
39.07	3.26	0.93
39.08	3.27	0.94
39.09	3.27	0.96
39.10	3.27	0.95
39.11	3.27	0.95
39.12	3.27	0.95
39.13	3.27	0.95
39.14	3.27	0.95
39.15	3.27	0.97
39.16	3.27	0.97
39.17	3.27	0.95
39.18	3.27	0.95
39.19	3.27	0.95
39.20	3.28	0.96
39.21	3.28	0.98
39.22	3.28	0.98
39.23	3.28	0.97
39.24	3.28	0.97
39.25	3.28	0.97
39.26	3.28	0.96
39.27	3.28	0.95
39.28	3.28	0.97
39.29	3.28	0.97
39.30	3.28	0.95
39.31	3.28	0.94
39.32	3.29	0.94
39.33	3.29	0.94
39.34	3.29	0.92
39.35	3.29	0.96
39.36	3.29	0.97
39.37	3.29	0.96
39.38	3.29	0.96
39.39	3.29	0.95
39.40	3.29	0.99
39.41	3.29	0.96
39.42	3.29	0.95
39.43	3.29	0.97
39.44	3.30	0.95
39.45	3.30	0.98
39.46	3.30	0.99
39.47	3.30	0.98
39.48	3.30	0.96
39.49	3.30	0.97
39.50	3.30	0.99
39.51	3.30	0.98
39.52	3.30	0.99
39.53	3.30	1.00
39.54	3.30	0.98
39.55	3.30	0.96
39.56	3.31	0.97
39.57	3.31	0.98
39.58	3.31	0.98
39.59	3.31	0.96
39.60	3.31	0.96
39.61	3.31	0.96
39.62	3.31	0.97
39.63	3.31	0.99
39.64	3.31	0.97
39.65	3.31	0.95
39.66	3.31	0.97
39.67	3.31	0.97
39.68	3.32	0.99
39.69	3.32	0.98
39.70	3.32	0.95
39.71	3.32	0.94
39.72	3.32	0.96
39.73	3.32	0.99
39.74	3.32	0.97
39.75	3.32	0.96
39.76	3.32	0.98
39.77	3.32	0.99
39.78	3.32	0.98
39.79	3.32	0.98
39.80	3.33	0.98
39.81	3.33	0.99
39.82	3.33	0.99
39.83	3.33	0.98
39.84	3.33	1.00
39.85	3.33	0.98
39.86	3.33	0.98
39.87	3.33	0.99
39.88	3.33	0.98
39.89	3.33	0.99
39.90	3.33	0.99
39.91	3.33	0.98
39.92	3.34	0.98
39.93	3.34	0.98
39.94	3.34	0.99
39.95	3.34	0.99
39.96	3.34	0.98
39.97	3.34	0.97
39.98	3.34	0.96
39.99	3.34	0.99
40.00	3.34	0.98
40.01	3.34	0.95
40.02	3.34	0.98
40.03	3.34	0.99
40.04	3.35	1.00
40.05	3.35	0.98
40.06	3.35	0.97
40.07	3.35	0.98
40.08	3.35	0.97
40.09	3.35	0.97
40.10	3.35	0.96
40.11	3.35	0.96
40.12	3.35	0.97
40.13	3.35	0.97
40.14	3.35	0.99
40.15	3.35	1.00
40.16	3.36	0.98
40.17	3.36	0.97
40.18	3.36	0.98
40.19	3.36	0.99
40.20	3.36	0.97
40.21	3.36	0.96
40.22	3.36	0.99
40.23	3.36	0.97
40.24	3.36	0.96
40.25	3.36	0.96
40.26	3.36	0.96
40.27	3.36	0.97
40.28	3.37	0.96
40.29	3.37	0.97
40.30	3.37	0.96
40.31	3.37	0.95
40.32	3.37	0.96
40.33	3.37	0.95
40.34	3.37	0.96
40.35	3.37	0.96
40.36	3.37	0.97
40.37	3.37	0.99
40.38	3.37	0.99
40.39	3.37	0.97
40.40	3.38	0.96
40.41	3.38	0.98
40.42	3.38	0.98
40.43	3.38	0.97
40.44	3.38	0.99
40.45	3.38	0.98
40.46	3.38	0.96
40.47	3.38	0.97
40.48	3.38	0.97
40.49	3.38	0.98
40.50	3.38	0.98
40.51	3.38	0.99
40.52	3.39	0.98
40.53	3.39	0.98
40.54	3.39	0.99
40.55	3.39	0.99
40.56	3.39	1.01
40.57	3.39	0.99
40.58	3.39	0.95
40.59	3.39	0.97
40.60	3.39	0.97
40.61	3.39	0.97
40.62	3.39	0.98
40.63	3.39	0.99
40.64	3.40	1.00
40.65	3.40	0.99
40.66	3.40	0.99
40.67	3.40	0.98
40.68	3.40	0.97
40.69	3.40	0.98
40.70	3.40	0.98
40.71	3.40	0.98
40.72	3.40	0.98
40.73	3.40	0.97
40.74	3.40	0.98
40.75	3.40	1.00
40.76	3.41	0.99
40.77	3.41	0.99
40.78	3.41	0.99
40.79	3.41	0.98
40.80	3.41	0.97
40.81	3.41	0.98
40.82	3.41	1.01
40.83	3.41	1.00
40.84	3.41	0.99
40.85	3.41	1.00
40.86	3.41	1.00
40.87	3.41	1.00
40.88	3.42	1.01
40.89	3.42	1.01
40.90	3.42	0.99
40.91	3.42	0.99
40.92	3.42	0.99
40.93	3.42	1.01
40.94	3.42	1.00
40.95	3.42	0.99
40.96	3.42	1.01
40.97	3.42	1.01
40.98	3.42	0.98
40.99	3.42	0.98
41.00	3.43	1.01
41.01	3.43	1.02
41.02	3.43	1.00
41.03	3.43	1.00
41.04	3.43	1.00
41.05	3.43	0.99
41.06	3.43	1.01
41.07	3.43	1.02
41.08	3.43	0.98
41.09	3.43	0.99
41.10	3.43	1.01
41.11	3.43	0.99
41.12	3.44	1.00
41.13	3.44	1.02
41.14	3.44	0.99
41.15	3.44	0.99
41.16	3.44	1.00
41.17	3.44	0.99
41.18	3.44	1.02
41.19	3.44	1.00
41.20	3.44	0.99
41.21	3.44	0.99
41.22	3.44	1.00
41.23	3.44	1.02
41.24	3.45	1.01
41.25	3.45	1.02
41.26	3.45	1.03
41.27	3.45	1.00
41.28	3.45	1.00
41.29	3.45	1.00
41.30	3.45	1.01
41.31	3.45	0.99
41.32	3.45	0.98
41.33	3.45	1.00
41.34	3.45	1.00
41.35	3.45	1.01
41.36	3.46	1.00
41.37	3.46	0.99
41.38	3.46	1.03
41.39	3.46	1.02
41.40	3.46	1.00
41.41	3.46	0.99
41.42	3.46	1.01
41.43	3.46	1.01
41.44	3.46	1.00
41.45	3.46	1.02
41.46	3.46	1.00
41.47	3.46	1.00
41.48	3.47	1.02
41.49	3.47	1.02
41.50	3.47	1.02
41.51	3.47	1.00
41.52	3.47	0.98
41.53	3.47	0.99
41.54	3.47	1.01
41.55	3.47	1.00
41.56	3.47	0.99
41.57	3.47	1.00
41.58	3.47	1.01
41.59	3.47	0.99
41.60	3.48	0.98
41.61	3.48	1.00
41.62	3.48	1.02
41.63	3.48	1.01
41.64	3.48	1.01
41.65	3.48	1.02
41.66	3.48	1.04
41.67	3.48	1.03
41.68	3.48	1.00
41.69	3.48	1.00
41.70	3.48	1.02
41.71	3.48	1.04
41.72	3.49	1.03
41.73	3.49	1.01
41.74	3.49	1.02
41.75	3.49	1.01
41.76	3.49	1.01
41.77	3.49	1.04
41.78	3.49	1.04
41.79	3.49	1.00
41.80	3.49	1.00
41.81	3.49	1.01
41.82	3.49	1.02
41.83	3.49	1.02
41.84	3.50	1.02
41.85	3.50	1.03
41.86	3.50	1.02
41.87	3.50	1.03
41.88	3.50	1.03
41.89	3.50	1.01
41.90	3.50	0.99
41.91	3.50	1.00
41.92	3.50	1.01
41.93	3.50	1.02
41.94	3.50	1.02
41.95	3.50	1.01
41.96	3.51	1.02
41.97	3.51	1.03
41.98	3.51	1.04
41.99	3.51	1.04
42.00	3.51	1.02
42.01	3.51	1.03
42.02	3.51	1.04
42.03	3.51	1.02
42.04	3.51	1.03
42.05	3.51	1.02
42.06	3.51	1.03
42.07	3.51	1.03
42.08	3.52	1.02
42.09	3.52	1.02
42.10	3.52	1.01
42.11	3.52	1.00
42.12	3.52	1.02
42.13	3.52	1.03
42.14	3.52	1.02
42.15	3.52	1.03
42.16	3.52	1.04
42.17	3.52	1.03
42.18	3.52	1.01
42.19	3.52	1.02
42.20	3.53	1.03
42.21	3.53	1.02
42.22	3.53	1.01
42.23	3.53	1.01
42.24	3.53	1.03
42.25	3.53	1.04
42.26	3.53	1.04
42.27	3.53	1.04
42.28	3.53	1.05
42.29	3.53	1.05
42.30	3.53	1.05
42.31	3.53	1.06
42.32	3.54	1.05
42.33	3.54	1.05
42.34	3.54	1.04
42.35	3.54	1.01
42.36	3.54	1.02
42.37	3.54	1.03
42.38	3.54	1.04
42.39	3.54	1.03
42.40	3.54	1.03
42.41	3.54	1.04
42.42	3.54	1.04
42.43	3.54	1.04
42.44	3.55	1.05
42.45	3.55	1.07
42.46	3.55	1.06
42.47	3.55	1.05
42.48	3.55	1.04
42.49	3.55	1.05
42.50	3.55	1.05
42.51	3.55	1.03
42.52	3.55	1.04
42.53	3.55	1.04
42.54	3.55	1.02
42.55	3.55	1.04
42.56	3.56	1.04
42.57	3.56	1.05
42.58	3.56	1.05
42.59	3.56	1.03
42.60	3.56	1.05
42.61	3.56	1.06
42.62	3.56	1.05
42.63	3.56	1.04
42.64	3.56	1.03
42.65	3.56	1.04
42.66	3.56	1.03
42.67	3.56	1.02
42.68	3.57	1.04
42.69	3.57	1.04
42.70	3.57	1.03
42.71	3.57	1.04
42.72	3.57	1.05
42.73	3.57	1.04
42.74	3.57	1.04
42.75	3.57	1.06
42.76	3.57	1.07
42.77	3.57	1.05
42.78	3.57	1.02
42.79	3.57	1.04
42.80	3.58	1.05
42.81	3.58	1.05
42.82	3.58	1.05
42.83	3.58	1.04
42.84	3.58	1.04
42.85	3.58	1.03
42.86	3.58	1.04
42.87	3.58	1.07
42.88	3.58	1.04
42.89	3.58	1.05
42.90	3.58	1.07
42.91	3.58	1.05
42.92	3.59	1.05
42.93	3.59	1.06
42.94	3.59	1.05
42.95	3.59	1.03
42.96	3.59	1.03
42.97	3.59	1.04
42.98	3.59	1.05
42.99	3.59	1.03
43.00	3.59	1.04
43.01	3.59	1.06
43.02	3.59	1.05
43.03	3.59	1.05
43.04	3.60	1.03
43.05	3.60	1.05
43.06	3.60	1.06
43.07	3.60	1.05
43.08	3.60	1.06
43.09	3.60	1.06
43.10	3.60	1.06
43.11	3.60	1.08
43.12	3.60	1.05
43.13	3.60	1.05
43.14	3.60	1.07
43.15	3.60	1.07
43.16	3.61	1.07
43.17	3.61	1.07
43.18	3.61	1.07
43.19	3.61	1.06
43.20	3.61	1.05
43.21	3.61	1.04
43.22	3.61	1.04
43.23	3.61	1.05
43.24	3.61	1.06
43.25	3.61	1.05
43.26	3.61	1.03
43.27	3.61	1.04
43.28	3.62	1.07
43.29	3.62	1.06
43.30	3.62	1.07
43.31	3.62	1.07
43.32	3.62	1.05
43.33	3.62	1.04
43.34	3.62	1.05
43.35	3.62	1.07
43.36	3.62	1.07
43.37	3.62	1.06
43.38	3.62	1.07
43.39	3.62	1.05
43.40	3.63	1.06
43.41	3.63	1.07
43.42	3.63	1.05
43.43	3.63	1.04
43.44	3.63	1.07
43.45	3.63	1.08
43.46	3.63	1.08
43.47	3.63	1.07
43.48	3.63	1.06
43.49	3.63	1.07
43.50	3.63	1.09
43.51	3.63	1.07
43.52	3.64	1.05
43.53	3.64	1.05
43.54	3.64	1.06
43.55	3.64	1.06
43.56	3.64	1.07
43.57	3.64	1.06
43.58	3.64	1.06
43.59	3.64	1.06
43.60	3.64	1.07
43.61	3.64	1.08
43.62	3.64	1.06
43.63	3.64	1.06
43.64	3.65	1.07
43.65	3.65	1.06
43.66	3.65	1.06
43.67	3.65	1.06
43.68	3.65	1.06
43.69	3.65	1.05
43.70	3.65	1.06
43.71	3.65	1.08
43.72	3.65	1.11
43.73	3.65	1.10
43.74	3.65	1.08
43.75	3.65	1.10
43.76	3.66	1.08
43.77	3.66	1.07
43.78	3.66	1.08
43.79	3.66	1.08
43.80	3.66	1.08
43.81	3.66	1.07
43.82	3.66	1.06
43.83	3.66	1.06
43.84	3.66	1.07
43.85	3.66	1.08
43.86	3.66	1.07
43.87	3.66	1.09
43.88	3.67	1.10
43.89	3.67	1.09
43.90	3.67	1.08
43.91	3.67	1.09
43.92	3.67	1.07
43.93	3.67	1.06
43.94	3.67	1.09
43.95	3.67	1.09
43.96	3.67	1.07
43.97	3.67	1.07
43.98	3.67	1.05
43.99	3.67	1.06
44.00	3.68	1.08
44.01	3.68	1.07
44.02	3.68	1.08
44.03	3.68	1.07
44.04	3.68	1.07
44.05	3.68	1.06
44.06	3.68	1.05
44.07	3.68	1.08
44.08	3.68	1.09
44.09	3.68	1.09
44.10	3.68	1.08
44.11	3.68	1.08
44.12	3.69	1.05
44.13	3.69	1.03
44.14	3.69	1.08
44.15	3.69	1.08
44.16	3.69	1.07
44.17	3.69	1.07
44.18	3.69	1.07
44.19	3.69	1.09
44.20	3.69	1.09
44.21	3.69	1.07
44.22	3.69	1.06
44.23	3.69	1.07
44.24	3.70	1.09
44.25	3.70	1.08
44.26	3.70	1.07
44.27	3.70	1.10
44.28	3.70	1.10
44.29	3.70	1.08
44.30	3.70	1.07
44.31	3.70	1.08
44.32	3.70	1.09
44.33	3.70	1.07
44.34	3.70	1.07
44.35	3.70	1.08
44.36	3.71	1.08
44.37	3.71	1.07
44.38	3.71	1.07
44.39	3.71	1.09
44.40	3.71	1.10
44.41	3.71	1.06
44.42	3.71	1.06
44.43	3.71	1.08
44.44	3.71	1.08
44.45	3.71	1.08
44.46	3.71	1.09
44.47	3.71	1.09
44.48	3.72	1.10
44.49	3.72	1.06
44.50	3.72	1.07
44.51	3.72	1.09
44.52	3.72	1.09
44.53	3.72	1.08
44.54	3.72	1.08
44.55	3.72	1.09
44.56	3.72	1.09
44.57	3.72	1.08
44.58	3.72	1.09
44.59	3.72	1.09
44.60	3.73	1.08
44.61	3.73	1.07
44.62	3.73	1.08
44.63	3.73	1.11
44.64	3.73	1.10
44.65	3.73	1.09
44.66	3.73	1.09
44.67	3.73	1.09
44.68	3.73	1.09
44.69	3.73	1.10
44.70	3.73	1.10
44.71	3.73	1.09
44.72	3.74	1.09
44.73	3.74	1.11
44.74	3.74	1.10
44.75	3.74	1.10
44.76	3.74	1.10
44.77	3.74	1.09
44.78	3.74	1.08
44.79	3.74	1.07
44.80	3.74	1.08
44.81	3.74	1.10
44.82	3.74	1.08
44.83	3.74	1.07
44.84	3.75	1.09
44.85	3.75	1.10
44.86	3.75	1.10
44.87	3.75	1.08
44.88	3.75	1.09
44.89	3.75	1.09
44.90	3.75	1.08
44.91	3.75	1.10
44.92	3.75	1.11
44.93	3.75	1.11
44.94	3.75	1.10
44.95	3.75	1.09
44.96	3.76	1.11
44.97	3.76	1.09
44.98	3.76	1.09
44.99	3.76	1.10
45.00	3.76	1.10
45.01	3.76	1.08
45.02	3.76	1.09
45.03	3.76	1.11
45.04	3.76	1.10
45.05	3.76	1.09
45.06	3.76	1.10
45.07	3.76	1.09
45.08	3.77	1.09
45.09	3.77	1.09
45.10	3.77	1.08
45.11	3.77	1.10
45.12	3.77	1.13
45.13	3.77	1.12
45.14	3.77	1.09
45.15	3.77	1.10
45.16	3.77	1.11
45.17	3.77	1.10
45.18	3.77	1.08
45.19	3.77	1.07
45.20	3.78	1.11
45.21	3.78	1.11
45.22	3.78	1.11
45.23	3.78	1.13
45.24	3.78	1.14
45.25	3.78	1.13
45.26	3.78	1.11
45.27	3.78	1.10
45.28	3.78	1.11
45.29	3.78	1.12
45.30	3.78	1.10
45.31	3.78	1.09
45.32	3.79	1.10
45.33	3.79	1.12
45.34	3.79	1.12
45.35	3.79	1.13
45.36	3.79	1.11
45.37	3.79	1.10
45.38	3.79	1.09
45.39	3.79	1.10
45.40	3.79	1.13
45.41	3.79	1.12
45.42	3.79	1.10
45.43	3.79	1.10
45.44	3.80	1.08
45.45	3.80	1.10
45.46	3.80	1.13
45.47	3.80	1.13
45.48	3.80	1.12
45.49	3.80	1.10
45.50	3.80	1.12
45.51	3.80	1.11
45.52	3.80	1.12
45.53	3.80	1.13
45.54	3.80	1.12
45.55	3.80	1.12
45.56	3.81	1.10
45.57	3.81	1.12
45.58	3.81	1.12
45.59	3.81	1.08
45.60	3.81	1.11
45.61	3.81	1.13
45.62	3.81	1.12
45.63	3.81	1.12
45.64	3.81	1.14
45.65	3.81	1.14
45.66	3.81	1.10
45.67	3.81	1.11
45.68	3.82	1.11
45.69	3.82	1.12
45.70	3.82	1.12
45.71	3.82	1.10
45.72	3.82	1.12
45.73	3.82	1.13
45.74	3.82	1.11
45.75	3.82	1.12
45.76	3.82	1.12
45.77	3.82	1.12
45.78	3.82	1.10
45.79	3.82	1.12
45.80	3.83	1.14
45.81	3.83	1.14
45.82	3.83	1.15
45.83	3.83	1.14
45.84	3.83	1.14
45.85	3.83	1.11
45.86	3.83	1.11
45.87	3.83	1.13
45.88	3.83	1.14
45.89	3.83	1.13
45.90	3.83	1.11
45.91	3.83	1.12
45.92	3.84	1.15
45.93	3.84	1.13
45.94	3.84	1.11
45.95	3.84	1.11
45.96	3.84	1.12
45.97	3.84	1.13
45.98	3.84	1.13
45.99	3.84	1.13
46.00	3.84	1.14
46.01	3.84	1.15
46.02	3.84	1.13
46.03	3.84	1.11
46.04	3.85	1.12
46.05	3.85	1.13
46.06	3.85	1.14
46.07	3.85	1.13
46.08	3.85	1.12
46.09	3.85	1.12
46.10	3.85	1.12
46.11	3.85	1.12
46.12	3.85	1.14
46.13	3.85	1.15
46.14	3.85	1.15
46.15	3.85	1.13
46.16	3.86	1.12
46.17	3.86	1.13
46.18	3.86	1.13
46.19	3.86	1.15
46.20	3.86	1.15
46.21	3.86	1.14
46.22	3.86	1.15
46.23	3.86	1.13
46.24	3.86	1.14
46.25	3.86	1.14
46.26	3.86	1.14
46.27	3.86	1.13
46.28	3.87	1.12
46.29	3.87	1.12
46.30	3.87	1.14
46.31	3.87	1.16
46.32	3.87	1.13
46.33	3.87	1.13
46.34	3.87	1.12
46.35	3.87	1.12
46.36	3.87	1.14
46.37	3.87	1.15
46.38	3.87	1.15
46.39	3.87	1.15
46.40	3.88	1.16
46.41	3.88	1.13
46.42	3.88	1.12
46.43	3.88	1.14
46.44	3.88	1.14
46.45	3.88	1.13
46.46	3.88	1.13
46.47	3.88	1.15
46.48	3.88	1.17
46.49	3.88	1.17
46.50	3.88	1.15
46.51	3.88	1.15
46.52	3.89	1.17
46.53	3.89	1.17
46.54	3.89	1.15
46.55	3.89	1.13
46.56	3.89	1.12
46.57	3.89	1.15
46.58	3.89	1.15
46.59	3.89	1.13
46.60	3.89	1.15
46.61	3.89	1.16
46.62	3.89	1.14
46.63	3.89	1.12
46.64	3.90	1.13
46.65	3.90	1.15
46.66	3.90	1.14
46.67	3.90	1.14
46.68	3.90	1.16
46.69	3.90	1.17
46.70	3.90	1.16
46.71	3.90	1.15
46.72	3.90	1.16
46.73	3.90	1.17
46.74	3.90	1.15
46.75	3.90	1.13
46.76	3.91	1.14
46.77	3.91	1.15
46.78	3.91	1.17
46.79	3.91	1.15
46.80	3.91	0.57
46.81	3.91	0.01
46.82	3.91	-0.00
46.83	3.91	-0.02
46.84	3.91	-0.01
46.85	3.91	-0.00
46.86	3.91	-0.00
46.87	3.91	-0.01
46.88	3.92	-0.01
46.89	3.92	-0.02
46.90	3.92	-0.00
46.91	3.92	-0.01
46.92	3.92	-0.04
46.93	3.92	-0.03
46.94	3.92	-0.02
46.95	3.92	-0.01
46.96	3.92	-0.01
46.97	3.92	-0.04
46.98	3.92	-0.04
46.99	3.92	-0.00
47.00	3.93	0.00
47.01	3.93	0.01
47.02	3.93	0.01
47.03	3.93	-0.01
47.04	3.93	-0.00
47.05	3.93	-0.01
47.06	3.93	-0.02
47.07	3.93	-0.02
47.08	3.93	-0.00
47.09	3.93	-0.01
47.10	3.93	-0.03
47.11	3.93	-0.02
47.12	3.94	-0.01
47.13	3.94	-0.01
47.14	3.94	-0.02
47.15	3.94	-0.03
47.16	3.94	-0.02
47.17	3.94	-0.02
47.18	3.94	-0.01
47.19	3.94	0.01
47.20	3.94	0.00
47.21	3.94	-0.01
47.22	3.94	-0.00
47.23	3.94	-0.01
47.24	3.95	-0.03
47.25	3.95	-0.02
47.26	3.95	-0.01
47.27	3.95	0.01
47.28	3.95	0.00
47.29	3.95	-0.03
47.30	3.95	-0.01
47.31	3.95	-0.01
47.32	3.95	-0.02
47.33	3.95	-0.01
47.34	3.95	-0.01
47.35	3.95	-0.00
47.36	3.96	-0.01
47.37	3.96	-0.03
47.38	3.96	-0.01
47.39	3.96	-0.01
47.40	3.96	-0.02
47.41	3.96	-0.01
47.42	3.96	0.01
47.43	3.96	0.02
47.44	3.96	0.01
47.45	3.96	-0.01
47.46	3.96	-0.03
47.47	3.96	-0.01
47.48	3.97	0.00
47.49	3.97	-0.00
47.50	3.97	0.01
47.51	3.97	0.01
47.52	3.97	-0.02
47.53	3.97	-0.02
47.54	3.97	-0.02
47.55	3.97	-0.02
47.56	3.97	0.00
47.57	3.97	-0.01
47.58	3.97	-0.01
47.59	3.97	-0.01
47.60	3.98	-0.01
47.61	3.98	-0.02
47.62	3.98	-0.02
47.63	3.98	-0.02
47.64	3.98	-0.04
47.65	3.98	-0.02
47.66	3.98	-0.00
47.67	3.98	0.00
47.68	3.98	-0.01
47.69	3.98	-0.02
47.70	3.98	-0.01
47.71	3.98	-0.01
47.72	3.99	-0.00
47.73	3.99	0.01
47.74	3.99	-0.01
47.75	3.99	-0.03
47.76	3.99	-0.04
47.77	3.99	-0.00
47.78	3.99	0.01
47.79	3.99	-0.01
47.80	3.99	-0.02
47.81	3.99	-0.03
47.82	3.99	-0.00
47.83	3.99	-0.01
47.84	4.00	-0.02
47.85	4.00	-0.02
47.86	4.00	-0.02
47.87	4.00	-0.01
47.88	4.00	-0.01
47.89	4.00	-0.00
47.90	4.00	-0.02
47.91	4.00	-0.03
47.92	4.00	-0.02
47.93	4.00	0.00
47.94	4.00	0.01
47.95	4.00	-0.01
47.96	4.01	-0.01
47.97	4.01	-0.01
47.98	4.01	-0.03
47.99	4.01	-0.02
48.00	4.01	-0.01
48.01	4.01	0.01
48.02	4.01	0.00
48.03	4.01	-0.02
48.04	4.01	-0.02
48.05	4.01	-0.00
48.06	4.01	0.00
48.07	4.01	-0.02
48.08	4.02	-0.00
48.09	4.02	0.01
48.10	4.02	-0.00
48.11	4.02	-0.02
48.12	4.02	-0.00
48.13	4.02	-0.01
48.14	4.02	-0.02
48.15	4.02	0.01
48.16	4.02	-0.02
48.17	4.02	-0.02
48.18	4.02	-0.01
48.19	4.02	-0.03
48.20	4.03	-0.01
48.21	4.03	-0.00
48.22	4.03	-0.01
48.23	4.03	-0.01
48.24	4.03	0.01
48.25	4.03	0.01
48.26	4.03	0.02
48.27	4.03	0.01
48.28	4.03	-0.03
48.29	4.03	0.02
48.30	4.03	0.03
48.31	4.03	-0.01
48.32	4.04	-0.01
48.33	4.04	-0.02
48.34	4.04	-0.02
48.35	4.04	-0.01
48.36	4.04	-0.00
48.37	4.04	0.00
48.38	4.04	0.00
48.39	4.04	-0.01
48.40	4.04	-0.02
48.41	4.04	-0.01
48.42	4.04	-0.01
48.43	4.04	-0.00
48.44	4.05	0.01
48.45	4.05	0.00
48.46	4.05	-0.01
48.47	4.05	-0.02
48.48	4.05	-0.02
48.49	4.05	0.00
48.50	4.05	-0.00
48.51	4.05	-0.01
48.52	4.05	-0.01
48.53	4.05	-0.01
48.54	4.05	0.01
48.55	4.05	-0.00
48.56	4.06	0.01
48.57	4.06	-0.00
48.58	4.06	-0.02
48.59	4.06	-0.01
48.60	4.06	-0.02
48.61	4.06	-0.02
48.62	4.06	-0.02
48.63	4.06	0.00
48.64	4.06	0.01
48.65	4.06	-0.00
48.66	4.06	0.00
48.67	4.06	-0.01
48.68	4.07	-0.01
48.69	4.07	-0.00
48.70	4.07	-0.02
48.71	4.07	-0.01
48.72	4.07	-0.00
48.73	4.07	-0.00
48.74	4.07	-0.01
48.75	4.07	-0.02
48.76	4.07	-0.01
48.77	4.07	-0.01
48.78	4.07	-0.03
48.79	4.07	-0.02
48.80	4.08	-0.03
48.81	4.08	-0.02
48.82	4.08	-0.00
48.83	4.08	-0.01
48.84	4.08	-0.00
48.85	4.08	-0.00
48.86	4.08	-0.01
48.87	4.08	-0.01
48.88	4.08	-0.01
48.89	4.08	-0.01
48.90	4.08	0.00
48.91	4.08	0.01
48.92	4.09	-0.02
48.93	4.09	-0.02
48.94	4.09	-0.01
48.95	4.09	-0.00
48.96	4.09	-0.01
48.97	4.09	-0.03
48.98	4.09	-0.02
48.99	4.09	-0.02
49.00	4.09	-0.02
49.01	4.09	0.00
49.02	4.09	0.00
49.03	4.09	-0.02
49.04	4.10	-0.01
49.05	4.10	0.02
49.06	4.10	0.01
49.07	4.10	0.00
49.08	4.10	0.01
49.09	4.10	0.01
49.10	4.10	-0.01
49.11	4.10	0.00
49.12	4.10	0.01
49.13	4.10	0.01
49.14	4.10	0.01
49.15	4.10	-0.02
49.16	4.11	-0.01
49.17	4.11	-0.01
49.18	4.11	-0.01
49.19	4.11	0.00
49.20	4.11	0.01
49.21	4.11	0.01
49.22	4.11	0.00
49.23	4.11	0.01
49.24	4.11	-0.01
49.25	4.11	-0.00
49.26	4.11	0.00
49.27	4.11	0.01
49.28	4.12	0.02
49.29	4.12	0.00
49.30	4.12	-0.01
49.31	4.12	-0.02
49.32	4.12	0.00
49.33	4.12	0.00
49.34	4.12	-0.01
49.35	4.12	-0.00
49.36	4.12	-0.02
49.37	4.12	-0.01
49.38	4.12	0.00
49.39	4.12	-0.00
49.40	4.13	0.02
49.41	4.13	0.02
49.42	4.13	0.01
49.43	4.13	-0.01
49.44	4.13	0.01
49.45	4.13	0.04
49.46	4.13	0.00
49.47	4.13	-0.00
49.48	4.13	0.02
49.49	4.13	0.01
49.50	4.13	0.01
49.51	4.13	0.01
49.52	4.14	-0.00
49.53	4.14	-0.00
49.54	4.14	-0.01
49.55	4.14	0.00
49.56	4.14	0.03
49.57	4.14	0.03
49.58	4.14	0.02
49.59	4.14	-0.00
49.60	4.14	0.00
49.61	4.14	-0.03
49.62	4.14	-0.02
49.63	4.14	0.02
49.64	4.15	0.01
49.65	4.15	-0.00
49.66	4.15	-0.01
49.67	4.15	-0.00
49.68	4.15	0.01
49.69	4.15	-0.01
49.70	4.15	-0.01
49.71	4.15	-0.01
49.72	4.15	-0.04
49.73	4.15	-0.03
49.74	4.15	-0.00
49.75	4.15	0.02
49.76	4.16	0.02
49.77	4.16	-0.01
49.78	4.16	-0.00
49.79	4.16	-0.01
49.80	4.16	-0.02
49.81	4.16	-0.01
49.82	4.16	0.01
49.83	4.16	0.01
49.84	4.16	0.01
49.85	4.16	-0.01
49.86	4.16	-0.02
49.87	4.16	-0.00
49.88	4.17	0.00
49.89	4.17	0.01
49.90	4.17	0.02
49.91	4.17	0.01
49.92	4.17	-0.01
