0.01	0.01	-0.01
0.02	0.01	-0.02
0.03	0.01	-0.02
0.04	0.01	-0.00
0.05	0.01	-0.00
0.06	0.01	-0.02
0.07	0.01	-0.00
0.08	0.01	0.00
0.09	0.02	-0.00
0.10	0.02	-0.01
0.11	0.02	-0.01
0.12	0.02	-0.00
0.13	0.02	-0.02
0.14	0.02	-0.01
0.15	0.02	-0.02
0.16	0.02	-0.01
0.17	0.02	0.01
0.18	0.02	0.00
0.19	0.02	0.00
0.20	0.02	-0.02
0.21	0.03	-0.02
0.22	0.03	-0.02
0.23	0.03	-0.00
0.24	0.03	0.01
0.25	0.03	0.00
0.26	0.03	0.01
0.27	0.03	0.00
0.28	0.03	0.02
0.29	0.03	0.01
0.30	0.03	-0.01
0.31	0.03	-0.01
0.32	0.03	-0.01
0.33	0.04	-0.01
0.34	0.04	-0.01
0.35	0.04	-0.01
0.36	0.04	-0.03
0.37	0.04	-0.02
0.38	0.04	-0.01
0.39	0.04	0.01
0.40	0.04	0.01
0.41	0.04	-0.00
0.42	0.04	-0.01
0.43	0.04	-0.01
0.44	0.04	-0.03
0.45	0.05	-0.03
0.46	0.05	-0.02
0.47	0.05	-0.02
0.48	0.05	0.00
0.49	0.05	-0.01
0.50	0.05	-0.02
0.51	0.05	-0.01
0.52	0.05	-0.01
0.53	0.05	-0.02
0.54	0.05	-0.02
0.55	0.05	0.00
0.56	0.05	0.02
0.57	0.06	-0.00
0.58	0.06	-0.03
0.59	0.06	-0.02
0.60	0.06	0.01
0.61	0.06	-0.02
0.62	0.06	-0.03
0.63	0.06	0.00
0.64	0.06	0.01
0.65	0.06	0.01
0.66	0.06	-0.01
0.67	0.06	0.00
0.68	0.06	0.01
0.69	0.07	-0.01
0.70	0.07	-0.01
0.71	0.07	0.00
0.72	0.07	-0.01
0.73	0.07	0.01
0.74	0.07	0.00
0.75	0.07	-0.01
0.76	0.07	-0.00
0.77	0.07	-0.00
0.78	0.07	0.01
0.79	0.07	-0.00
0.80	0.07	-0.01
0.81	0.08	-0.01
0.82	0.08	-0.01
0.83	0.08	-0.01
0.84	0.08	-0.00
0.85	0.08	-0.02
0.86	0.08	-0.01
0.87	0.08	0.01
0.88	0.08	0.01
0.89	0.08	-0.01
0.90	0.08	-0.01
0.91	0.08	0.00
0.92	0.08	0.00
0.93	0.09	0.01
0.94	0.09	0.00
0.95	0.09	-0.01
0.96	0.09	0.00
0.97	0.09	-0.00
0.98	0.09	-0.02
0.99	0.09	-0.01
1.00	0.09	-0.00
1.01	0.09	-0.01
1.02	0.09	0.02
1.03	0.09	0.01
1.04	0.09	-0.00
1.05	0.10	0.01
1.06	0.10	0.02
1.07	0.10	0.02
1.08	0.10	-0.01
1.09	0.10	-0.03
1.10	0.10	-0.01
1.11	0.10	-0.01
1.12	0.10	-0.00
1.13	0.10	-0.02
1.14	0.10	-0.04
1.15	0.10	-0.02
1.16	0.10	-0.00
1.17	0.11	0.01
1.18	0.11	0.01
1.19	0.11	-0.01
1.20	0.11	-0.01
1.21	0.11	0.01
1.22	0.11	0.00
1.23	0.11	0.01
1.24	0.11	0.01
1.25	0.11	-0.03
1.26	0.11	-0.01
1.27	0.11	0.00
1.28	0.11	0.01
1.29	0.12	0.01
1.30	0.12	0.01
1.31	0.12	0.00
1.32	0.12	0.01
1.33	0.12	0.01
1.34	0.12	-0.00
1.35	0.12	0.01
1.36	0.12	-0.01
1.37	0.12	-0.02
1.38	0.12	-0.01
1.39	0.12	0.00
1.40	0.12	-0.01
1.41	0.13	-0.00
1.42	0.13	0.01
1.43	0.13	0.02
1.44	0.13	0.02
1.45	0.13	0.02
1.46	0.13	0.01
1.47	0.13	0.00
1.48	0.13	-0.02
1.49	0.13	-0.03
1.50	0.13	-0.02
1.51	0.13	-0.01
1.52	0.13	-0.01
1.53	0.14	-0.00
1.54	0.14	0.01
1.55	0.14	-0.00
1.56	0.14	-0.00
1.57	0.14	0.01
1.58	0.14	0.01
1.59	0.14	-0.00
1.60	0.14	-0.00
1.61	0.14	0.01
1.62	0.14	0.02
1.63	0.14	-0.01
1.64	0.14	-0.01
1.65	0.15	-0.02
1.66	0.15	-0.00
1.67	0.15	0.01
1.68	0.15	-0.00
1.69	0.15	0.01
1.70	0.15	0.01
1.71	0.15	0.02
1.72	0.15	0.02
1.73	0.15	-0.01
1.74	0.15	-0.04
1.75	0.15	-0.01
1.76	0.15	-0.00
1.77	0.16	0.00
1.78	0.16	0.02
1.79	0.16	0.01
1.80	0.16	0.00
1.81	0.16	0.00
1.82	0.16	0.00
1.83	0.16	-0.02
1.84	0.16	-0.00
1.85	0.16	0.01
1.86	0.16	-0.01
1.87	0.16	-0.01
1.88	0.16	-0.02
1.89	0.17	-0.01
1.90	0.17	0.00
1.91	0.17	-0.01
1.92	0.17	-0.01
1.93	0.17	0.01
1.94	0.17	0.01
1.95	0.17	0.02
1.96	0.17	0.01
1.97	0.17	0.00
1.98	0.17	-0.00
1.99	0.17	0.01
2.00	0.17	0.01
2.01	0.18	0.00
2.02	0.18	0.00
2.03	0.18	-0.00
2.04	0.18	-0.01
2.05	0.18	-0.00
2.06	0.18	0.02
2.07	0.18	0.02
2.08	0.18	0.00
2.09	0.18	-0.02
2.10	0.18	-0.02
2.11	0.18	-0.01
2.12	0.18	-0.01
2.13	0.19	0.02
2.14	0.19	0.00
2.15	0.19	-0.02
2.16	0.19	-0.00
2.17	0.19	0.00
2.18	0.19	-0.03
2.19	0.19	-0.00
2.20	0.19	0.03
2.21	0.19	0.01
2.22	0.19	0.01
2.23	0.19	0.02
2.24	0.19	-0.01
2.25	0.20	-0.01
2.26	0.20	0.01
2.27	0.20	-0.02
2.28	0.20	-0.01
2.29	0.20	-0.02
2.30	0.20	-0.01
2.31	0.20	-0.00
2.32	0.20	-0.01
2.33	0.20	0.01
2.34	0.20	-0.00
2.35	0.20	-0.02
2.36	0.20	-0.01
2.37	0.21	-0.01
2.38	0.21	0.00
2.39	0.21	0.01
2.40	0.21	-0.00
2.41	0.21	0.01
2.42	0.21	0.02
2.43	0.21	0.00
2.44	0.21	-0.01
2.45	0.21	-0.00
2.46	0.21	0.02
2.47	0.21	0.01
2.48	0.21	-0.01
2.49	0.22	0.00
2.50	0.22	-0.00
2.51	0.22	0.01
2.52	0.22	0.01
2.53	0.22	0.00
2.54	0.22	0.00
2.55	0.22	-0.01
2.56	0.22	-0.01
2.57	0.22	-0.01
2.58	0.22	0.00
2.59	0.22	0.01
2.60	0.22	0.01
2.61	0.23	0.02
2.62	0.23	0.00
2.63	0.23	-0.00
2.64	0.23	0.01
2.65	0.23	-0.00
2.66	0.23	-0.01
2.67	0.23	-0.01
2.68	0.23	0.03
2.69	0.23	0.04
2.70	0.23	0.03
2.71	0.23	0.00
2.72	0.23	0.01
2.73	0.24	0.01
2.74	0.24	-0.01
2.75	0.24	-0.01
2.76	0.24	-0.00
2.77	0.24	0.01
2.78	0.24	0.00
2.79	0.24	0.01
2.80	0.24	0.00
2.81	0.24	-0.01
2.82	0.24	0.01
2.83	0.24	-0.01
2.84	0.24	-0.03
2.85	0.25	0.00
2.86	0.25	0.01
2.87	0.25	0.00
2.88	0.25	0.02
2.89	0.25	0.02
2.90	0.25	-0.00
2.91	0.25	-0.00
2.92	0.25	0.00
2.93	0.25	-0.01
2.94	0.25	-0.01
2.95	0.25	-0.00
2.96	0.25	-0.01
2.97	0.26	-0.01
2.98	0.26	-0.00
2.99	0.26	0.02
3.00	0.26	0.03
3.01	0.26	0.01
3.02	0.26	-0.00
3.03	0.26	0.01
3.04	0.26	0.01
3.05	0.26	0.01
3.06	0.26	0.02
3.07	0.26	0.00
3.08	0.26	0.00
3.09	0.27	0.01
3.10	0.27	0.02
3.11	0.27	0.01
3.12	0.27	0.00
3.13	0.27	-0.01
3.14	0.27	0.00
3.15	0.27	0.02
3.16	0.27	0.01
3.17	0.27	0.02
3.18	0.27	0.01
3.19	0.27	-0.02
3.20	0.27	-0.02
3.21	0.28	0.00
3.22	0.28	0.01
3.23	0.28	0.01
3.24	0.28	-0.01
3.25	0.28	-0.01
3.26	0.28	0.00
3.27	0.28	-0.02
3.28	0.28	-0.00
3.29	0.28	0.02
3.30	0.28	-0.01
3.31	0.28	-0.01
3.32	0.28	0.01
3.33	0.29	0.02
3.34	0.29	0.01
3.35	0.29	-0.01
3.36	0.29	-0.00
3.37	0.29	-0.00
3.38	0.29	-0.00
3.39	0.29	0.00
3.40	0.29	0.01
3.41	0.29	0.02
3.42	0.29	0.01
3.43	0.29	0.00
3.44	0.29	0.00
3.45	0.30	0.01
3.46	0.30	0.00
3.47	0.30	-0.01
3.48	0.30	-0.01
3.49	0.30	-0.00
3.50	0.30	0.01
3.51	0.30	0.00
3.52	0.30	0.01
3.53	0.30	0.02
3.54	0.30	0.04
3.55	0.30	0.01
3.56	0.30	-0.01
3.57	0.31	0.00
3.58	0.31	-0.02
3.59	0.31	-0.01
3.60	0.31	0.02
3.61	0.31	-0.00
3.62	0.31	0.00
3.63	0.31	0.02
3.64	0.31	0.02
3.65	0.31	0.03
3.66	0.31	-0.00
3.67	0.31	-0.01
3.68	0.31	-0.00
3.69	0.32	-0.01
3.70	0.32	-0.01
3.71	0.32	-0.01
3.72	0.32	0.00
3.73	0.32	-0.00
3.74	0.32	-0.00
3.75	0.32	-0.01
3.76	0.32	-0.02
3.77	0.32	-0.00
3.78	0.32	0.01
3.79	0.32	0.01
3.80	0.32	0.00
3.81	0.33	-0.00
3.82	0.33	0.02
3.83	0.33	0.04
3.84	0.33	0.01
3.85	0.33	-0.00
3.86	0.33	-0.00
3.87	0.33	0.00
3.88	0.33	0.01
3.89	0.33	-0.00
3.90	0.33	-0.01
3.91	0.33	-0.02
3.92	0.33	-0.01
3.93	0.34	0.01
3.94	0.34	-0.00
3.95	0.34	0.01
3.96	0.34	0.01
3.97	0.34	0.01
3.98	0.34	-0.01
3.99	0.34	0.00
4.00	0.34	0.01
4.01	0.34	-0.00
4.02	0.34	-0.01
4.03	0.34	0.00
4.04	0.34	0.02
4.05	0.35	0.02
4.06	0.35	0.02
4.07	0.35	0.00
4.08	0.35	0.00
4.09	0.35	-0.01
4.10	0.35	-0.03
4.11	0.35	-0.01
4.12	0.35	-0.01
4.13	0.35	-0.00
4.14	0.35	0.00
4.15	0.35	-0.00
4.16	0.35	0.01
4.17	0.36	0.02
4.18	0.36	0.03
4.19	0.36	0.02
4.20	0.36	0.01
4.21	0.36	0.00
4.22	0.36	0.02
4.23	0.36	0.01
4.24	0.36	-0.00
4.25	0.36	0.00
4.26	0.36	-0.00
4.27	0.36	-0.00
4.28	0.36	0.02
4.29	0.37	0.02
4.30	0.37	0.00
4.31	0.37	0.02
4.32	0.37	0.02
4.33	0.37	0.02
4.34	0.37	0.00
4.35	0.37	0.03
4.36	0.37	0.05
4.37	0.37	0.03
4.38	0.37	0.03
4.39	0.37	0.03
4.40	0.37	0.02
4.41	0.38	0.02
4.42	0.38	0.01
4.43	0.38	-0.01
4.44	0.38	-0.01
4.45	0.38	-0.01
4.46	0.38	0.01
4.47	0.38	0.03
4.48	0.38	0.01
4.49	0.38	0.03
4.50	0.38	0.03
4.51	0.38	0.02
4.52	0.38	0.03
4.53	0.39	0.04
4.54	0.39	0.02
4.55	0.39	0.02
4.56	0.39	0.02
4.57	0.39	0.02
4.58	0.39	0.02
4.59	0.39	0.02
4.60	0.39	0.02
4.61	0.39	0.02
4.62	0.39	0.03
4.63	0.39	0.03
4.64	0.39	0.02
4.65	0.40	0.02
4.66	0.40	0.02
4.67	0.40	0.04
4.68	0.40	0.02
4.69	0.40	0.01
4.70	0.40	0.02
4.71	0.40	0.02
4.72	0.40	0.01
4.73	0.40	0.02
4.74	0.40	0.02
4.75	0.40	0.02
4.76	0.40	0.03
4.77	0.41	0.03
4.78	0.41	0.02
4.79	0.41	0.01
4.80	0.41	0.02
4.81	0.41	0.03
4.82	0.41	0.03
4.83	0.41	0.04
4.84	0.41	0.04
4.85	0.41	0.04
4.86	0.41	0.03
4.87	0.41	0.01
4.88	0.41	0.00
4.89	0.42	0.01
4.90	0.42	0.04
4.91	0.42	0.04
4.92	0.42	0.02
4.93	0.42	0.02
4.94	0.42	0.01
4.95	0.42	0.00
4.96	0.42	0.03
4.97	0.42	0.03
4.98	0.42	0.05
4.99	0.42	0.04
5.00	0.42	0.01
5.01	0.43	0.03
5.02	0.43	0.03
5.03	0.43	0.02
5.04	0.43	0.04
5.05	0.43	0.03
5.06	0.43	0.02
5.07	0.43	0.01
5.08	0.43	0.03
5.09	0.43	0.03
5.10	0.43	0.02
5.11	0.43	0.03
5.12	0.43	0.03
5.13	0.44	0.03
5.14	0.44	0.03
5.15	0.44	0.03
5.16	0.44	0.03
5.17	0.44	0.02
5.18	0.44	0.02
5.19	0.44	0.03
5.20	0.44	0.04
5.21	0.44	0.05
5.22	0.44	0.03
5.23	0.44	0.02
5.24	0.44	0.03
5.25	0.45	0.03
5.26	0.45	0.03
5.27	0.45	0.04
5.28	0.45	0.04
5.29	0.45	0.04
5.30	0.45	0.04
5.31	0.45	0.04
5.32	0.45	0.03
5.33	0.45	0.04
5.34	0.45	0.05
5.35	0.45	0.06
5.36	0.45	0.06
5.37	0.46	0.04
5.38	0.46	0.04
5.39	0.46	0.04
5.40	0.46	0.04
5.41	0.46	0.07
5.42	0.46	0.07
5.43	0.46	0.07
5.44	0.46	0.06
5.45	0.46	0.04
5.46	0.46	0.06
5.47	0.46	0.06
5.48	0.46	0.03
5.49	0.47	0.02
5.50	0.47	0.04
5.51	0.47	0.05
5.52	0.47	0.05
5.53	0.47	0.04
5.54	0.47	0.03
5.55	0.47	0.04
5.56	0.47	0.04
5.57	0.47	0.05
5.58	0.47	0.06
5.59	0.47	0.05
5.60	0.47	0.03
5.61	0.48	0.05
5.62	0.48	0.05
5.63	0.48	0.04
5.64	0.48	0.04
5.65	0.48	0.03
5.66	0.48	0.04
5.67	0.48	0.03
5.68	0.48	0.05
5.69	0.48	0.06
5.70	0.48	0.07
5.71	0.48	0.07
5.72	0.48	0.04
5.73	0.49	0.02
5.74	0.49	0.04
5.75	0.49	0.02
5.76	0.49	0.03
5.77	0.49	0.06
5.78	0.49	0.05
5.79	0.49	0.03
5.80	0.49	0.03
5.81	0.49	0.03
5.82	0.49	0.05
5.83	0.49	0.05
5.84	0.49	0.04
5.85	0.50	0.06
5.86	0.50	0.06
5.87	0.50	0.06
5.88	0.50	0.03
5.89	0.50	0.05
5.90	0.50	0.05
5.91	0.50	0.04
5.92	0.50	0.04
5.93	0.50	0.04
5.94	0.50	0.05
5.95	0.50	0.06
5.96	0.50	0.06
5.97	0.51	0.06
5.98	0.51	0.05
5.99	0.51	0.05
6.00	0.51	0.07
6.01	0.51	0.08
6.02	0.51	0.07
6.03	0.51	0.05
6.04	0.51	0.05
6.05	0.51	0.05
6.06	0.51	0.05
6.07	0.51	0.05
6.08	0.51	0.04
6.09	0.52	0.04
6.10	0.52	0.04
6.11	0.52	0.05
6.12	0.52	0.04
6.13	0.52	0.05
6.14	0.52	0.06
6.15	0.52	0.06
6.16	0.52	0.05
6.17	0.52	0.07
6.18	0.52	0.05
6.19	0.52	0.05
6.20	0.52	0.06
6.21	0.53	0.03
6.22	0.53	0.04
6.23	0.53	0.06
6.24	0.53	0.05
6.25	0.53	0.03
6.26	0.53	0.04
6.27	0.53	0.04
6.28	0.53	0.04
6.29	0.53	0.06
6.30	0.53	0.04
6.31	0.53	0.04
6.32	0.53	0.06
6.33	0.54	0.07
6.34	0.54	0.06
6.35	0.54	0.05
6.36	0.54	0.07
6.37	0.54	0.06
6.38	0.54	0.04
6.39	0.54	0.05
6.40	0.54	0.06
6.41	0.54	0.06
6.42	0.54	0.05
6.43	0.54	0.08
6.44	0.54	0.06
6.45	0.55	0.06
6.46	0.55	0.06
6.47	0.55	0.05
6.48	0.55	0.06
6.49	0.55	0.05
6.50	0.55	0.05
6.51	0.55	0.06
6.52	0.55	0.07
6.53	0.55	0.08
6.54	0.55	0.08
6.55	0.55	0.07
6.56	0.55	0.07
6.57	0.56	0.06
6.58	0.56	0.06
6.59	0.56	0.07
6.60	0.56	0.08
6.61	0.56	0.09
6.62	0.56	0.07
6.63	0.56	0.06
6.64	0.56	0.07
6.65	0.56	0.06
6.66	0.56	0.07
6.67	0.56	0.08
6.68	0.56	0.07
6.69	0.57	0.06
6.70	0.57	0.04
6.71	0.57	0.03
6.72	0.57	0.05
6.73	0.57	0.08
6.74	0.57	0.08
6.75	0.57	0.05
6.76	0.57	0.07
6.77	0.57	0.08
6.78	0.57	0.05
6.79	0.57	0.06
6.80	0.57	0.10
6.81	0.58	0.09
6.82	0.58	0.07
6.83	0.58	0.07
6.84	0.58	0.07
6.85	0.58	0.05
6.86	0.58	0.07
6.87	0.58	0.08
6.88	0.58	0.06
6.89	0.58	0.05
6.90	0.58	0.04
6.91	0.58	0.06
6.92	0.58	0.09
6.93	0.59	0.09
6.94	0.59	0.08
6.95	0.59	0.07
6.96	0.59	0.07
6.97	0.59	0.07
6.98	0.59	0.06
6.99	0.59	0.08
7.00	0.59	0.09
7.01	0.59	0.10
7.02	0.59	0.07
7.03	0.59	0.08
7.04	0.59	0.09
7.05	0.60	0.08
7.06	0.60	0.08
7.07	0.60	0.08
7.08	0.60	0.09
7.09	0.60	0.08
7.10	0.60	0.07
7.11	0.60	0.07
7.12	0.60	0.07
7.13	0.60	0.07
7.14	0.60	0.07
7.15	0.60	0.07
7.16	0.60	0.07
7.17	0.61	0.08
7.18	0.61	0.09
7.19	0.61	0.10
7.20	0.61	0.09
7.21	0.61	0.07
7.22	0.61	0.08
7.23	0.61	0.07
7.24	0.61	0.07
7.25	0.61	0.09
7.26	0.61	0.08
7.27	0.61	0.07
7.28	0.61	0.06
7.29	0.62	0.07
7.30	0.62	0.07
7.31	0.62	0.07
7.32	0.62	0.07
7.33	0.62	0.09
7.34	0.62	0.08
7.35	0.62	0.06
7.36	0.62	0.09
7.37	0.62	0.09
7.38	0.62	0.08
7.39	0.62	0.09
7.40	0.62	0.11
7.41	0.63	0.09
7.42	0.63	0.07
7.43	0.63	0.09
7.44	0.63	0.09
7.45	0.63	0.08
7.46	0.63	0.09
7.47	0.63	0.09
7.48	0.63	0.09
7.49	0.63	0.09
7.50	0.63	0.07
7.51	0.63	0.09
7.52	0.63	0.12
7.53	0.64	0.12
7.54	0.64	0.08
7.55	0.64	0.07
7.56	0.64	0.08
7.57	0.64	0.07
7.58	0.64	0.08
7.59	0.64	0.07
7.60	0.64	0.07
7.61	0.64	0.10
7.62	0.64	0.09
7.63	0.64	0.08
7.64	0.64	0.09
7.65	0.65	0.07
7.66	0.65	0.06
7.67	0.65	0.08
7.68	0.65	0.09
7.69	0.65	0.08
7.70	0.65	0.07
7.71	0.65	0.08
7.72	0.65	0.09
7.73	0.65	0.11
7.74	0.65	0.09
7.75	0.65	0.08
7.76	0.65	0.08
7.77	0.66	0.07
7.78	0.66	0.09
7.79	0.66	0.11
7.80	0.66	0.10
7.81	0.66	0.10
7.82	0.66	0.10
7.83	0.66	0.09
7.84	0.66	0.09
7.85	0.66	0.09
7.86	0.66	0.11
7.87	0.66	0.10
7.88	0.66	0.10
7.89	0.67	0.10
7.90	0.67	0.08
7.91	0.67	0.08
7.92	0.67	0.09
7.93	0.67	0.11
7.94	0.67	0.12
7.95	0.67	0.08
7.96	0.67	0.08
7.97	0.67	0.08
7.98	0.67	0.10
7.99	0.67	0.11
8.00	0.67	0.09
8.01	0.68	0.09
8.02	0.68	0.09
8.03	0.68	0.10
8.04	0.68	0.11
8.05	0.68	0.10
8.06	0.68	0.09
8.07	0.68	0.09
8.08	0.68	0.09
8.09	0.68	0.09
8.10	0.68	0.10
8.11	0.68	0.10
8.12	0.68	0.10
8.13	0.69	0.10
8.14	0.69	0.10
8.15	0.69	0.12
8.16	0.69	0.12
8.17	0.69	0.09
8.18	0.69	0.09
8.19	0.69	0.09
8.20	0.69	0.09
8.21	0.69	0.09
8.22	0.69	0.10
8.23	0.69	0.10
8.24	0.69	0.09
8.25	0.70	0.08
8.26	0.70	0.09
8.27	0.70	0.09
8.28	0.70	0.08
8.29	0.70	0.11
8.30	0.70	0.11
8.31	0.70	0.08
8.32	0.70	0.10
8.33	0.70	0.08
8.34	0.70	0.10
8.35	0.70	0.11
8.36	0.70	0.09
8.37	0.71	0.07
8.38	0.71	0.10
8.39	0.71	0.12
8.40	0.71	0.10
8.41	0.71	0.11
8.42	0.71	0.11
8.43	0.71	0.11
8.44	0.71	0.11
8.45	0.71	0.08
8.46	0.71	0.11
8.47	0.71	0.12
8.48	0.71	0.10
8.49	0.72	0.11
8.50	0.72	0.11
8.51	0.72	0.11
8.52	0.72	0.09
8.53	0.72	0.09
8.54	0.72	0.11
8.55	0.72	0.10
8.56	0.72	0.10
8.57	0.72	0.10
8.58	0.72	0.11
8.59	0.72	0.13
8.60	0.72	0.11
8.61	0.73	0.11
8.62	0.73	0.13
8.63	0.73	0.12
8.64	0.73	0.10
8.65	0.73	0.10
8.66	0.73	0.10
8.67	0.73	0.10
8.68	0.73	0.13
8.69	0.73	0.13
8.70	0.73	0.11
8.71	0.73	0.10
8.72	0.73	0.10
8.73	0.74	0.11
8.74	0.74	0.12
8.75	0.74	0.11
8.76	0.74	0.10
8.77	0.74	0.12
8.78	0.74	0.13
8.79	0.74	0.11
8.80	0.74	0.11
8.81	0.74	0.12
8.82	0.74	0.11
8.83	0.74	0.10
8.84	0.74	0.11
8.85	0.75	0.12
8.86	0.75	0.12
8.87	0.75	0.11
8.88	0.75	0.08
8.89	0.75	0.11
8.90	0.75	0.12
8.91	0.75	0.10
8.92	0.75	0.11
8.93	0.75	0.12
8.94	0.75	0.12
8.95	0.75	0.11
8.96	0.75	0.10
8.97	0.76	0.09
8.98	0.76	0.11
8.99	0.76	0.12
9.00	0.76	0.13
9.01	0.76	0.13
9.02	0.76	0.13
9.03	0.76	0.12
9.04	0.76	0.09
9.05	0.76	0.12
9.06	0.76	0.12
9.07	0.76	0.10
9.08	0.76	0.09
9.09	0.77	0.09
9.10	0.77	0.10
9.11	0.77	0.09
9.12	0.77	0.11
9.13	0.77	0.12
9.14	0.77	0.10
9.15	0.77	0.11
9.16	0.77	0.13
9.17	0.77	0.13
9.18	0.77	0.14
9.19	0.77	0.13
9.20	0.77	0.12
9.21	0.78	0.13
9.22	0.78	0.14
9.23	0.78	0.13
9.24	0.78	0.11
9.25	0.78	0.10
9.26	0.78	0.10
9.27	0.78	0.12
9.28	0.78	0.14
9.29	0.78	0.12
9.30	0.78	0.11
9.31	0.78	0.10
9.32	0.78	0.12
9.33	0.79	0.13
9.34	0.79	0.10
9.35	0.79	0.10
9.36	0.79	0.12
9.37	0.79	0.12
9.38	0.79	0.11
9.39	0.79	0.13
9.40	0.79	0.14
9.41	0.79	0.14
9.42	0.79	0.16
9.43	0.79	0.13
9.44	0.79	0.11
9.45	0.80	0.10
9.46	0.80	0.14
9.47	0.80	0.13
9.48	0.80	0.12
9.49	0.80	0.12
9.50	0.80	0.10
9.51	0.80	0.12
9.52	0.80	0.13
9.53	0.80	0.10
9.54	0.80	0.10
9.55	0.80	0.10
9.56	0.80	0.11
9.57	0.81	0.16
9.58	0.81	0.14
9.59	0.81	0.10
9.60	0.81	0.12
9.61	0.81	0.13
9.62	0.81	0.11
9.63	0.81	0.12
9.64	0.81	0.11
9.65	0.81	0.12
9.66	0.81	0.15
9.67	0.81	0.14
9.68	0.81	0.14
9.69	0.82	0.13
9.70	0.82	0.13
9.71	0.82	0.14
9.72	0.82	0.14
9.73	0.82	0.12
9.74	0.82	0.13
9.75	0.82	0.14
9.76	0.82	0.12
9.77	0.82	0.14
9.78	0.82	0.13
9.79	0.82	0.13
9.80	0.82	0.13
9.81	0.83	0.14
9.82	0.83	0.15
9.83	0.83	0.12
9.84	0.83	0.11
9.85	0.83	0.10
9.86	0.83	0.12
9.87	0.83	0.14
9.88	0.83	0.15
9.89	0.83	0.15
9.90	0.83	0.13
9.91	0.83	0.14
9.92	0.83	0.14
9.93	0.84	0.13
9.94	0.84	0.12
9.95	0.84	0.12
9.96	0.84	0.13
9.97	0.84	0.13
9.98	0.84	0.15
9.99	0.84	0.15
10.00	0.84	0.14
10.01	0.84	0.14
10.02	0.84	0.16
10.03	0.84	0.17
10.04	0.84	0.16
10.05	0.85	0.13
10.06	0.85	0.12
10.07	0.85	0.12
10.08	0.85	0.14
10.09	0.85	0.14
10.10	0.85	0.14
10.11	0.85	0.14
10.12	0.85	0.13
10.13	0.85	0.13
10.14	0.85	0.14
10.15	0.85	0.13
10.16	0.85	0.13
10.17	0.86	0.15
10.18	0.86	0.17
10.19	0.86	0.17
10.20	0.86	0.16
10.21	0.86	0.15
10.22	0.86	0.14
10.23	0.86	0.14
10.24	0.86	0.13
10.25	0.86	0.12
10.26	0.86	0.14
10.27	0.86	0.14
10.28	0.86	0.12
10.29	0.87	0.14
10.30	0.87	0.15
10.31	0.87	0.14
10.32	0.87	0.15
10.33	0.87	0.16
10.34	0.87	0.15
10.35	0.87	0.13
10.36	0.87	0.13
10.37	0.87	0.14
10.38	0.87	0.14
10.39	0.87	0.14
10.40	0.87	0.14
10.41	0.88	0.15
10.42	0.88	0.14
10.43	0.88	0.14
10.44	0.88	0.15
10.45	0.88	0.14
10.46	0.88	0.12
10.47	0.88	0.13
10.48	0.88	0.15
10.49	0.88	0.15
10.50	0.88	0.15
10.51	0.88	0.15
10.52	0.88	0.15
10.53	0.89	0.14
10.54	0.89	0.16
10.55	0.89	0.17
10.56	0.89	0.16
10.57	0.89	0.16
10.58	0.89	0.15
10.59	0.89	0.15
10.60	0.89	0.15
10.61	0.89	0.15
10.62	0.89	0.15
10.63	0.89	0.15
10.64	0.89	0.15
10.65	0.90	0.15
10.66	0.90	0.15
10.67	0.90	0.14
10.68	0.90	0.14
10.69	0.90	0.15
10.70	0.90	0.15
10.71	0.90	0.14
10.72	0.90	0.14
10.73	0.90	0.17
10.74	0.90	0.17
10.75	0.90	0.15
10.76	0.90	0.15
10.77	0.91	0.15
10.78	0.91	0.16
10.79	0.91	0.15
10.80	0.91	0.15
10.81	0.91	0.14
10.82	0.91	0.14
10.83	0.91	0.16
10.84	0.91	0.18
10.85	0.91	0.17
10.86	0.91	0.18
10.87	0.91	0.20
10.88	0.91	0.19
10.89	0.92	0.18
10.90	0.92	0.19
10.91	0.92	0.15
10.92	0.92	0.15
10.93	0.92	0.16
10.94	0.92	0.17
10.95	0.92	0.17
10.96	0.92	0.14
10.97	0.92	0.13
10.98	0.92	0.16
10.99	0.92	0.17
11.00	0.92	0.17
11.01	0.93	0.17
11.02	0.93	0.16
11.03	0.93	0.16
11.04	0.93	0.17
11.05	0.93	0.17
11.06	0.93	0.16
11.07	0.93	0.15
11.08	0.93	0.16
11.09	0.93	0.17
11.10	0.93	0.16
11.11	0.93	0.14
11.12	0.93	0.16
11.13	0.94	0.16
11.14	0.94	0.16
11.15	0.94	0.17
11.16	0.94	0.15
11.17	0.94	0.17
11.18	0.94	0.19
11.19	0.94	0.16
11.20	0.94	0.15
11.21	0.94	0.17
11.22	0.94	0.17
11.23	0.94	0.14
11.24	0.94	0.15
11.25	0.95	0.17
11.26	0.95	0.15
11.27	0.95	0.16
11.28	0.95	0.16
11.29	0.95	0.16
11.30	0.95	0.16
11.31	0.95	0.15
11.32	0.95	0.15
11.33	0.95	0.16
11.34	0.95	0.17
11.35	0.95	0.16
11.36	0.95	0.15
11.37	0.96	0.16
11.38	0.96	0.16
11.39	0.96	0.18
11.40	0.96	0.18
11.41	0.96	0.16
11.42	0.96	0.16
11.43	0.96	0.17
11.44	0.96	0.18
11.45	0.96	0.17
11.46	0.96	0.18
11.47	0.96	0.17
11.48	0.96	0.17
11.49	0.97	0.18
11.50	0.97	0.18
11.51	0.97	0.18
11.52	0.97	0.17
11.53	0.97	0.16
11.54	0.97	0.19
11.55	0.97	0.18
11.56	0.97	0.17
11.57	0.97	0.17
11.58	0.97	0.18
11.59	0.97	0.17
11.60	0.97	0.18
11.61	0.98	0.16
11.62	0.98	0.16
11.63	0.98	0.17
11.64	0.98	0.16
11.65	0.98	0.19
11.66	0.98	0.17
11.67	0.98	0.15
11.68	0.98	0.15
11.69	0.98	0.17
11.70	0.98	0.17
11.71	0.98	0.17
11.72	0.98	0.19
11.73	0.99	0.19
11.74	0.99	0.18
11.75	0.99	0.17
11.76	0.99	0.18
11.77	0.99	0.16
11.78	0.99	0.17
11.79	0.99	0.18
11.80	0.99	0.18
11.81	0.99	0.19
11.82	0.99	0.19
11.83	0.99	0.18
11.84	0.99	0.17
11.85	1.00	0.17
11.86	1.00	0.18
11.87	1.00	0.17
11.88	1.00	0.16
11.89	1.00	0.17
11.90	1.00	0.20
11.91	1.00	0.18
11.92	1.00	0.16
11.93	1.00	0.17
11.94	1.00	0.18
11.95	1.00	0.18
11.96	1.00	0.17
11.97	1.01	0.17
11.98	1.01	0.18
11.99	1.01	0.19
12.00	1.01	0.19
12.01	1.01	0.17
12.02	1.01	0.18
12.03	1.01	0.18
12.04	1.01	0.17
12.05	1.01	0.18
12.06	1.01	0.17
12.07	1.01	0.17
12.08	1.01	0.18
12.09	1.02	0.18
12.10	1.02	0.17
12.11	1.02	0.19
12.12	1.02	0.20
12.13	1.02	0.19
12.14	1.02	0.20
12.15	1.02	0.19
12.16	1.02	0.19
12.17	1.02	0.19
12.18	1.02	0.18
12.19	1.02	0.17
12.20	1.02	0.17
12.21	1.03	0.20
12.22	1.03	0.21
12.23	1.03	0.20
12.24	1.03	0.18
12.25	1.03	0.16
12.26	1.03	0.17
12.27	1.03	0.17
12.28	1.03	0.16
12.29	1.03	0.18
12.30	1.03	0.19
12.31	1.03	0.19
12.32	1.03	0.16
12.33	1.04	0.19
12.34	1.04	0.20
12.35	1.04	0.20
12.36	1.04	0.21
12.37	1.04	0.19
12.38	1.04	0.19
12.39	1.04	0.18
12.40	1.04	0.17
12.41	1.04	0.17
12.42	1.04	0.17
12.43	1.04	0.20
12.44	1.04	0.20
12.45	1.05	0.19
12.46	1.05	0.19
12.47	1.05	0.20
12.48	1.05	0.20
12.49	1.05	0.19
12.50	1.05	0.19
12.51	1.05	0.19
12.52	1.05	0.18
12.53	1.05	0.19
12.54	1.05	0.21
12.55	1.05	0.21
12.56	1.05	0.20
12.57	1.06	0.21
12.58	1.06	0.22
12.59	1.06	0.21
12.60	1.06	0.19
12.61	1.06	0.19
12.62	1.06	0.20
12.63	1.06	0.19
12.64	1.06	0.19
12.65	1.06	0.18
12.66	1.06	0.18
12.67	1.06	0.19
12.68	1.06	0.19
12.69	1.07	0.19
12.70	1.07	0.20
12.71	1.07	0.20
12.72	1.07	0.19
12.73	1.07	0.19
12.74	1.07	0.19
12.75	1.07	0.21
12.76	1.07	0.21
12.77	1.07	0.21
12.78	1.07	0.20
12.79	1.07	0.19
12.80	1.07	0.22
12.81	1.08	0.21
12.82	1.08	0.19
12.83	1.08	0.18
12.84	1.08	0.20
12.85	1.08	0.19
12.86	1.08	0.18
12.87	1.08	0.21
12.88	1.08	0.22
12.89	1.08	0.18
12.90	1.08	0.17
12.91	1.08	0.18
12.92	1.08	0.18
12.93	1.09	0.20
12.94	1.09	0.21
12.95	1.09	0.20
12.96	1.09	0.19
12.97	1.09	0.17
12.98	1.09	0.20
12.99	1.09	0.20
13.00	1.09	0.18
13.01	1.09	0.19
13.02	1.09	0.22
13.03	1.09	0.22
13.04	1.09	0.19
13.05	1.10	0.19
13.06	1.10	0.20
13.07	1.10	0.18
13.08	1.10	0.20
13.09	1.10	0.21
13.10	1.10	0.22
13.11	1.10	0.19
13.12	1.10	0.18
13.13	1.10	0.21
13.14	1.10	0.22
13.15	1.10	0.20
13.16	1.10	0.19
13.17	1.11	0.20
13.18	1.11	0.18
13.19	1.11	0.19
13.20	1.11	0.20
13.21	1.11	0.21
13.22	1.11	0.23
13.23	1.11	0.20
13.24	1.11	0.20
13.25	1.11	0.21
13.26	1.11	0.21
13.27	1.11	0.20
13.28	1.11	0.20
13.29	1.12	0.21
13.30	1.12	0.21
13.31	1.12	0.23
13.32	1.12	0.24
13.33	1.12	0.21
13.34	1.12	0.20
13.35	1.12	0.20
13.36	1.12	0.20
13.37	1.12	0.21
13.38	1.12	0.20
13.39	1.12	0.21
13.40	1.12	0.22
13.41	1.13	0.22
13.42	1.13	0.21
13.43	1.13	0.19
13.44	1.13	0.22
13.45	1.13	0.22
13.46	1.13	0.19
13.47	1.13	0.19
13.48	1.13	0.21
13.49	1.13	0.21
13.50	1.13	0.21
13.51	1.13	0.23
13.52	1.13	0.22
13.53	1.14	0.22
13.54	1.14	0.25
13.55	1.14	0.25
13.56	1.14	0.23
13.57	1.14	0.20
13.58	1.14	0.19
13.59	1.14	0.20
13.60	1.14	0.24
13.61	1.14	0.23
13.62	1.14	0.22
13.63	1.14	0.21
13.64	1.14	0.21
13.65	1.15	0.21
13.66	1.15	0.19
13.67	1.15	0.22
13.68	1.15	0.24
13.69	1.15	0.20
13.70	1.15	0.21
13.71	1.15	0.22
13.72	1.15	0.20
13.73	1.15	0.21
13.74	1.15	0.22
13.75	1.15	0.22
13.76	1.15	0.21
13.77	1.16	0.19
13.78	1.16	0.22
13.79	1.16	0.22
13.80	1.16	0.23
13.81	1.16	0.24
13.82	1.16	0.22
13.83	1.16	0.22
13.84	1.16	0.21
13.85	1.16	0.21
13.86	1.16	0.22
13.87	1.16	0.21
13.88	1.16	0.22
13.89	1.17	0.23
13.90	1.17	0.24
13.91	1.17	0.25
13.92	1.17	0.22
13.93	1.17	0.21
13.94	1.17	0.22
13.95	1.17	0.21
13.96	1.17	0.21
13.97	1.17	0.19
13.98	1.17	0.22
13.99	1.17	0.23
14.00	1.17	0.23
14.01	1.18	0.24
14.02	1.18	0.21
14.03	1.18	0.20
14.04	1.18	0.20
14.05	1.18	0.23
14.06	1.18	0.25
14.07	1.18	0.25
14.08	1.18	0.23
14.09	1.18	0.21
14.10	1.18	0.22
14.11	1.18	0.23
14.12	1.18	0.23
14.13	1.19	0.22
14.14	1.19	0.21
14.15	1.19	0.23
14.16	1.19	0.24
14.17	1.19	0.24
14.18	1.19	0.23
14.19	1.19	0.22
14.20	1.19	0.24
14.21	1.19	0.25
14.22	1.19	0.23
14.23	1.19	0.24
14.24	1.19	0.22
14.25	1.20	0.22
14.26	1.20	0.24
14.27	1.20	0.25
14.28	1.20	0.23
14.29	1.20	0.21
14.30	1.20	0.23
14.31	1.20	0.24
14.32	1.20	0.23
14.33	1.20	0.22
14.34	1.20	0.21
14.35	1.20	0.23
14.36	1.20	0.24
14.37	1.21	0.21
14.38	1.21	0.21
14.39	1.21	0.22
14.40	1.21	0.23
14.41	1.21	0.25
14.42	1.21	0.24
14.43	1.21	0.24
14.44	1.21	0.23
14.45	1.21	0.23
14.46	1.21	0.24
14.47	1.21	0.24
14.48	1.21	0.24
14.49	1.22	0.22
14.50	1.22	0.25
14.51	1.22	0.23
14.52	1.22	0.22
14.53	1.22	0.24
14.54	1.22	0.25
14.55	1.22	0.26
14.56	1.22	0.23
14.57	1.22	0.21
14.58	1.22	0.22
14.59	1.22	0.25
14.60	1.22	0.22
14.61	1.23	0.22
14.62	1.23	0.24
14.63	1.23	0.23
14.64	1.23	0.22
14.65	1.23	0.22
14.66	1.23	0.24
14.67	1.23	0.24
14.68	1.23	0.23
14.69	1.23	0.23
14.70	1.23	0.24
14.71	1.23	0.26
14.72	1.23	0.23
14.73	1.24	0.23
14.74	1.24	0.24
14.75	1.24	0.24
14.76	1.24	0.24
14.77	1.24	0.24
14.78	1.24	0.25
14.79	1.24	0.26
14.80	1.24	0.26
14.81	1.24	0.25
14.82	1.24	0.25
14.83	1.24	0.24
14.84	1.24	0.23
14.85	1.25	0.24
14.86	1.25	0.22
14.87	1.25	0.21
14.88	1.25	0.23
14.89	1.25	0.23
14.90	1.25	0.22
14.91	1.25	0.21
14.92	1.25	0.20
14.93	1.25	0.20
14.94	1.25	0.21
14.95	1.25	0.23
14.96	1.25	0.21
14.97	1.26	0.21
14.98	1.26	0.22
14.99	1.26	0.19
15.00	1.26	0.19
15.01	1.26	0.18
15.02	1.26	0.18
15.03	1.26	0.20
15.04	1.26	0.21
15.05	1.26	0.20
15.06	1.26	0.20
15.07	1.26	0.20
15.08	1.26	0.20
15.09	1.27	0.20
15.10	1.27	0.20
15.11	1.27	0.19
15.12	1.27	0.18
15.13	1.27	0.18
15.14	1.27	0.18
15.15	1.27	0.19
15.16	1.27	0.21
15.17	1.27	0.21
15.18	1.27	0.20
15.19	1.27	0.21
15.20	1.27	0.21
15.21	1.28	0.20
15.22	1.28	0.19
15.23	1.28	0.19
15.24	1.28	0.20
15.25	1.28	0.22
15.26	1.28	0.20
15.27	1.28	0.20
15.28	1.28	0.19
15.29	1.28	0.18
15.30	1.28	0.19
15.31	1.28	0.20
15.32	1.28	0.21
15.33	1.29	0.21
15.34	1.29	0.20
15.35	1.29	0.20
15.36	1.29	0.21
15.37	1.29	0.22
15.38	1.29	0.23
15.39	1.29	0.21
15.40	1.29	0.20
15.41	1.29	0.21
15.42	1.29	0.25
15.43	1.29	0.24
15.44	1.29	0.22
15.45	1.30	0.21
15.46	1.30	0.21
15.47	1.30	0.21
15.48	1.30	0.22
15.49	1.30	0.23
15.50	1.30	0.22
15.51	1.30	0.21
15.52	1.30	0.18
15.53	1.30	0.20
15.54	1.30	0.22
15.55	1.30	0.21
15.56	1.30	0.22
15.57	1.31	0.20
15.58	1.31	0.20
15.59	1.31	0.22
15.60	1.31	0.21
15.61	1.31	0.20
15.62	1.31	0.23
15.63	1.31	0.24
15.64	1.31	0.22
15.65	1.31	0.20
15.66	1.31	0.22
15.67	1.31	0.21
15.68	1.31	0.20
15.69	1.32	0.21
15.70	1.32	0.22
15.71	1.32	0.19
15.72	1.32	0.19
15.73	1.32	0.22
15.74	1.32	0.24
15.75	1.32	0.23
15.76	1.32	0.21
15.77	1.32	0.22
15.78	1.32	0.23
15.79	1.32	0.22
15.80	1.32	0.21
15.81	1.33	0.21
15.82	1.33	0.20
15.83	1.33	0.20
15.84	1.33	0.22
15.85	1.33	0.21
15.86	1.33	0.21
15.87	1.33	0.21
15.88	1.33	0.22
15.89	1.33	0.22
15.90	1.33	0.22
15.91	1.33	0.23
15.92	1.33	0.23
15.93	1.34	0.22
15.94	1.34	0.22
15.95	1.34	0.22
15.96	1.34	0.22
15.97	1.34	0.23
15.98	1.34	0.22
15.99	1.34	0.21
16.00	1.34	0.21
16.01	1.34	0.22
16.02	1.34	0.22
16.03	1.34	0.24
16.04	1.34	0.23
16.05	1.35	0.22
16.06	1.35	0.23
16.07	1.35	0.21
16.08	1.35	0.21
16.09	1.35	0.22
16.10	1.35	0.22
16.11	1.35	0.24
16.12	1.35	0.24
16.13	1.35	0.23
16.14	1.35	0.22
16.15	1.35	0.21
16.16	1.35	0.21
16.17	1.36	0.22
16.18	1.36	0.23
16.19	1.36	0.22
16.20	1.36	0.23
16.21	1.36	0.23
16.22	1.36	0.24
16.23	1.36	0.24
16.24	1.36	0.23
16.25	1.36	0.23
16.26	1.36	0.23
16.27	1.36	0.23
16.28	1.36	0.22
16.29	1.37	0.22
16.30	1.37	0.22
16.31	1.37	0.21
16.32	1.37	0.22
16.33	1.37	0.23
16.34	1.37	0.22
16.35	1.37	0.23
16.36	1.37	0.22
16.37	1.37	0.23
16.38	1.37	0.25
16.39	1.37	0.23
16.40	1.37	0.24
16.41	1.38	0.23
16.42	1.38	0.24
16.43	1.38	0.24
16.44	1.38	0.22
16.45	1.38	0.23
16.46	1.38	0.23
16.47	1.38	0.23
16.48	1.38	0.23
16.49	1.38	0.22
16.50	1.38	0.24
16.51	1.38	0.25
16.52	1.38	0.23
16.53	1.39	0.23
16.54	1.39	0.24
16.55	1.39	0.22
16.56	1.39	0.23
16.57	1.39	0.23
16.58	1.39	0.22
16.59	1.39	0.22
16.60	1.39	0.22
16.61	1.39	0.23
16.62	1.39	0.24
16.63	1.39	0.23
16.64	1.39	0.24
16.65	1.40	0.24
16.66	1.40	0.23
16.67	1.40	0.21
16.68	1.40	0.21
16.69	1.40	0.22
16.70	1.40	0.24
16.71	1.40	0.26
16.72	1.40	0.23
16.73	1.40	0.22
16.74	1.40	0.26
16.75	1.40	0.26
16.76	1.40	0.26
16.77	1.41	0.23
16.78	1.41	0.24
16.79	1.41	0.24
16.80	1.41	0.24
16.81	1.41	0.25
16.82	1.41	0.25
16.83	1.41	0.25
16.84	1.41	0.25
16.85	1.41	0.25
16.86	1.41	0.25
16.87	1.41	0.23
16.88	1.41	0.22
16.89	1.42	0.26
16.90	1.42	0.25
16.91	1.42	0.25
16.92	1.42	0.24
16.93	1.42	0.22
16.94	1.42	0.25
16.95	1.42	0.27
16.96	1.42	0.26
16.97	1.42	0.25
16.98	1.42	0.24
16.99	1.42	0.24
17.00	1.42	0.25
17.01	1.43	0.24
17.02	1.43	0.25
17.03	1.43	0.26
17.04	1.43	0.27
17.05	1.43	0.26
17.06	1.43	0.24
17.07	1.43	0.24
17.08	1.43	0.24
17.09	1.43	0.23
17.10	1.43	0.24
17.11	1.43	0.25
17.12	1.43	0.25
17.13	1.44	0.25
17.14	1.44	0.28
17.15	1.44	0.26
17.16	1.44	0.23
17.17	1.44	0.25
17.18	1.44	0.25
17.19	1.44	0.25
17.20	1.44	0.25
17.21	1.44	0.24
17.22	1.44	0.22
17.23	1.44	0.24
17.24	1.44	0.24
17.25	1.45	0.26
17.26	1.45	0.28
17.27	1.45	0.27
17.28	1.45	0.26
17.29	1.45	0.25
17.30	1.45	0.24
17.31	1.45	0.23
17.32	1.45	0.24
17.33	1.45	0.25
17.34	1.45	0.24
17.35	1.45	0.25
17.36	1.45	0.25
17.37	1.46	0.27
17.38	1.46	0.28
17.39	1.46	0.28
17.40	1.46	0.27
17.41	1.46	0.26
17.42	1.46	0.26
17.43	1.46	0.25
17.44	1.46	0.24
17.45	1.46	0.25
17.46	1.46	0.26
17.47	1.46	0.26
17.48	1.46	0.25
17.49	1.47	0.23
17.50	1.47	0.27
17.51	1.47	0.29
17.52	1.47	0.25
17.53	1.47	0.23
17.54	1.47	0.24
17.55	1.47	0.26
17.56	1.47	0.26
17.57	1.47	0.26
17.58	1.47	0.28
17.59	1.47	0.29
17.60	1.47	0.27
17.61	1.48	0.26
17.62	1.48	0.27
17.63	1.48	0.28
17.64	1.48	0.28
17.65	1.48	0.26
17.66	1.48	0.27
17.67	1.48	0.28
17.68	1.48	0.30
17.69	1.48	0.26
17.70	1.48	0.23
17.71	1.48	0.26
17.72	1.48	0.27
17.73	1.49	0.27
17.74	1.49	0.28
17.75	1.49	0.27
17.76	1.49	0.27
17.77	1.49	0.29
17.78	1.49	0.27
17.79	1.49	0.28
17.80	1.49	0.29
17.81	1.49	0.27
17.82	1.49	0.28
17.83	1.49	0.28
17.84	1.49	0.29
17.85	1.50	0.28
17.86	1.50	0.28
17.87	1.50	0.28
17.88	1.50	0.27
17.89	1.50	0.27
17.90	1.50	0.29
17.91	1.50	0.28
17.92	1.50	0.26
17.93	1.50	0.26
17.94	1.50	0.25
17.95	1.50	0.26
17.96	1.50	0.29
17.97	1.51	0.29
17.98	1.51	0.28
17.99	1.51	0.26
18.00	1.51	0.27
18.01	1.51	0.28
18.02	1.51	0.26
18.03	1.51	0.26
18.04	1.51	0.26
18.05	1.51	0.25
18.06	1.51	0.24
18.07	1.51	0.27
18.08	1.51	0.26
18.09	1.52	0.25
18.10	1.52	0.27
18.11	1.52	0.28
18.12	1.52	0.28
18.13	1.52	0.28
18.14	1.52	0.28
18.15	1.52	0.30
18.16	1.52	0.30
18.17	1.52	0.29
18.18	1.52	0.29
18.19	1.52	0.27
18.20	1.52	0.26
18.21	1.53	0.27
18.22	1.53	0.29
18.23	1.53	0.27
18.24	1.53	0.28
18.25	1.53	0.28
18.26	1.53	0.27
18.27	1.53	0.28
18.28	1.53	0.26
18.29	1.53	0.27
18.30	1.53	0.29
18.31	1.53	0.27
18.32	1.53	0.26
18.33	1.54	0.26
18.34	1.54	0.28
18.35	1.54	0.30
18.36	1.54	0.28
18.37	1.54	0.30
18.38	1.54	0.31
18.39	1.54	0.30
18.40	1.54	0.29
18.41	1.54	0.28
18.42	1.54	0.28
18.43	1.54	0.27
18.44	1.54	0.28
18.45	1.55	0.27
18.46	1.55	0.27
18.47	1.55	0.29
18.48	1.55	0.28
18.49	1.55	0.27
18.50	1.55	0.27
18.51	1.55	0.28
18.52	1.55	0.29
18.53	1.55	0.28
18.54	1.55	0.28
18.55	1.55	0.28
18.56	1.55	0.27
18.57	1.56	0.29
18.58	1.56	0.28
18.59	1.56	0.28
18.60	1.56	0.29
18.61	1.56	0.28
18.62	1.56	0.29
18.63	1.56	0.28
18.64	1.56	0.29
18.65	1.56	0.29
18.66	1.56	0.28
18.67	1.56	0.29
18.68	1.56	0.28
18.69	1.57	0.29
18.70	1.57	0.31
18.71	1.57	0.29
18.72	1.57	0.24
18.73	1.57	0.24
18.74	1.57	0.28
18.75	1.57	0.29
18.76	1.57	0.29
18.77	1.57	0.30
18.78	1.57	0.29
18.79	1.57	0.28
18.80	1.57	0.28
18.81	1.58	0.28
18.82	1.58	0.28
18.83	1.58	0.29
18.84	1.58	0.29
18.85	1.58	0.28
18.86	1.58	0.27
18.87	1.58	0.28
18.88	1.58	0.28
18.89	1.58	0.27
18.90	1.58	0.29
18.91	1.58	0.30
18.92	1.58	0.28
18.93	1.59	0.27
18.94	1.59	0.27
18.95	1.59	0.29
18.96	1.59	0.30
18.97	1.59	0.28
18.98	1.59	0.28
18.99	1.59	0.30
19.00	1.59	0.29
19.01	1.59	0.30
19.02	1.59	0.31
19.03	1.59	0.29
19.04	1.59	0.30
19.05	1.60	0.32
19.06	1.60	0.30
19.07	1.60	0.30
19.08	1.60	0.31
19.09	1.60	0.31
19.10	1.60	0.30
19.11	1.60	0.28
19.12	1.60	0.30
19.13	1.60	0.31
19.14	1.60	0.30
19.15	1.60	0.30
19.16	1.60	0.29
19.17	1.61	0.31
19.18	1.61	0.31
19.19	1.61	0.30
19.20	1.61	0.31
19.21	1.61	0.30
19.22	1.61	0.29
19.23	1.61	0.29
19.24	1.61	0.30
19.25	1.61	0.30
19.26	1.61	0.31
19.27	1.61	0.33
19.28	1.61	0.32
19.29	1.62	0.30
19.30	1.62	0.31
19.31	1.62	0.29
19.32	1.62	0.27
19.33	1.62	0.29
19.34	1.62	0.33
19.35	1.62	0.32
19.36	1.62	0.32
19.37	1.62	0.31
19.38	1.62	0.30
19.39	1.62	0.30
19.40	1.62	0.30
19.41	1.63	0.31
19.42	1.63	0.31
19.43	1.63	0.30
19.44	1.63	0.30
19.45	1.63	0.30
19.46	1.63	0.30
19.47	1.63	0.29
19.48	1.63	0.31
19.49	1.63	0.31
19.50	1.63	0.32
19.51	1.63	0.31
19.52	1.63	0.30
19.53	1.64	0.29
19.54	1.64	0.29
19.55	1.64	0.31
19.56	1.64	0.28
19.57	1.64	0.29
19.58	1.64	0.33
19.59	1.64	0.31
19.60	1.64	0.31
19.61	1.64	0.29
19.62	1.64	0.29
19.63	1.64	0.33
19.64	1.64	0.33
19.65	1.65	0.31
19.66	1.65	0.32
19.67	1.65	0.33
19.68	1.65	0.32
19.69	1.65	0.32
19.70	1.65	0.30
19.71	1.65	0.32
19.72	1.65	0.33
19.73	1.65	0.32
19.74	1.65	0.33
19.75	1.65	0.31
19.76	1.65	0.29
19.77	1.66	0.30
19.78	1.66	0.31
19.79	1.66	0.28
19.80	1.66	0.29
19.81	1.66	0.30
19.82	1.66	0.30
19.83	1.66	0.33
19.84	1.66	0.32
19.85	1.66	0.32
19.86	1.66	0.32
19.87	1.66	0.29
19.88	1.66	0.32
19.89	1.67	0.33
19.90	1.67	0.30
19.91	1.67	0.30
19.92	1.67	0.31
19.93	1.67	0.33
19.94	1.67	0.33
19.95	1.67	0.31
19.96	1.67	0.32
19.97	1.67	0.33
19.98	1.67	0.29
19.99	1.67	0.30
20.00	1.67	0.32
20.01	1.68	0.29
20.02	1.68	0.30
20.03	1.68	0.31
20.04	1.68	0.34
20.05	1.68	0.34
20.06	1.68	0.31
20.07	1.68	0.32
20.08	1.68	0.31
20.09	1.68	0.30
20.10	1.68	0.32
20.11	1.68	0.33
20.12	1.68	0.33
20.13	1.69	0.34
20.14	1.69	0.33
20.15	1.69	0.32
20.16	1.69	0.32
20.17	1.69	0.31
20.18	1.69	0.32
20.19	1.69	0.32
20.20	1.69	0.32
20.21	1.69	0.34
20.22	1.69	0.35
20.23	1.69	0.34
20.24	1.69	0.32
20.25	1.70	0.32
20.26	1.70	0.32
20.27	1.70	0.31
20.28	1.70	0.32
20.29	1.70	0.33
20.30	1.70	0.33
20.31	1.70	0.32
20.32	1.70	0.33
20.33	1.70	0.34
20.34	1.70	0.35
20.35	1.70	0.34
20.36	1.70	0.32
20.37	1.71	0.32
20.38	1.71	0.32
20.39	1.71	0.32
20.40	1.71	0.31
20.41	1.71	0.30
20.42	1.71	0.32
20.43	1.71	0.32
20.44	1.71	0.32
20.45	1.71	0.32
20.46	1.71	0.31
20.47	1.71	0.32
20.48	1.71	0.32
20.49	1.72	0.33
20.50	1.72	0.32
20.51	1.72	0.31
20.52	1.72	0.32
20.53	1.72	0.34
20.54	1.72	0.34
20.55	1.72	0.33
20.56	1.72	0.33
20.57	1.72	0.33
20.58	1.72	0.32
20.59	1.72	0.34
20.60	1.72	0.35
20.61	1.73	0.34
20.62	1.73	0.34
20.63	1.73	0.35
20.64	1.73	0.36
20.65	1.73	0.35
20.66	1.73	0.36
20.67	1.73	0.36
20.68	1.73	0.34
20.69	1.73	0.31
20.70	1.73	0.31
20.71	1.73	0.33
20.72	1.73	0.34
20.73	1.74	0.34
20.74	1.74	0.34
20.75	1.74	0.33
20.76	1.74	0.33
20.77	1.74	0.32
20.78	1.74	0.32
20.79	1.74	0.34
20.80	1.74	0.34
20.81	1.74	0.34
20.82	1.74	0.33
20.83	1.74	0.33
20.84	1.74	0.36
20.85	1.75	0.37
20.86	1.75	0.34
20.87	1.75	0.33
20.88	1.75	0.33
20.89	1.75	0.36
20.90	1.75	0.36
20.91	1.75	0.33
20.92	1.75	0.35
20.93	1.75	0.35
20.94	1.75	0.36
20.95	1.75	0.35
20.96	1.75	0.33
20.97	1.76	0.33
20.98	1.76	0.33
20.99	1.76	0.33
21.00	1.76	0.33
21.01	1.76	0.33
21.02	1.76	0.35
21.03	1.76	0.35
21.04	1.76	0.35
21.05	1.76	0.34
21.06	1.76	0.35
21.07	1.76	0.34
21.08	1.76	0.33
21.09	1.77	0.35
21.10	1.77	0.35
21.11	1.77	0.34
21.12	1.77	0.33
21.13	1.77	0.34
21.14	1.77	0.36
21.15	1.77	0.36
21.16	1.77	0.37
21.17	1.77	0.38
21.18	1.77	0.38
21.19	1.77	0.36
21.20	1.77	0.34
21.21	1.78	0.35
21.22	1.78	0.34
21.23	1.78	0.34
21.24	1.78	0.34
21.25	1.78	0.34
21.26	1.78	0.34
21.27	1.78	0.35
21.28	1.78	0.35
21.29	1.78	0.35
21.30	1.78	0.36
21.31	1.78	0.35
21.32	1.78	0.33
21.33	1.79	0.33
21.34	1.79	0.34
21.35	1.79	0.35
21.36	1.79	0.36
21.37	1.79	0.36
21.38	1.79	0.34
21.39	1.79	0.37
21.40	1.79	0.39
21.41	1.79	0.35
21.42	1.79	0.34
21.43	1.79	0.36
21.44	1.79	0.36
21.45	1.80	0.35
21.46	1.80	0.34
21.47	1.80	0.34
21.48	1.80	0.36
21.49	1.80	0.34
21.50	1.80	0.33
21.51	1.80	0.35
21.52	1.80	0.34
21.53	1.80	0.33
21.54	1.80	0.33
21.55	1.80	0.34
21.56	1.80	0.32
21.57	1.81	0.32
21.58	1.81	0.32
21.59	1.81	0.33
21.60	1.81	0.33
21.61	1.81	0.34
21.62	1.81	0.33
21.63	1.81	0.32
21.64	1.81	0.35
21.65	1.81	0.35
21.66	1.81	0.34
21.67	1.81	0.32
21.68	1.81	0.31
21.69	1.82	0.34
21.70	1.82	0.33
21.71	1.82	0.34
21.72	1.82	0.35
21.73	1.82	0.32
21.74	1.82	0.33
21.75	1.82	0.34
21.76	1.82	0.33
21.77	1.82	0.33
21.78	1.82	0.34
21.79	1.82	0.34
21.80	1.82	0.33
21.81	1.83	0.34
21.82	1.83	0.33
21.83	1.83	0.32
21.84	1.83	0.32
21.85	1.83	0.32
21.86	1.83	0.32
21.87	1.83	0.32
21.88	1.83	0.33
21.89	1.83	0.34
21.90	1.83	0.35
21.91	1.83	0.34
21.92	1.83	0.32
21.93	1.84	0.32
21.94	1.84	0.33
21.95	1.84	0.34
21.96	1.84	0.34
21.97	1.84	0.34
21.98	1.84	0.36
21.99	1.84	0.35
22.00	1.84	0.35
22.01	1.84	0.35
22.02	1.84	0.35
22.03	1.84	0.36
22.04	1.84	0.37
22.05	1.85	0.35
22.06	1.85	0.32
22.07	1.85	0.33
22.08	1.85	0.34
22.09	1.85	0.33
22.10	1.85	0.35
22.11	1.85	0.34
22.12	1.85	0.34
22.13	1.85	0.34
22.14	1.85	0.34
22.15	1.85	0.34
22.16	1.85	0.36
22.17	1.86	0.34
22.18	1.86	0.34
22.19	1.86	0.35
22.20	1.86	0.34
22.21	1.86	0.33
22.22	1.86	0.32
22.23	1.86	0.35
22.24	1.86	0.34
22.25	1.86	0.33
22.26	1.86	0.34
22.27	1.86	0.35
22.28	1.86	0.36
22.29	1.87	0.35
22.30	1.87	0.35
22.31	1.87	0.36
22.32	1.87	0.37
22.33	1.87	0.36
22.34	1.87	0.34
22.35	1.87	0.33
22.36	1.87	0.33
22.37	1.87	0.36
22.38	1.87	0.35
22.39	1.87	0.36
22.40	1.87	0.34
22.41	1.88	0.34
22.42	1.88	0.35
22.43	1.88	0.34
22.44	1.88	0.36
22.45	1.88	0.36
22.46	1.88	0.37
22.47	1.88	0.36
22.48	1.88	0.34
22.49	1.88	0.33
22.50	1.88	0.34
22.51	1.88	0.37
22.52	1.88	0.36
22.53	1.89	0.34
22.54	1.89	0.35
22.55	1.89	0.35
22.56	1.89	0.35
22.57	1.89	0.36
22.58	1.89	0.37
22.59	1.89	0.37
22.60	1.89	0.35
22.61	1.89	0.35
22.62	1.89	0.34
22.63	1.89	0.37
22.64	1.89	0.39
22.65	1.90	0.38
22.66	1.90	0.38
22.67	1.90	0.40
22.68	1.90	0.38
22.69	1.90	0.36
22.70	1.90	0.34
22.71	1.90	0.35
22.72	1.90	0.34
22.73	1.90	0.35
22.74	1.90	0.34
22.75	1.90	0.36
22.76	1.90	0.38
22.77	1.91	0.35
22.78	1.91	0.35
22.79	1.91	0.34
22.80	1.91	0.37
22.81	1.91	0.38
22.82	1.91	0.35
22.83	1.91	0.36
22.84	1.91	0.38
22.85	1.91	0.37
22.86	1.91	0.37
22.87	1.91	0.36
22.88	1.91	0.37
22.89	1.92	0.38
22.90	1.92	0.38
22.91	1.92	0.38
22.92	1.92	0.37
22.93	1.92	0.36
22.94	1.92	0.36
22.95	1.92	0.37
22.96	1.92	0.36
22.97	1.92	0.36
22.98	1.92	0.36
22.99	1.92	0.37
23.00	1.92	0.38
23.01	1.93	0.39
23.02	1.93	0.38
23.03	1.93	0.39
23.04	1.93	0.39
23.05	1.93	0.39
23.06	1.93	0.37
23.07	1.93	0.35
23.08	1.93	0.37
23.09	1.93	0.37
23.10	1.93	0.38
23.11	1.93	0.40
23.12	1.93	0.39
23.13	1.94	0.38
23.14	1.94	0.37
23.15	1.94	0.37
23.16	1.94	0.35
23.17	1.94	0.35
23.18	1.94	0.37
23.19	1.94	0.38
23.20	1.94	0.37
23.21	1.94	0.37
23.22	1.94	0.35
23.23	1.94	0.34
23.24	1.94	0.36
23.25	1.95	0.37
23.26	1.95	0.39
23.27	1.95	0.39
23.28	1.95	0.38
23.29	1.95	0.36
23.30	1.95	0.36
23.31	1.95	0.37
23.32	1.95	0.36
23.33	1.95	0.36
23.34	1.95	0.37
23.35	1.95	0.38
23.36	1.95	0.37
23.37	1.96	0.38
23.38	1.96	0.38
23.39	1.96	0.37
23.40	1.96	0.36
23.41	1.96	0.38
23.42	1.96	0.38
23.43	1.96	0.36
23.44	1.96	0.36
23.45	1.96	0.38
23.46	1.96	0.38
23.47	1.96	0.37
23.48	1.96	0.38
23.49	1.97	0.37
23.50	1.97	0.37
23.51	1.97	0.38
23.52	1.97	0.38
23.53	1.97	0.38
23.54	1.97	0.38
23.55	1.97	0.40
23.56	1.97	0.38
23.57	1.97	0.36
23.58	1.97	0.39
23.59	1.97	0.40
23.60	1.97	0.39
23.61	1.98	0.40
23.62	1.98	0.41
23.63	1.98	0.39
23.64	1.98	0.38
23.65	1.98	0.39
23.66	1.98	0.39
23.67	1.98	0.38
23.68	1.98	0.37
23.69	1.98	0.39
23.70	1.98	0.40
23.71	1.98	0.42
23.72	1.98	0.40
23.73	1.99	0.40
23.74	1.99	0.39
23.75	1.99	0.38
23.76	1.99	0.39
23.77	1.99	0.39
23.78	1.99	0.39
23.79	1.99	0.39
23.80	1.99	0.38
23.81	1.99	0.36
23.82	1.99	0.38
23.83	1.99	0.39
23.84	1.99	0.38
23.85	2.00	0.38
23.86	2.00	0.39
23.87	2.00	0.39
23.88	2.00	0.39
23.89	2.00	0.41
23.90	2.00	0.39
23.91	2.00	0.38
23.92	2.00	0.39
23.93	2.00	0.38
23.94	2.00	0.39
23.95	2.00	0.40
23.96	2.00	0.40
23.97	2.01	0.38
23.98	2.01	0.37
23.99	2.01	0.39
24.00	2.01	0.40
24.01	2.01	0.41
24.02	2.01	0.38
24.03	2.01	0.37
24.04	2.01	0.37
24.05	2.01	0.36
24.06	2.01	0.38
24.07	2.01	0.40
24.08	2.01	0.40
24.09	2.02	0.40
24.10	2.02	0.39
24.11	2.02	0.39
24.12	2.02	0.39
24.13	2.02	0.40
24.14	2.02	0.41
24.15	2.02	0.40
24.16	2.02	0.40
24.17	2.02	0.40
24.18	2.02	0.39
24.19	2.02	0.40
24.20	2.02	0.40
24.21	2.03	0.40
24.22	2.03	0.41
24.23	2.03	0.41
24.24	2.03	0.39
24.25	2.03	0.38
24.26	2.03	0.38
24.27	2.03	0.40
24.28	2.03	0.40
24.29	2.03	0.40
24.30	2.03	0.42
24.31	2.03	0.41
24.32	2.03	0.42
24.33	2.04	0.40
24.34	2.04	0.40
24.35	2.04	0.41
24.36	2.04	0.42
24.37	2.04	0.42
24.38	2.04	0.41
24.39	2.04	0.41
24.40	2.04	0.39
24.41	2.04	0.39
24.42	2.04	0.41
24.43	2.04	0.42
24.44	2.04	0.42
24.45	2.05	0.43
24.46	2.05	0.43
24.47	2.05	0.39
24.48	2.05	0.38
24.49	2.05	0.38
24.50	2.05	0.38
24.51	2.05	0.40
24.52	2.05	0.40
24.53	2.05	0.40
24.54	2.05	0.42
24.55	2.05	0.42
24.56	2.05	0.40
24.57	2.06	0.40
24.58	2.06	0.42
24.59	2.06	0.43
24.60	2.06	0.42
24.61	2.06	0.40
24.62	2.06	0.40
24.63	2.06	0.41
24.64	2.06	0.41
24.65	2.06	0.42
24.66	2.06	0.40
24.67	2.06	0.39
24.68	2.06	0.40
24.69	2.07	0.40
24.70	2.07	0.39
24.71	2.07	0.39
24.72	2.07	0.39
24.73	2.07	0.40
24.74	2.07	0.41
24.75	2.07	0.41
24.76	2.07	0.42
24.77	2.07	0.42
24.78	2.07	0.41
24.79	2.07	0.40
24.80	2.07	0.41
24.81	2.08	0.42
24.82	2.08	0.41
24.83	2.08	0.40
24.84	2.08	0.41
24.85	2.08	0.41
24.86	2.08	0.41
24.87	2.08	0.41
24.88	2.08	0.41
24.89	2.08	0.43
24.90	2.08	0.40
24.91	2.08	0.39
24.92	2.08	0.43
24.93	2.09	0.42
24.94	2.09	0.41
24.95	2.09	0.41
24.96	2.09	0.41
24.97	2.09	0.41
24.98	2.09	0.41
24.99	2.09	0.43
25.00	2.09	0.42
25.01	2.09	0.43
25.02	2.09	0.43
25.03	2.09	0.41
25.04	2.09	0.41
25.05	2.10	0.42
25.06	2.10	0.41
25.07	2.10	0.40
25.08	2.10	0.42
25.09	2.10	0.45
25.10	2.10	0.44
25.11	2.10	0.42
25.12	2.10	0.42
25.13	2.10	0.40
25.14	2.10	0.41
25.15	2.10	0.42
25.16	2.10	0.42
25.17	2.11	0.43
25.18	2.11	0.41
25.19	2.11	0.41
25.20	2.11	0.41
25.21	2.11	0.43
25.22	2.11	0.45
25.23	2.11	0.43
25.24	2.11	0.43
25.25	2.11	0.44
25.26	2.11	0.45
25.27	2.11	0.43
25.28	2.11	0.40
25.29	2.12	0.41
25.30	2.12	0.41
25.31	2.12	0.43
25.32	2.12	0.44
25.33	2.12	0.41
25.34	2.12	0.42
25.35	2.12	0.41
25.36	2.12	0.43
25.37	2.12	0.42
25.38	2.12	0.41
25.39	2.12	0.40
25.40	2.12	0.41
25.41	2.13	0.43
25.42	2.13	0.41
25.43	2.13	0.43
25.44	2.13	0.42
25.45	2.13	0.40
25.46	2.13	0.43
25.47	2.13	0.43
25.48	2.13	0.42
25.49	2.13	0.42
25.50	2.13	0.41
25.51	2.13	0.43
25.52	2.13	0.43
25.53	2.14	0.41
25.54	2.14	0.42
25.55	2.14	0.43
25.56	2.14	0.44
25.57	2.14	0.43
25.58	2.14	0.42
25.59	2.14	0.42
25.60	2.14	0.42
25.61	2.14	0.42
25.62	2.14	0.42
25.63	2.14	0.43
25.64	2.14	0.43
25.65	2.15	0.42
25.66	2.15	0.43
25.67	2.15	0.46
25.68	2.15	0.45
25.69	2.15	0.45
25.70	2.15	0.46
25.71	2.15	0.43
25.72	2.15	0.42
25.73	2.15	0.44
25.74	2.15	0.44
25.75	2.15	0.43
25.76	2.15	0.43
25.77	2.16	0.43
25.78	2.16	0.42
25.79	2.16	0.43
25.80	2.16	0.45
25.81	2.16	0.45
25.82	2.16	0.42
25.83	2.16	0.41
25.84	2.16	0.43
25.85	2.16	0.44
25.86	2.16	0.42
25.87	2.16	0.42
25.88	2.16	0.44
25.89	2.17	0.45
25.90	2.17	0.44
25.91	2.17	0.43
25.92	2.17	0.44
25.93	2.17	0.43
25.94	2.17	0.41
25.95	2.17	0.43
25.96	2.17	0.46
25.97	2.17	0.47
25.98	2.17	0.43
25.99	2.17	0.44
26.00	2.17	0.47
26.01	2.18	0.45
26.02	2.18	0.44
26.03	2.18	0.44
26.04	2.18	0.43
26.05	2.18	0.42
26.06	2.18	0.44
26.07	2.18	0.43
26.08	2.18	0.43
26.09	2.18	0.45
26.10	2.18	0.43
26.11	2.18	0.43
26.12	2.18	0.43
26.13	2.19	0.43
26.14	2.19	0.43
26.15	2.19	0.42
26.16	2.19	0.42
26.17	2.19	0.44
26.18	2.19	0.45
26.19	2.19	0.43
26.20	2.19	0.43
26.21	2.19	0.43
26.22	2.19	0.43
26.23	2.19	0.43
26.24	2.19	0.44
26.25	2.20	0.44
26.26	2.20	0.46
26.27	2.20	0.45
26.28	2.20	0.44
26.29	2.20	0.44
26.30	2.20	0.44
26.31	2.20	0.45
26.32	2.20	0.44
26.33	2.20	0.43
26.34	2.20	0.42
26.35	2.20	0.44
26.36	2.20	0.47
26.37	2.21	0.46
26.38	2.21	0.46
26.39	2.21	0.44
26.40	2.21	0.42
26.41	2.21	0.41
26.42	2.21	0.42
26.43	2.21	0.45
26.44	2.21	0.47
26.45	2.21	0.45
26.46	2.21	0.44
26.47	2.21	0.43
26.48	2.21	0.42
26.49	2.22	0.45
26.50	2.22	0.44
26.51	2.22	0.45
26.52	2.22	0.46
26.53	2.22	0.46
26.54	2.22	0.47
26.55	2.22	0.45
26.56	2.22	0.44
26.57	2.22	0.43
26.58	2.22	0.40
26.59	2.22	0.41
26.60	2.22	0.43
26.61	2.23	0.44
26.62	2.23	0.44
26.63	2.23	0.42
26.64	2.23	0.42
26.65	2.23	0.44
26.66	2.23	0.44
26.67	2.23	0.45
26.68	2.23	0.44
26.69	2.23	0.42
26.70	2.23	0.41
26.71	2.23	0.42
26.72	2.23	0.43
26.73	2.24	0.42
26.74	2.24	0.43
26.75	2.24	0.43
26.76	2.24	0.42
26.77	2.24	0.42
26.78	2.24	0.42
26.79	2.24	0.43
26.80	2.24	0.42
26.81	2.24	0.43
26.82	2.24	0.46
26.83	2.24	0.45
26.84	2.24	0.43
26.85	2.25	0.42
26.86	2.25	0.41
26.87	2.25	0.43
26.88	2.25	0.46
26.89	2.25	0.44
26.90	2.25	0.43
26.91	2.25	0.42
26.92	2.25	0.43
26.93	2.25	0.44
26.94	2.25	0.44
26.95	2.25	0.44
26.96	2.25	0.45
26.97	2.26	0.45
26.98	2.26	0.43
26.99	2.26	0.43
27.00	2.26	0.42
27.01	2.26	0.40
27.02	2.26	0.43
27.03	2.26	0.43
27.04	2.26	0.42
27.05	2.26	0.42
27.06	2.26	0.42
27.07	2.26	0.42
27.08	2.26	0.43
27.09	2.27	0.45
27.10	2.27	0.44
27.11	2.27	0.44
27.12	2.27	0.44
27.13	2.27	0.45
27.14	2.27	0.47
27.15	2.27	0.44
27.16	2.27	0.42
27.17	2.27	0.41
27.18	2.27	0.44
27.19	2.27	0.46
27.20	2.27	0.44
27.21	2.28	0.45
27.22	2.28	0.46
27.23	2.28	0.47
27.24	2.28	0.46
27.25	2.28	0.44
27.26	2.28	0.43
27.27	2.28	0.44
27.28	2.28	0.46
27.29	2.28	0.46
27.30	2.28	0.45
27.31	2.28	0.43
27.32	2.28	0.42
27.33	2.29	0.44
27.34	2.29	0.46
27.35	2.29	0.46
27.36	2.29	0.45
27.37	2.29	0.46
27.38	2.29	0.45
27.39	2.29	0.45
27.40	2.29	0.46
27.41	2.29	0.47
27.42	2.29	0.47
27.43	2.29	0.47
27.44	2.29	0.46
27.45	2.30	0.45
27.46	2.30	0.45
27.47	2.30	0.45
27.48	2.30	0.45
27.49	2.30	0.45
27.50	2.30	0.46
27.51	2.30	0.45
27.52	2.30	0.44
27.53	2.30	0.44
27.54	2.30	0.43
27.55	2.30	0.44
27.56	2.30	0.47
27.57	2.31	0.47
27.58	2.31	0.45
27.59	2.31	0.47
27.60	2.31	0.47
27.61	2.31	0.46
27.62	2.31	0.45
27.63	2.31	0.45
27.64	2.31	0.47
27.65	2.31	0.47
27.66	2.31	0.47
27.67	2.31	0.47
27.68	2.31	0.46
27.69	2.32	0.45
27.70	2.32	0.46
27.71	2.32	0.46
27.72	2.32	0.47
27.73	2.32	0.47
27.74	2.32	0.47
27.75	2.32	0.48
27.76	2.32	0.48
27.77	2.32	0.47
27.78	2.32	0.45
27.79	2.32	0.44
27.80	2.32	0.45
27.81	2.33	0.45
27.82	2.33	0.47
27.83	2.33	0.47
27.84	2.33	0.46
27.85	2.33	0.46
27.86	2.33	0.47
27.87	2.33	0.45
27.88	2.33	0.45
27.89	2.33	0.47
27.90	2.33	0.47
27.91	2.33	0.47
27.92	2.33	0.47
27.93	2.34	0.47
27.94	2.34	0.47
27.95	2.34	0.47
27.96	2.34	0.49
27.97	2.34	0.47
27.98	2.34	0.46
27.99	2.34	0.48
28.00	2.34	0.46
28.01	2.34	0.46
28.02	2.34	0.48
28.03	2.34	0.46
28.04	2.34	0.47
28.05	2.35	0.49
28.06	2.35	0.47
28.07	2.35	0.47
28.08	2.35	0.47
28.09	2.35	0.46
28.10	2.35	0.48
28.11	2.35	0.47
28.12	2.35	0.47
28.13	2.35	0.46
28.14	2.35	0.46
28.15	2.35	0.46
28.16	2.35	0.45
28.17	2.36	0.46
28.18	2.36	0.46
28.19	2.36	0.48
28.20	2.36	0.49
28.21	2.36	0.47
28.22	2.36	0.46
28.23	2.36	0.47
28.24	2.36	0.48
28.25	2.36	0.46
28.26	2.36	0.47
28.27	2.36	0.47
28.28	2.36	0.47
28.29	2.37	0.49
28.30	2.37	0.48
28.31	2.37	0.47
28.32	2.37	0.47
28.33	2.37	0.49
28.34	2.37	0.49
28.35	2.37	0.47
28.36	2.37	0.48
28.37	2.37	0.47
28.38	2.37	0.45
28.39	2.37	0.45
28.40	2.37	0.46
28.41	2.38	0.47
28.42	2.38	0.47
28.43	2.38	0.48
28.44	2.38	0.46
28.45	2.38	0.47
28.46	2.38	0.49
28.47	2.38	0.48
28.48	2.38	0.49
28.49	2.38	0.50
28.50	2.38	0.49
28.51	2.38	0.49
28.52	2.38	0.48
28.53	2.39	0.47
28.54	2.39	0.49
28.55	2.39	0.49
28.56	2.39	0.46
28.57	2.39	0.46
28.58	2.39	0.48
28.59	2.39	0.48
28.60	2.39	0.47
28.61	2.39	0.48
28.62	2.39	0.49
28.63	2.39	0.50
28.64	2.39	0.46
28.65	2.40	0.46
28.66	2.40	0.48
28.67	2.40	0.48
28.68	2.40	0.48
28.69	2.40	0.50
28.70	2.40	0.51
28.71	2.40	0.49
28.72	2.40	0.49
28.73	2.40	0.49
28.74	2.40	0.49
28.75	2.40	0.48
28.76	2.40	0.50
28.77	2.41	0.48
28.78	2.41	0.48
28.79	2.41	0.52
28.80	2.41	0.51
28.81	2.41	0.49
28.82	2.41	0.49
28.83	2.41	0.48
28.84	2.41	0.50
28.85	2.41	0.49
28.86	2.41	0.48
28.87	2.41	0.47
28.88	2.41	0.47
28.89	2.42	0.50
28.90	2.42	0.50
28.91	2.42	0.49
28.92	2.42	0.47
28.93	2.42	0.48
28.94	2.42	0.49
28.95	2.42	0.49
28.96	2.42	0.50
28.97	2.42	0.49
28.98	2.42	0.48
28.99	2.42	0.50
29.00	2.42	0.51
29.01	2.43	0.47
29.02	2.43	0.48
29.03	2.43	0.50
29.04	2.43	0.49
29.05	2.43	0.49
29.06	2.43	0.49
29.07	2.43	0.48
29.08	2.43	0.51
29.09	2.43	0.52
29.10	2.43	0.49
29.11	2.43	0.50
29.12	2.43	0.51
29.13	2.44	0.49
29.14	2.44	0.50
29.15	2.44	0.49
29.16	2.44	0.50
29.17	2.44	0.50
29.18	2.44	0.50
29.19	2.44	0.51
29.20	2.44	0.50
29.21	2.44	0.50
29.22	2.44	0.50
29.23	2.44	0.51
29.24	2.44	0.51
29.25	2.45	0.52
29.26	2.45	0.53
29.27	2.45	0.50
29.28	2.45	0.49
29.29	2.45	0.49
29.30	2.45	0.49
29.31	2.45	0.50
29.32	2.45	0.51
29.33	2.45	0.50
29.34	2.45	0.49
29.35	2.45	0.49
29.36	2.45	0.49
29.37	2.46	0.49
29.38	2.46	0.51
29.39	2.46	0.51
29.40	2.46	0.49
29.41	2.46	0.51
29.42	2.46	0.51
29.43	2.46	0.49
29.44	2.46	0.51
29.45	2.46	0.51
29.46	2.46	0.50
29.47	2.46	0.52
29.48	2.46	0.52
29.49	2.47	0.50
29.50	2.47	0.52
29.51	2.47	0.53
29.52	2.47	0.52
29.53	2.47	0.52
29.54	2.47	0.52
29.55	2.47	0.52
29.56	2.47	0.50
29.57	2.47	0.48
29.58	2.47	0.50
29.59	2.47	0.51
29.60	2.47	0.50
29.61	2.48	0.50
29.62	2.48	0.52
29.63	2.48	0.51
29.64	2.48	0.50
29.65	2.48	0.52
29.66	2.48	0.52
29.67	2.48	0.49
29.68	2.48	0.49
29.69	2.48	0.50
29.70	2.48	0.51
29.71	2.48	0.51
29.72	2.48	0.50
29.73	2.49	0.54
29.74	2.49	0.53
29.75	2.49	0.51
29.76	2.49	0.50
29.77	2.49	0.51
29.78	2.49	0.52
29.79	2.49	0.50
29.80	2.49	0.51
29.81	2.49	0.51
29.82	2.49	0.52
29.83	2.49	0.53
29.84	2.49	0.53
29.85	2.50	0.53
29.86	2.50	0.49
29.87	2.50	0.50
29.88	2.50	0.50
29.89	2.50	0.50
29.90	2.50	0.52
29.91	2.50	0.50
29.92	2.50	0.51
29.93	2.50	0.50
29.94	2.50	0.51
29.95	2.50	0.53
29.96	2.50	0.52
29.97	2.51	0.50
29.98	2.51	0.50
29.99	2.51	0.52
30.00	2.51	0.53
30.01	2.51	0.52
30.02	2.51	0.54
30.03	2.51	0.54
30.04	2.51	0.52
30.05	2.51	0.52
30.06	2.51	0.51
30.07	2.51	0.51
30.08	2.51	0.51
30.09	2.52	0.53
30.10	2.52	0.53
30.11	2.52	0.54
30.12	2.52	0.54
30.13	2.52	0.55
30.14	2.52	0.52
30.15	2.52	0.50
30.16	2.52	0.53
30.17	2.52	0.53
30.18	2.52	0.53
30.19	2.52	0.52
30.20	2.52	0.50
30.21	2.53	0.49
30.22	2.53	0.51
30.23	2.53	0.53
30.24	2.53	0.52
30.25	2.53	0.54
30.26	2.53	0.53
30.27	2.53	0.52
30.28	2.53	0.51
30.29	2.53	0.52
30.30	2.53	0.53
30.31	2.53	0.50
30.32	2.53	0.52
30.33	2.54	0.53
30.34	2.54	0.53
30.35	2.54	0.53
30.36	2.54	0.53
30.37	2.54	0.54
30.38	2.54	0.52
30.39	2.54	0.52
30.40	2.54	0.53
30.41	2.54	0.52
30.42	2.54	0.51
30.43	2.54	0.51
30.44	2.54	0.53
30.45	2.55	0.53
30.46	2.55	0.52
30.47	2.55	0.53
30.48	2.55	0.54
30.49	2.55	0.56
30.50	2.55	0.54
30.51	2.55	0.52
30.52	2.55	0.55
30.53	2.55	0.55
30.54	2.55	0.54
30.55	2.55	0.54
30.56	2.55	0.53
30.57	2.56	0.53
30.58	2.56	0.53
30.59	2.56	0.53
30.60	2.56	0.53
30.61	2.56	0.54
30.62	2.56	0.54
30.63	2.56	0.55
30.64	2.56	0.56
30.65	2.56	0.53
30.66	2.56	0.52
30.67	2.56	0.52
30.68	2.56	0.52
30.69	2.57	0.52
30.70	2.57	0.52
30.71	2.57	0.51
30.72	2.57	0.50
30.73	2.57	0.51
30.74	2.57	0.52
30.75	2.57	0.53
30.76	2.57	0.53
30.77	2.57	0.53
30.78	2.57	0.55
30.79	2.57	0.54
30.80	2.57	0.51
30.81	2.58	0.51
30.82	2.58	0.51
30.83	2.58	0.52
30.84	2.58	0.53
30.85	2.58	0.52
30.86	2.58	0.51
30.87	2.58	0.53
30.88	2.58	0.54
30.89	2.58	0.53
30.90	2.58	0.54
30.91	2.58	0.54
30.92	2.58	0.54
30.93	2.59	0.54
30.94	2.59	0.54
30.95	2.59	0.54
30.96	2.59	0.56
30.97	2.59	0.54
30.98	2.59	0.54
30.99	2.59	0.55
31.00	2.59	0.53
31.01	2.59	0.55
31.02	2.59	0.55
31.03	2.59	0.54
31.04	2.59	0.55
31.05	2.60	0.55
31.06	2.60	0.53
31.07	2.60	0.53
31.08	2.60	0.55
31.09	2.60	0.56
31.10	2.60	0.54
31.11	2.60	0.54
31.12	2.60	0.53
31.13	2.60	0.51
31.14	2.60	0.53
31.15	2.60	0.56
31.16	2.60	0.55
31.17	2.61	0.54
31.18	2.61	0.54
31.19	2.61	0.55
31.20	2.61	0.55
31.21	2.61	0.54
31.22	2.61	0.52
31.23	2.61	0.53
31.24	2.61	0.55
31.25	2.61	0.55
31.26	2.61	0.57
31.27	2.61	0.57
31.28	2.61	0.55
31.29	2.62	0.54
31.30	2.62	0.53
31.31	2.62	0.55
31.32	2.62	0.56
31.33	2.62	0.54
31.34	2.62	0.55
31.35	2.62	0.55
31.36	2.62	0.55
31.37	2.62	0.56
31.38	2.62	0.56
31.39	2.62	0.55
31.40	2.62	0.56
31.41	2.63	0.56
31.42	2.63	0.53
31.43	2.63	0.53
31.44	2.63	0.56
31.45	2.63	0.58
31.46	2.63	0.56
31.47	2.63	0.55
31.48	2.63	0.54
31.49	2.63	0.53
31.50	2.63	0.54
31.51	2.63	0.55
31.52	2.63	0.56
31.53	2.64	0.55
31.54	2.64	0.56
31.55	2.64	0.57
31.56	2.64	0.57
31.57	2.64	0.56
31.58	2.64	0.55
31.59	2.64	0.56
31.60	2.64	0.55
31.61	2.64	0.54
31.62	2.64	0.55
31.63	2.64	0.55
31.64	2.64	0.54
31.65	2.65	0.54
31.66	2.65	0.54
31.67	2.65	0.55
31.68	2.65	0.54
31.69	2.65	0.55
31.70	2.65	0.55
31.71	2.65	0.55
31.72	2.65	0.56
31.73	2.65	0.55
31.74	2.65	0.53
31.75	2.65	0.53
31.76	2.65	0.53
31.77	2.66	0.54
31.78	2.66	0.57
31.79	2.66	0.54
31.80	2.66	0.54
31.81	2.66	0.56
31.82	2.66	0.56
31.83	2.66	0.56
31.84	2.66	0.55
31.85	2.66	0.57
31.86	2.66	0.58
31.87	2.66	0.57
31.88	2.66	0.56
31.89	2.67	0.55
31.90	2.67	0.54
31.91	2.67	0.56
31.92	2.67	0.56
31.93	2.67	0.56
31.94	2.67	0.56
31.95	2.67	0.53
31.96	2.67	0.54
31.97	2.67	0.54
31.98	2.67	0.55
31.99	2.67	0.56
32.00	2.67	0.56
32.01	2.68	0.57
32.02	2.68	0.58
32.03	2.68	0.56
32.04	2.68	0.56
32.05	2.68	0.57
32.06	2.68	0.57
32.07	2.68	0.57
32.08	2.68	0.56
32.09	2.68	0.56
32.10	2.68	0.56
32.11	2.68	0.57
32.12	2.68	0.56
32.13	2.69	0.54
32.14	2.69	0.53
32.15	2.69	0.54
32.16	2.69	0.55
32.17	2.69	0.56
32.18	2.69	0.55
32.19	2.69	0.54
32.20	2.69	0.55
32.21	2.69	0.56
32.22	2.69	0.55
32.23	2.69	0.54
32.24	2.69	0.54
32.25	2.70	0.56
32.26	2.70	0.54
32.27	2.70	0.52
32.28	2.70	0.55
32.29	2.70	0.55
32.30	2.70	0.54
32.31	2.70	0.53
32.32	2.70	0.53
32.33	2.70	0.52
32.34	2.70	0.54
32.35	2.70	0.55
32.36	2.70	0.54
32.37	2.71	0.56
32.38	2.71	0.56
32.39	2.71	0.55
32.40	2.71	0.55
32.41	2.71	0.56
32.42	2.71	0.56
32.43	2.71	0.56
32.44	2.71	0.56
32.45	2.71	0.55
32.46	2.71	0.55
32.47	2.71	0.57
32.48	2.71	0.57
32.49	2.72	0.54
32.50	2.72	0.53
32.51	2.72	0.55
32.52	2.72	0.54
32.53	2.72	0.54
32.54	2.72	0.56
32.55	2.72	0.55
32.56	2.72	0.55
32.57	2.72	0.56
32.58	2.72	0.56
32.59	2.72	0.54
32.60	2.72	0.55
32.61	2.73	0.56
32.62	2.73	0.55
32.63	2.73	0.55
32.64	2.73	0.56
32.65	2.73	0.55
32.66	2.73	0.54
32.67	2.73	0.53
32.68	2.73	0.53
32.69	2.73	0.55
32.70	2.73	0.56
32.71	2.73	0.57
32.72	2.73	0.56
32.73	2.74	0.56
32.74	2.74	0.57
32.75	2.74	0.57
32.76	2.74	0.57
32.77	2.74	0.56
32.78	2.74	0.55
32.79	2.74	0.56
32.80	2.74	0.56
32.81	2.74	0.55
32.82	2.74	0.55
32.83	2.74	0.57
32.84	2.74	0.56
32.85	2.75	0.55
32.86	2.75	0.55
32.87	2.75	0.56
32.88	2.75	0.57
32.89	2.75	0.56
32.90	2.75	0.56
32.91	2.75	0.57
32.92	2.75	0.55
32.93	2.75	0.55
32.94	2.75	0.57
32.95	2.75	0.55
32.96	2.75	0.52
32.97	2.76	0.55
32.98	2.76	0.55
32.99	2.76	0.55
33.00	2.76	0.57
33.01	2.76	0.57
33.02	2.76	0.58
33.03	2.76	0.56
33.04	2.76	0.55
33.05	2.76	0.56
33.06	2.76	0.58
33.07	2.76	0.60
33.08	2.76	0.59
33.09	2.77	0.57
33.10	2.77	0.56
33.11	2.77	0.55
33.12	2.77	0.54
33.13	2.77	0.57
33.14	2.77	0.59
33.15	2.77	0.57
33.16	2.77	0.55
33.17	2.77	0.55
33.18	2.77	0.56
33.19	2.77	0.56
33.20	2.77	0.57
33.21	2.78	0.60
33.22	2.78	0.56
33.23	2.78	0.54
33.24	2.78	0.54
33.25	2.78	0.55
33.26	2.78	0.57
33.27	2.78	0.57
33.28	2.78	0.57
33.29	2.78	0.55
33.30	2.78	0.54
33.31	2.78	0.54
33.32	2.78	0.54
33.33	2.79	0.56
33.34	2.79	0.56
33.35	2.79	0.58
33.36	2.79	0.57
33.37	2.79	0.56
33.38	2.79	0.57
33.39	2.79	0.56
33.40	2.79	0.55
33.41	2.79	0.57
33.42	2.79	0.56
33.43	2.79	0.54
33.44	2.79	0.56
33.45	2.80	0.57
33.46	2.80	0.56
33.47	2.80	0.57
33.48	2.80	0.58
33.49	2.80	0.58
33.50	2.80	0.58
33.51	2.80	0.56
33.52	2.80	0.55
33.53	2.80	0.55
33.54	2.80	0.56
33.55	2.80	0.56
33.56	2.80	0.57
33.57	2.81	0.58
33.58	2.81	0.58
33.59	2.81	0.55
33.60	2.81	0.56
33.61	2.81	0.59
33.62	2.81	0.58
33.63	2.81	0.58
33.64	2.81	0.59
33.65	2.81	0.59
33.66	2.81	0.59
33.67	2.81	0.57
33.68	2.81	0.59
33.69	2.82	0.59
33.70	2.82	0.60
33.71	2.82	0.58
33.72	2.82	0.56
33.73	2.82	0.55
33.74	2.82	0.56
33.75	2.82	0.58
33.76	2.82	0.59
33.77	2.82	0.59
33.78	2.82	0.58
33.79	2.82	0.58
33.80	2.82	0.57
33.81	2.83	0.60
33.82	2.83	0.61
33.83	2.83	0.61
33.84	2.83	0.60
33.85	2.83	0.58
33.86	2.83	0.59
33.87	2.83	0.60
33.88	2.83	0.60
33.89	2.83	0.58
33.90	2.83	0.57
33.91	2.83	0.57
33.92	2.83	0.59
33.93	2.84	0.60
33.94	2.84	0.59
33.95	2.84	0.56
33.96	2.84	0.57
33.97	2.84	0.58
33.98	2.84	0.59
33.99	2.84	0.59
34.00	2.84	0.59
34.01	2.84	0.60
34.02	2.84	0.59
34.03	2.84	0.59
34.04	2.84	0.59
34.05	2.85	0.59
34.06	2.85	0.58
34.07	2.85	0.59
34.08	2.85	0.60
34.09	2.85	0.61
34.10	2.85	0.59
34.11	2.85	0.56
34.12	2.85	0.58
34.13	2.85	0.61
34.14	2.85	0.61
34.15	2.85	0.58
34.16	2.85	0.59
34.17	2.86	0.62
34.18	2.86	0.59
34.19	2.86	0.58
34.20	2.86	0.60
34.21	2.86	0.60
34.22	2.86	0.60
34.23	2.86	0.58
34.24	2.86	0.59
34.25	2.86	0.59
34.26	2.86	0.59
34.27	2.86	0.59
34.28	2.86	0.59
34.29	2.87	0.61
34.30	2.87	0.60
34.31	2.87	0.61
34.32	2.87	0.61
34.33	2.87	0.58
34.34	2.87	0.58
34.35	2.87	0.59
34.36	2.87	0.59
34.37	2.87	0.61
34.38	2.87	0.61
34.39	2.87	0.59
34.40	2.87	0.60
34.41	2.88	0.60
34.42	2.88	0.60
34.43	2.88	0.60
34.44	2.88	0.59
34.45	2.88	0.58
34.46	2.88	0.58
34.47	2.88	0.60
34.48	2.88	0.61
34.49	2.88	0.61
34.50	2.88	0.61
34.51	2.88	0.62
34.52	2.88	0.60
34.53	2.89	0.57
34.54	2.89	0.57
34.55	2.89	0.59
34.56	2.89	0.60
34.57	2.89	0.61
34.58	2.89	0.61
34.59	2.89	0.61
34.60	2.89	0.60
34.61	2.89	0.61
34.62	2.89	0.62
34.63	2.89	0.61
34.64	2.89	0.61
34.65	2.90	0.61
34.66	2.90	0.60
34.67	2.90	0.61
34.68	2.90	0.60
34.69	2.90	0.59
34.70	2.90	0.61
34.71	2.90	0.61
34.72	2.90	0.61
34.73	2.90	0.61
34.74	2.90	0.60
34.75	2.90	0.61
34.76	2.90	0.61
34.77	2.91	0.62
34.78	2.91	0.62
34.79	2.91	0.60
34.80	2.91	0.61
34.81	2.91	0.61
34.82	2.91	0.63
34.83	2.91	0.62
34.84	2.91	0.60
34.85	2.91	0.60
34.86	2.91	0.59
34.87	2.91	0.61
34.88	2.91	0.61
34.89	2.92	0.60
34.90	2.92	0.61
34.91	2.92	0.61
34.92	2.92	0.61
34.93	2.92	0.61
34.94	2.92	0.62
34.95	2.92	0.62
34.96	2.92	0.62
34.97	2.92	0.62
34.98	2.92	0.60
34.99	2.92	0.62
35.00	2.92	0.61
35.01	2.93	0.62
35.02	2.93	0.65
35.03	2.93	0.63
35.04	2.93	0.64
35.05	2.93	0.63
35.06	2.93	0.60
35.07	2.93	0.62
35.08	2.93	0.63
35.09	2.93	0.61
35.10	2.93	0.60
35.11	2.93	0.62
35.12	2.93	0.61
35.13	2.94	0.62
35.14	2.94	0.61
35.15	2.94	0.60
35.16	2.94	0.62
35.17	2.94	0.62
35.18	2.94	0.62
35.19	2.94	0.64
35.20	2.94	0.64
35.21	2.94	0.63
35.22	2.94	0.63
35.23	2.94	0.63
35.24	2.94	0.61
35.25	2.95	0.61
35.26	2.95	0.64
35.27	2.95	0.64
35.28	2.95	0.61
35.29	2.95	0.62
35.30	2.95	0.61
35.31	2.95	0.61
35.32	2.95	0.63
35.33	2.95	0.62
35.34	2.95	0.61
35.35	2.95	0.62
35.36	2.95	0.60
35.37	2.96	0.60
35.38	2.96	0.63
35.39	2.96	0.64
35.40	2.96	0.63
35.41	2.96	0.62
35.42	2.96	0.60
35.43	2.96	0.61
35.44	2.96	0.62
35.45	2.96	0.61
35.46	2.96	0.63
35.47	2.96	0.63
35.48	2.96	0.61
35.49	2.97	0.61
35.50	2.97	0.62
35.51	2.97	0.63
35.52	2.97	0.65
35.53	2.97	0.63
35.54	2.97	0.61
35.55	2.97	0.65
35.56	2.97	0.65
35.57	2.97	0.61
35.58	2.97	0.61
35.59	2.97	0.63
35.60	2.97	0.64
35.61	2.98	0.62
35.62	2.98	0.62
35.63	2.98	0.64
35.64	2.98	0.63
35.65	2.98	0.62
35.66	2.98	0.61
35.67	2.98	0.64
35.68	2.98	0.65
35.69	2.98	0.62
35.70	2.98	0.63
35.71	2.98	0.63
35.72	2.98	0.64
35.73	2.99	0.63
35.74	2.99	0.64
35.75	2.99	0.65
35.76	2.99	0.61
35.77	2.99	0.62
35.78	2.99	0.63
35.79	2.99	0.63
35.80	2.99	0.64
35.81	2.99	0.65
35.82	2.99	0.64
35.83	2.99	0.64
35.84	2.99	0.63
35.85	3.00	0.60
35.86	3.00	0.62
35.87	3.00	0.64
35.88	3.00	0.63
35.89	3.00	0.64
35.90	3.00	0.63
35.91	3.00	0.63
35.92	3.00	0.65
35.93	3.00	0.64
35.94	3.00	0.63
35.95	3.00	0.64
35.96	3.00	0.64
35.97	3.01	0.63
35.98	3.01	0.66
35.99	3.01	0.66
36.00	3.01	0.65
36.01	3.01	0.63
36.02	3.01	0.62
36.03	3.01	0.64
36.04	3.01	0.65
36.05	3.01	0.66
36.06	3.01	0.64
36.07	3.01	0.63
36.08	3.01	0.64
36.09	3.02	0.64
36.10	3.02	0.66
36.11	3.02	0.65
36.12	3.02	0.65
36.13	3.02	0.65
36.14	3.02	0.65
36.15	3.02	0.65
36.16	3.02	0.66
36.17	3.02	0.66
36.18	3.02	0.64
36.19	3.02	0.63
36.20	3.02	0.64
36.21	3.03	0.63
36.22	3.03	0.62
36.23	3.03	0.64
36.24	3.03	0.63
36.25	3.03	0.62
36.26	3.03	0.64
36.27	3.03	0.62
36.28	3.03	0.62
36.29	3.03	0.65
36.30	3.03	0.65
36.31	3.03	0.66
36.32	3.03	0.64
36.33	3.04	0.63
36.34	3.04	0.65
36.35	3.04	0.66
36.36	3.04	0.66
36.37	3.04	0.67
36.38	3.04	0.67
36.39	3.04	0.66
36.40	3.04	0.65
36.41	3.04	0.63
36.42	3.04	0.63
36.43	3.04	0.63
36.44	3.04	0.65
36.45	3.05	0.65
36.46	3.05	0.65
36.47	3.05	0.65
36.48	3.05	0.66
36.49	3.05	0.65
36.50	3.05	0.66
36.51	3.05	0.66
36.52	3.05	0.65
36.53	3.05	0.66
36.54	3.05	0.66
36.55	3.05	0.66
36.56	3.05	0.67
36.57	3.06	0.66
36.58	3.06	0.65
36.59	3.06	0.66
36.60	3.06	0.65
36.61	3.06	0.65
36.62	3.06	0.65
36.63	3.06	0.64
36.64	3.06	0.65
36.65	3.06	0.65
36.66	3.06	0.64
36.67	3.06	0.65
36.68	3.06	0.64
36.69	3.07	0.65
36.70	3.07	0.65
36.71	3.07	0.68
36.72	3.07	0.68
36.73	3.07	0.64
36.74	3.07	0.65
36.75	3.07	0.67
36.76	3.07	0.68
36.77	3.07	0.69
36.78	3.07	0.66
36.79	3.07	0.67
36.80	3.07	0.67
36.81	3.08	0.62
36.82	3.08	0.64
36.83	3.08	0.66
36.84	3.08	0.65
36.85	3.08	0.67
36.86	3.08	0.65
36.87	3.08	0.64
36.88	3.08	0.65
36.89	3.08	0.65
36.90	3.08	0.62
36.91	3.08	0.63
36.92	3.08	0.66
36.93	3.09	0.66
36.94	3.09	0.64
36.95	3.09	0.64
36.96	3.09	0.65
36.97	3.09	0.63
36.98	3.09	0.64
36.99	3.09	0.65
37.00	3.09	0.63
37.01	3.09	0.64
37.02	3.09	0.67
37.03	3.09	0.67
37.04	3.09	0.66
37.05	3.10	0.67
37.06	3.10	0.68
37.07	3.10	0.67
37.08	3.10	0.65
37.09	3.10	0.65
37.10	3.10	0.67
37.11	3.10	0.66
37.12	3.10	0.66
37.13	3.10	0.66
37.14	3.10	0.66
37.15	3.10	0.65
37.16	3.10	0.65
37.17	3.11	0.65
37.18	3.11	0.63
37.19	3.11	0.62
37.20	3.11	0.65
37.21	3.11	0.64
37.22	3.11	0.67
37.23	3.11	0.67
37.24	3.11	0.65
37.25	3.11	0.66
37.26	3.11	0.64
37.27	3.11	0.65
37.28	3.11	0.67
37.29	3.12	0.64
37.30	3.12	0.65
37.31	3.12	0.66
37.32	3.12	0.65
37.33	3.12	0.66
37.34	3.12	0.63
37.35	3.12	0.62
37.36	3.12	0.64
37.37	3.12	0.64
37.38	3.12	0.64
37.39	3.12	0.65
37.40	3.12	0.64
37.41	3.13	0.63
37.42	3.13	0.65
37.43	3.13	0.66
37.44	3.13	0.65
37.45	3.13	0.66
37.46	3.13	0.66
37.47	3.13	0.66
37.48	3.13	0.65
37.49	3.13	0.65
37.50	3.13	0.66
37.51	3.13	0.66
37.52	3.13	0.64
37.53	3.14	0.65
37.54	3.14	0.65
37.55	3.14	0.64
37.56	3.14	0.67
37.57	3.14	0.67
37.58	3.14	0.66
37.59	3.14	0.65
37.60	3.14	0.66
37.61	3.14	0.68
37.62	3.14	0.67
37.63	3.14	0.67
37.64	3.14	0.64
37.65	3.15	0.64
37.66	3.15	0.65
37.67	3.15	0.67
37.68	3.15	0.67
37.69	3.15	0.67
37.70	3.15	0.69
37.71	3.15	0.68
37.72	3.15	0.66
37.73	3.15	0.67
37.74	3.15	0.66
37.75	3.15	0.64
37.76	3.15	0.64
37.77	3.16	0.62
37.78	3.16	0.63
37.79	3.16	0.68
37.80	3.16	0.69
37.81	3.16	0.66
37.82	3.16	0.64
37.83	3.16	0.64
37.84	3.16	0.67
37.85	3.16	0.68
37.86	3.16	0.68
37.87	3.16	0.66
37.88	3.16	0.66
37.89	3.17	0.69
37.90	3.17	0.68
37.91	3.17	0.65
37.92	3.17	0.66
37.93	3.17	0.68
37.94	3.17	0.67
37.95	3.17	0.67
37.96	3.17	0.69
37.97	3.17	0.68
37.98	3.17	0.68
37.99	3.17	0.68
38.00	3.17	0.67
38.01	3.18	0.67
38.02	3.18	0.67
38.03	3.18	0.66
38.04	3.18	0.66
38.05	3.18	0.67
38.06	3.18	0.67
38.07	3.18	0.66
38.08	3.18	0.64
38.09	3.18	0.67
38.10	3.18	0.68
38.11	3.18	0.69
38.12	3.18	0.69
38.13	3.19	0.67
38.14	3.19	0.69
38.15	3.19	0.68
38.16	3.19	0.67
38.17	3.19	0.67
38.18	3.19	0.66
38.19	3.19	0.66
38.20	3.19	0.67
38.21	3.19	0.69
38.22	3.19	0.70
38.23	3.19	0.70
38.24	3.19	0.69
38.25	3.20	0.67
38.26	3.20	0.67
38.27	3.20	0.67
38.28	3.20	0.68
38.29	3.20	0.68
38.30	3.20	0.67
38.31	3.20	0.68
38.32	3.20	0.68
38.33	3.20	0.67
38.34	3.20	0.68
38.35	3.20	0.70
38.36	3.20	0.70
38.37	3.21	0.68
38.38	3.21	0.67
38.39	3.21	0.66
38.40	3.21	0.67
38.41	3.21	0.67
38.42	3.21	0.68
38.43	3.21	0.68
38.44	3.21	0.67
38.45	3.21	0.67
38.46	3.21	0.68
38.47	3.21	0.68
38.48	3.21	0.67
38.49	3.22	0.66
38.50	3.22	0.66
38.51	3.22	0.69
38.52	3.22	0.70
38.53	3.22	0.68
38.54	3.22	0.67
38.55	3.22	0.66
38.56	3.22	0.70
38.57	3.22	0.70
38.58	3.22	0.68
38.59	3.22	0.70
38.60	3.22	0.68
38.61	3.23	0.67
38.62	3.23	0.69
38.63	3.23	0.71
38.64	3.23	0.70
38.65	3.23	0.67
38.66	3.23	0.67
38.67	3.23	0.67
38.68	3.23	0.69
38.69	3.23	0.68
38.70	3.23	0.68
38.71	3.23	0.67
38.72	3.23	0.66
38.73	3.24	0.68
38.74	3.24	0.69
38.75	3.24	0.69
38.76	3.24	0.70
38.77	3.24	0.69
38.78	3.24	0.69
38.79	3.24	0.68
38.80	3.24	0.68
38.81	3.24	0.69
38.82	3.24	0.71
38.83	3.24	0.69
38.84	3.24	0.67
38.85	3.25	0.69
38.86	3.25	0.71
38.87	3.25	0.69
38.88	3.25	0.69
38.89	3.25	0.71
38.90	3.25	0.71
38.91	3.25	0.70
38.92	3.25	0.68
38.93	3.25	0.70
38.94	3.25	0.71
38.95	3.25	0.69
38.96	3.25	0.70
38.97	3.26	0.69
38.98	3.26	0.68
38.99	3.26	0.67
39.00	3.26	0.69
39.01	3.26	0.70
39.02	3.26	0.68
39.03	3.26	0.68
39.04	3.26	0.67
39.05	3.26	0.67
39.06	3.26	0.70
39.07	3.26	0.71
39.08	3.26	0.70
39.09	3.27	0.69
39.10	3.27	0.69
39.11	3.27	0.69
39.12	3.27	0.69
39.13	3.27	0.70
39.14	3.27	0.70
39.15	3.27	0.69
39.16	3.27	0.69
39.17	3.27	0.67
39.18	3.27	0.69
39.19	3.27	0.71
39.20	3.27	0.71
39.21	3.28	0.71
39.22	3.28	0.72
39.23	3.28	0.71
39.24	3.28	0.70
39.25	3.28	0.70
39.26	3.28	0.70
39.27	3.28	0.72
39.28	3.28	0.71
39.29	3.28	0.69
39.30	3.28	0.69
39.31	3.28	0.70
39.32	3.28	0.73
39.33	3.29	0.72
39.34	3.29	0.70
39.35	3.29	0.71
39.36	3.29	0.71
39.37	3.29	0.70
39.38	3.29	0.69
39.39	3.29	0.69
39.40	3.29	0.71
39.41	3.29	0.71
39.42	3.29	0.71
39.43	3.29	0.70
39.44	3.29	0.68
39.45	3.30	0.69
39.46	3.30	0.71
39.47	3.30	0.70
39.48	3.30	0.71
39.49	3.30	0.71
39.50	3.30	0.70
39.51	3.30	0.70
39.52	3.30	0.70
39.53	3.30	0.70
39.54	3.30	0.69
39.55	3.30	0.69
39.56	3.30	0.70
39.57	3.31	0.71
39.58	3.31	0.71
39.59	3.31	0.71
39.60	3.31	0.72
39.61	3.31	0.73
39.62	3.31	0.71
39.63	3.31	0.69
39.64	3.31	0.70
39.65	3.31	0.70
39.66	3.31	0.71
39.67	3.31	0.72
39.68	3.31	0.71
39.69	3.32	0.72
39.70	3.32	0.72
39.71	3.32	0.71
39.72	3.32	0.70
39.73	3.32	0.70
39.74	3.32	0.71
39.75	3.32	0.70
39.76	3.32	0.71
39.77	3.32	0.71
39.78	3.32	0.72
39.79	3.32	0.71
39.80	3.32	0.71
39.81	3.33	0.70
39.82	3.33	0.71
39.83	3.33	0.73
39.84	3.33	0.71
39.85	3.33	0.70
39.86	3.33	0.71
39.87	3.33	0.72
39.88	3.33	0.73
39.89	3.33	0.71
39.90	3.33	0.70
39.91	3.33	0.71
39.92	3.33	0.73
39.93	3.34	0.71
39.94	3.34	0.72
39.95	3.34	0.72
39.96	3.34	0.71
39.97	3.34	0.69
39.98	3.34	0.70
39.99	3.34	0.71
40.00	3.34	0.71
40.01	3.34	0.71
40.02	3.34	0.73
40.03	3.34	0.71
40.04	3.34	0.71
40.05	3.35	0.72
40.06	3.35	0.71
40.07	3.35	0.72
40.08	3.35	0.73
40.09	3.35	0.72
40.10	3.35	0.70
40.11	3.35	0.69
40.12	3.35	0.71
40.13	3.35	0.71
40.14	3.35	0.71
40.15	3.35	0.73
40.16	3.35	0.71
40.17	3.36	0.71
40.18	3.36	0.71
40.19	3.36	0.73
40.20	3.36	0.73
40.21	3.36	0.71
40.22	3.36	0.72
40.23	3.36	0.74
40.24	3.36	0.73
40.25	3.36	0.71
40.26	3.36	0.73
40.27	3.36	0.74
40.28	3.36	0.74
40.29	3.37	0.73
40.30	3.37	0.71
40.31	3.37	0.71
40.32	3.37	0.74
40.33	3.37	0.73
40.34	3.37	0.73
40.35	3.37	0.73
40.36	3.37	0.73
40.37	3.37	0.73
40.38	3.37	0.72
40.39	3.37	0.73
40.40	3.37	0.73
40.41	3.38	0.73
40.42	3.38	0.73
40.43	3.38	0.74
40.44	3.38	0.73
40.45	3.38	0.73
40.46	3.38	0.73
40.47	3.38	0.75
40.48	3.38	0.73
40.49	3.38	0.71
40.50	3.38	0.72
40.51	3.38	0.72
40.52	3.38	0.74
40.53	3.39	0.74
40.54	3.39	0.73
40.55	3.39	0.72
40.56	3.39	0.73
40.57	3.39	0.75
40.58	3.39	0.72
40.59	3.39	0.72
40.60	3.39	0.74
40.61	3.39	0.73
40.62	3.39	0.72
40.63	3.39	0.73
40.64	3.39	0.75
40.65	3.40	0.74
40.66	3.40	0.75
40.67	3.40	0.74
40.68	3.40	0.72
40.69	3.40	0.74
40.70	3.40	0.74
40.71	3.40	0.74
40.72	3.40	0.74
40.73	3.40	0.73
40.74	3.40	0.73
40.75	3.40	0.72
40.76	3.40	0.73
40.77	3.41	0.74
40.78	3.41	0.75
40.79	3.41	0.75
40.80	3.41	0.74
40.81	3.41	0.74
40.82	3.41	0.74
40.83	3.41	0.75
40.84	3.41	0.74
40.85	3.41	0.73
40.86	3.41	0.72
40.87	3.41	0.73
40.88	3.41	0.72
40.89	3.42	0.72
40.90	3.42	0.75
40.91	3.42	0.73
40.92	3.42	0.74
40.93	3.42	0.74
40.94	3.42	0.74
40.95	3.42	0.74
40.96	3.42	0.72
40.97	3.42	0.75
40.98	3.42	0.75
40.99	3.42	0.73
41.00	3.42	0.75
41.01	3.43	0.75
41.02	3.43	0.73
41.03	3.43	0.74
41.04	3.43	0.74
41.05	3.43	0.73
41.06	3.43	0.74
41.07	3.43	0.73
41.08	3.43	0.72
41.09	3.43	0.73
41.10	3.43	0.74
41.11	3.43	0.74
41.12	3.43	0.73
41.13	3.44	0.74
41.14	3.44	0.74
41.15	3.44	0.73
41.16	3.44	0.75
41.17	3.44	0.75
41.18	3.44	0.74
41.19	3.44	0.74
41.20	3.44	0.75
41.21	3.44	0.75
41.22	3.44	0.73
41.23	3.44	0.73
41.24	3.44	0.75
41.25	3.45	0.75
41.26	3.45	0.75
41.27	3.45	0.77
41.28	3.45	0.75
41.29	3.45	0.73
41.30	3.45	0.75
41.31	3.45	0.75
41.32	3.45	0.74
41.33	3.45	0.72
41.34	3.45	0.71
41.35	3.45	0.72
41.36	3.45	0.73
41.37	3.46	0.75
41.38	3.46	0.75
41.39	3.46	0.75
41.40	3.46	0.76
41.41	3.46	0.73
41.42	3.46	0.72
41.43	3.46	0.74
41.44	3.46	0.73
41.45	3.46	0.73
41.46	3.46	0.72
41.47	3.46	0.72
41.48	3.46	0.73
41.49	3.47	0.74
41.50	3.47	0.74
41.51	3.47	0.73
41.52	3.47	0.72
41.53	3.47	0.72
41.54	3.47	0.72
41.55	3.47	0.73
41.56	3.47	0.75
41.57	3.47	0.75
41.58	3.47	0.75
41.59	3.47	0.74
41.60	3.47	0.72
41.61	3.48	0.72
41.62	3.48	0.73
41.63	3.48	0.73
41.64	3.48	0.74
41.65	3.48	0.72
41.66	3.48	0.74
41.67	3.48	0.77
41.68	3.48	0.77
41.69	3.48	0.76
41.70	3.48	0.74
41.71	3.48	0.74
41.72	3.48	0.74
41.73	3.49	0.73
41.74	3.49	0.72
41.75	3.49	0.71
41.76	3.49	0.73
41.77	3.49	0.74
41.78	3.49	0.75
41.79	3.49	0.75
41.80	3.49	0.75
41.81	3.49	0.74
41.82	3.49	0.71
41.83	3.49	0.73
41.84	3.49	0.73
41.85	3.50	0.72
41.86	3.50	0.73
41.87	3.50	0.73
41.88	3.50	0.74
41.89	3.50	0.76
41.90	3.50	0.74
41.91	3.50	0.72
41.92	3.50	0.72
41.93	3.50	0.73
41.94	3.50	0.73
41.95	3.50	0.73
41.96	3.50	0.74
41.97	3.51	0.74
41.98	3.51	0.74
41.99	3.51	0.74
42.00	3.51	0.74
42.01	3.51	0.74
42.02	3.51	0.74
42.03	3.51	0.74
42.04	3.51	0.74
42.05	3.51	0.74
42.06	3.51	0.72
42.07	3.51	0.74
42.08	3.51	0.76
42.09	3.52	0.75
42.10	3.52	0.75
42.11	3.52	0.73
42.12	3.52	0.72
42.13	3.52	0.76
42.14	3.52	0.76
42.15	3.52	0.76
42.16	3.52	0.75
42.17	3.52	0.73
42.18	3.52	0.74
42.19	3.52	0.74
42.20	3.52	0.74
42.21	3.53	0.76
42.22	3.53	0.74
42.23	3.53	0.73
42.24	3.53	0.74
42.25	3.53	0.76
42.26	3.53	0.76
42.27	3.53	0.77
42.28	3.53	0.75
42.29	3.53	0.74
42.30	3.53	0.74
42.31	3.53	0.75
42.32	3.53	0.75
42.33	3.54	0.75
42.34	3.54	0.75
42.35	3.54	0.77
42.36	3.54	0.78
42.37	3.54	0.78
42.38	3.54	0.78
42.39	3.54	0.78
42.40	3.54	0.75
42.41	3.54	0.75
42.42	3.54	0.75
42.43	3.54	0.75
42.44	3.54	0.75
42.45	3.55	0.74
42.46	3.55	0.75
42.47	3.55	0.76
42.48	3.55	0.74
42.49	3.55	0.74
42.50	3.55	0.75
42.51	3.55	0.76
42.52	3.55	0.77
42.53	3.55	0.76
42.54	3.55	0.74
42.55	3.55	0.76
42.56	3.55	0.76
42.57	3.56	0.76
42.58	3.56	0.74
42.59	3.56	0.74
42.60	3.56	0.75
42.61	3.56	0.76
42.62	3.56	0.78
42.63	3.56	0.79
42.64	3.56	0.78
42.65	3.56	0.75
42.66	3.56	0.76
42.67	3.56	0.75
42.68	3.56	0.73
42.69	3.57	0.77
42.70	3.57	0.77
42.71	3.57	0.75
42.72	3.57	0.77
42.73	3.57	0.75
42.74	3.57	0.75
42.75	3.57	0.76
42.76	3.57	0.76
42.77	3.57	0.78
42.78	3.57	0.76
42.79	3.57	0.75
42.80	3.57	0.77
42.81	3.58	0.75
42.82	3.58	0.77
42.83	3.58	0.77
42.84	3.58	0.76
42.85	3.58	0.74
42.86	3.58	0.77
42.87	3.58	0.78
42.88	3.58	0.78
42.89	3.58	0.77
42.90	3.58	0.76
42.91	3.58	0.79
42.92	3.58	0.76
42.93	3.59	0.74
42.94	3.59	0.75
42.95	3.59	0.76
42.96	3.59	0.78
42.97	3.59	0.79
42.98	3.59	0.79
42.99	3.59	0.79
43.00	3.59	0.78
43.01	3.59	0.77
43.02	3.59	0.74
43.03	3.59	0.75
43.04	3.59	0.75
43.05	3.60	0.76
43.06	3.60	0.78
43.07	3.60	0.80
43.08	3.60	0.78
43.09	3.60	0.76
43.10	3.60	0.77
43.11	3.60	0.78
43.12	3.60	0.77
43.13	3.60	0.76
43.14	3.60	0.76
43.15	3.60	0.75
43.16	3.60	0.77
43.17	3.61	0.78
43.18	3.61	0.77
43.19	3.61	0.75
43.20	3.61	0.75
43.21	3.61	0.76
43.22	3.61	0.79
43.23	3.61	0.79
43.24	3.61	0.78
43.25	3.61	0.77
43.26	3.61	0.76
43.27	3.61	0.76
43.28	3.61	0.78
43.29	3.62	0.79
43.30	3.62	0.79
43.31	3.62	0.79
43.32	3.62	0.79
43.33	3.62	0.77
43.34	3.62	0.74
43.35	3.62	0.76
43.36	3.62	0.79
43.37	3.62	0.79
43.38	3.62	0.79
43.39	3.62	0.77
43.40	3.62	0.78
43.41	3.63	0.79
43.42	3.63	0.78
43.43	3.63	0.79
43.44	3.63	0.79
43.45	3.63	0.78
43.46	3.63	0.78
43.47	3.63	0.78
43.48	3.63	0.76
43.49	3.63	0.76
43.50	3.63	0.78
43.51	3.63	0.79
43.52	3.63	0.79
43.53	3.64	0.77
43.54	3.64	0.77
43.55	3.64	0.78
43.56	3.64	0.77
43.57	3.64	0.77
43.58	3.64	0.78
43.59	3.64	0.80
43.60	3.64	0.81
43.61	3.64	0.80
43.62	3.64	0.79
43.63	3.64	0.77
43.64	3.64	0.78
43.65	3.65	0.79
43.66	3.65	0.78
43.67	3.65	0.77
43.68	3.65	0.77
43.69	3.65	0.77
43.70	3.65	0.78
43.71	3.65	0.78
43.72	3.65	0.77
43.73	3.65	0.78
43.74	3.65	0.81
43.75	3.65	0.80
43.76	3.65	0.79
43.77	3.66	0.79
43.78	3.66	0.79
43.79	3.66	0.79
43.80	3.66	0.77
43.81	3.66	0.77
43.82	3.66	0.79
43.83	3.66	0.79
43.84	3.66	0.78
43.85	3.66	0.78
43.86	3.66	0.79
43.87	3.66	0.78
43.88	3.66	0.78
43.89	3.67	0.79
43.90	3.67	0.79
43.91	3.67	0.78
43.92	3.67	0.82
43.93	3.67	0.81
43.94	3.67	0.79
43.95	3.67	0.80
43.96	3.67	0.80
43.97	3.67	0.79
43.98	3.67	0.81
43.99	3.67	0.80
44.00	3.67	0.78
44.01	3.68	0.78
44.02	3.68	0.79
44.03	3.68	0.79
44.04	3.68	0.80
44.05	3.68	0.80
44.06	3.68	0.78
44.07	3.68	0.79
44.08	3.68	0.80
44.09	3.68	0.79
44.10	3.68	0.79
44.11	3.68	0.78
44.12	3.68	0.77
44.13	3.69	0.77
44.14	3.69	0.79
44.15	3.69	0.80
44.16	3.69	0.79
44.17	3.69	0.80
44.18	3.69	0.79
44.19	3.69	0.79
44.20	3.69	0.80
44.21	3.69	0.80
44.22	3.69	0.81
44.23	3.69	0.81
44.24	3.69	0.80
44.25	3.70	0.79
44.26	3.70	0.79
44.27	3.70	0.80
44.28	3.70	0.80
44.29	3.70	0.78
44.30	3.70	0.79
44.31	3.70	0.83
44.32	3.70	0.79
44.33	3.70	0.78
44.34	3.70	0.80
44.35	3.70	0.80
44.36	3.70	0.79
44.37	3.71	0.80
44.38	3.71	0.81
44.39	3.71	0.80
44.40	3.71	0.81
44.41	3.71	0.81
44.42	3.71	0.81
44.43	3.71	0.82
44.44	3.71	0.80
44.45	3.71	0.79
44.46	3.71	0.80
44.47	3.71	0.80
44.48	3.71	0.80
44.49	3.72	0.80
44.50	3.72	0.80
44.51	3.72	0.80
44.52	3.72	0.79
44.53	3.72	0.79
44.54	3.72	0.80
44.55	3.72	0.80
44.56	3.72	0.81
44.57	3.72	0.80
44.58	3.72	0.81
44.59	3.72	0.79
44.60	3.72	0.79
44.61	3.73	0.80
44.62	3.73	0.81
44.63	3.73	0.81
44.64	3.73	0.81
44.65	3.73	0.80
44.66	3.73	0.79
44.67	3.73	0.80
44.68	3.73	0.80
44.69	3.73	0.82
44.70	3.73	0.83
44.71	3.73	0.82
44.72	3.73	0.81
44.73	3.74	0.81
44.74	3.74	0.82
44.75	3.74	0.82
44.76	3.74	0.83
44.77	3.74	0.81
44.78	3.74	0.79
44.79	3.74	0.79
44.80	3.74	0.80
44.81	3.74	0.81
44.82	3.74	0.81
44.83	3.74	0.80
44.84	3.74	0.81
44.85	3.75	0.80
44.86	3.75	0.80
44.87	3.75	0.81
44.88	3.75	0.82
44.89	3.75	0.81
44.90	3.75	0.81
44.91	3.75	0.82
44.92	3.75	0.82
44.93	3.75	0.80
44.94	3.75	0.81
44.95	3.75	0.82
44.96	3.75	0.81
44.97	3.76	0.81
44.98	3.76	0.82
44.99	3.76	0.81
45.00	3.76	0.82
45.01	3.76	0.82
45.02	3.76	0.80
45.03	3.76	0.82
45.04	3.76	0.82
45.05	3.76	0.83
45.06	3.76	0.84
45.07	3.76	0.83
45.08	3.76	0.82
45.09	3.77	0.82
45.10	3.77	0.83
45.11	3.77	0.81
45.12	3.77	0.81
45.13	3.77	0.82
45.14	3.77	0.82
45.15	3.77	0.82
45.16	3.77	0.82
45.17	3.77	0.81
45.18	3.77	0.83
45.19	3.77	0.83
45.20	3.77	0.82
45.21	3.78	0.83
45.22	3.78	0.84
45.23	3.78	0.83
45.24	3.78	0.82
45.25	3.78	0.80
45.26	3.78	0.80
45.27	3.78	0.81
45.28	3.78	0.78
45.29	3.78	0.81
45.30	3.78	0.83
45.31	3.78	0.81
45.32	3.78	0.82
45.33	3.79	0.82
45.34	3.79	0.82
45.35	3.79	0.83
45.36	3.79	0.83
45.37	3.79	0.80
45.38	3.79	0.81
45.39	3.79	0.83
45.40	3.79	0.83
45.41	3.79	0.83
45.42	3.79	0.83
45.43	3.79	0.82
45.44	3.79	0.83
45.45	3.80	0.84
45.46	3.80	0.83
45.47	3.80	0.82
45.48	3.80	0.82
45.49	3.80	0.83
45.50	3.80	0.83
45.51	3.80	0.83
45.52	3.80	0.85
45.53	3.80	0.85
45.54	3.80	0.84
45.55	3.80	0.84
45.56	3.80	0.83
45.57	3.81	0.84
45.58	3.81	0.84
45.59	3.81	0.82
45.60	3.81	0.81
45.61	3.81	0.82
45.62	3.81	0.83
45.63	3.81	0.82
45.64	3.81	0.83
45.65	3.81	0.85
45.66	3.81	0.84
45.67	3.81	0.82
45.68	3.81	0.82
45.69	3.82	0.82
45.70	3.82	0.84
45.71	3.82	0.83
45.72	3.82	0.81
45.73	3.82	0.83
45.74	3.82	0.83
45.75	3.82	0.83
45.76	3.82	0.85
45.77	3.82	0.85
45.78	3.82	0.84
45.79	3.82	0.85
45.80	3.82	0.84
45.81	3.83	0.83
45.82	3.83	0.84
45.83	3.83	0.86
45.84	3.83	0.85
45.85	3.83	0.82
45.86	3.83	0.81
45.87	3.83	0.84
45.88	3.83	0.82
45.89	3.83	0.82
45.90	3.83	0.85
45.91	3.83	0.84
45.92	3.83	0.83
45.93	3.84	0.85
45.94	3.84	0.85
45.95	3.84	0.84
45.96	3.84	0.85
45.97	3.84	0.87
45.98	3.84	0.84
45.99	3.84	0.84
46.00	3.84	0.84
46.01	3.84	0.84
46.02	3.84	0.85
46.03	3.84	0.85
46.04	3.84	0.85
46.05	3.85	0.84
46.06	3.85	0.84
46.07	3.85	0.85
46.08	3.85	0.85
46.09	3.85	0.85
46.10	3.85	0.84
46.11	3.85	0.85
46.12	3.85	0.86
46.13	3.85	0.86
46.14	3.85	0.85
46.15	3.85	0.83
46.16	3.85	0.84
46.17	3.86	0.84
46.18	3.86	0.87
46.19	3.86	0.87
46.20	3.86	0.88
46.21	3.86	0.87
46.22	3.86	0.85
46.23	3.86	0.85
46.24	3.86	0.87
46.25	3.86	0.85
46.26	3.86	0.83
46.27	3.86	0.86
46.28	3.86	0.86
46.29	3.87	0.84
46.30	3.87	0.84
46.31	3.87	0.85
46.32	3.87	0.85
46.33	3.87	0.85
46.34	3.87	0.86
46.35	3.87	0.86
46.36	3.87	0.86
46.37	3.87	0.86
46.38	3.87	0.86
46.39	3.87	0.86
46.40	3.87	0.86
46.41	3.88	0.84
46.42	3.88	0.83
46.43	3.88	0.86
46.44	3.88	0.88
46.45	3.88	0.86
46.46	3.88	0.84
46.47	3.88	0.85
46.48	3.88	0.85
46.49	3.88	0.85
46.50	3.88	0.85
46.51	3.88	0.84
46.52	3.88	0.83
46.53	3.89	0.86
46.54	3.89	0.87
46.55	3.89	0.85
46.56	3.89	0.85
46.57	3.89	0.84
46.58	3.89	0.83
46.59	3.89	0.86
46.60	3.89	0.86
46.61	3.89	0.85
46.62	3.89	0.83
46.63	3.89	0.86
46.64	3.89	0.87
46.65	3.90	0.85
46.66	3.90	0.85
46.67	3.90	0.85
46.68	3.90	0.87
46.69	3.90	0.85
46.70	3.90	0.87
46.71	3.90	0.89
46.72	3.90	0.87
46.73	3.90	0.87
46.74	3.90	0.86
46.75	3.90	0.85
46.76	3.90	0.87
46.77	3.91	0.88
46.78	3.91	0.86
46.79	3.91	0.86
46.80	3.91	0.87
46.81	3.91	0.87
46.82	3.91	0.89
46.83	3.91	0.89
46.84	3.91	0.87
46.85	3.91	0.86
46.86	3.91	0.85
46.87	3.91	0.87
46.88	3.91	0.86
46.89	3.92	0.87
46.90	3.92	0.87
46.91	3.92	0.87
46.92	3.92	0.88
46.93	3.92	0.88
46.94	3.92	0.87
46.95	3.92	0.86
46.96	3.92	0.85
46.97	3.92	0.85
46.98	3.92	0.85
46.99	3.92	0.85
47.00	3.92	0.85
47.01	3.93	0.86
47.02	3.93	0.87
47.03	3.93	0.86
47.04	3.93	0.85
47.05	3.93	0.87
47.06	3.93	0.88
47.07	3.93	0.88
47.08	3.93	0.86
47.09	3.93	0.84
47.10	3.93	0.84
47.11	3.93	0.87
47.12	3.93	0.86
47.13	3.94	0.86
47.14	3.94	0.87
47.15	3.94	0.87
47.16	3.94	0.87
47.17	3.94	0.87
47.18	3.94	0.86
47.19	3.94	0.86
47.20	3.94	0.87
47.21	3.94	0.87
47.22	3.94	0.89
47.23	3.94	0.87
47.24	3.94	0.86
47.25	3.95	0.87
47.26	3.95	0.88
47.27	3.95	0.85
47.28	3.95	0.85
47.29	3.95	0.87
47.30	3.95	0.87
47.31	3.95	0.88
47.32	3.95	0.88
47.33	3.95	0.88
47.34	3.95	0.88
47.35	3.95	0.86
47.36	3.95	0.87
47.37	3.96	0.87
47.38	3.96	0.86
47.39	3.96	0.87
47.40	3.96	0.88
47.41	3.96	0.88
47.42	3.96	0.86
47.43	3.96	0.86
47.44	3.96	0.87
47.45	3.96	0.89
47.46	3.96	0.87
47.47	3.96	0.87
47.48	3.96	0.87
47.49	3.97	0.87
47.50	3.97	0.88
47.51	3.97	0.87
47.52	3.97	0.87
47.53	3.97	0.87
47.54	3.97	0.87
47.55	3.97	0.87
47.56	3.97	0.87
47.57	3.97	0.88
47.58	3.97	0.88
47.59	3.97	0.89
47.60	3.97	0.89
47.61	3.98	0.89
47.62	3.98	0.87
47.63	3.98	0.84
47.64	3.98	0.86
47.65	3.98	0.89
47.66	3.98	0.88
47.67	3.98	0.88
47.68	3.98	0.86
47.69	3.98	0.88
47.70	3.98	0.88
47.71	3.98	0.88
47.72	3.98	0.89
47.73	3.99	0.90
47.74	3.99	0.90
47.75	3.99	0.90
47.76	3.99	0.90
47.77	3.99	0.90
47.78	3.99	0.88
47.79	3.99	0.87
47.80	3.99	0.88
47.81	3.99	0.88
47.82	3.99	0.87
47.83	3.99	0.90
47.84	3.99	0.90
47.85	4.00	0.89
47.86	4.00	0.91
47.87	4.00	0.91
47.88	4.00	0.89
47.89	4.00	0.88
47.90	4.00	0.88
47.91	4.00	0.88
47.92	4.00	0.89
47.93	4.00	0.87
47.94	4.00	0.88
47.95	4.00	0.88
47.96	4.00	0.87
47.97	4.01	0.87
47.98	4.01	0.89
47.99	4.01	0.90
48.00	4.01	0.90
48.01	4.01	0.91
48.02	4.01	0.90
48.03	4.01	0.89
48.04	4.01	0.88
48.05	4.01	0.89
48.06	4.01	0.89
48.07	4.01	0.88
48.08	4.01	0.89
48.09	4.02	0.89
48.10	4.02	0.90
48.11	4.02	0.88
48.12	4.02	0.88
48.13	4.02	0.89
48.14	4.02	0.89
48.15	4.02	0.91
48.16	4.02	0.89
48.17	4.02	0.89
48.18	4.02	0.89
48.19	4.02	0.88
48.20	4.02	0.88
48.21	4.03	0.88
48.22	4.03	0.88
48.23	4.03	0.88
48.24	4.03	0.88
48.25	4.03	0.91
48.26	4.03	0.92
48.27	4.03	0.91
48.28	4.03	0.90
48.29	4.03	0.89
48.30	4.03	0.88
48.31	4.03	0.87
48.32	4.03	0.89
48.33	4.04	0.89
48.34	4.04	0.90
48.35	4.04	0.91
48.36	4.04	0.90
48.37	4.04	0.92
48.38	4.04	0.92
48.39	4.04	0.92
48.40	4.04	0.90
48.41	4.04	0.90
48.42	4.04	0.92
48.43	4.04	0.90
48.44	4.04	0.89
48.45	4.05	0.90
48.46	4.05	0.91
48.47	4.05	0.90
48.48	4.05	0.91
48.49	4.05	0.90
48.50	4.05	0.91
48.51	4.05	0.92
48.52	4.05	0.88
48.53	4.05	0.89
48.54	4.05	0.93
48.55	4.05	0.92
48.56	4.05	0.91
48.57	4.06	0.92
48.58	4.06	0.91
48.59	4.06	0.90
48.60	4.06	0.90
48.61	4.06	0.91
48.62	4.06	0.91
48.63	4.06	0.91
48.64	4.06	0.90
48.65	4.06	0.88
48.66	4.06	0.89
48.67	4.06	0.91
48.68	4.06	0.91
48.69	4.07	0.90
48.70	4.07	0.92
48.71	4.07	0.91
48.72	4.07	0.91
48.73	4.07	0.91
48.74	4.07	0.91
48.75	4.07	0.90
48.76	4.07	0.90
48.77	4.07	0.91
48.78	4.07	0.91
48.79	4.07	0.92
48.80	4.07	0.90
48.81	4.08	0.89
48.82	4.08	0.88
48.83	4.08	0.89
48.84	4.08	0.90
48.85	4.08	0.92
48.86	4.08	0.93
48.87	4.08	0.92
48.88	4.08	0.90
48.89	4.08	0.88
48.90	4.08	0.88
48.91	4.08	0.88
48.92	4.08	0.88
48.93	4.09	0.91
48.94	4.09	0.91
48.95	4.09	0.88
48.96	4.09	0.89
48.97	4.09	0.91
48.98	4.09	0.90
48.99	4.09	0.92
49.00	4.09	0.93
49.01	4.09	0.92
49.02	4.09	0.91
49.03	4.09	0.91
49.04	4.09	0.90
49.05	4.10	0.88
49.06	4.10	0.90
49.07	4.10	0.92
49.08	4.10	0.92
49.09	4.10	0.91
49.10	4.10	0.91
49.11	4.10	0.92
49.12	4.10	0.89
49.13	4.10	0.90
49.14	4.10	0.91
49.15	4.10	0.90
49.16	4.10	0.90
49.17	4.11	0.92
49.18	4.11	0.91
49.19	4.11	0.89
49.20	4.11	0.89
49.21	4.11	0.90
49.22	4.11	0.91
49.23	4.11	0.91
49.24	4.11	0.90
49.25	4.11	0.89
49.26	4.11	0.89
49.27	4.11	0.90
49.28	4.11	0.91
49.29	4.12	0.90
49.30	4.12	0.90
49.31	4.12	0.91
49.32	4.12	0.92
49.33	4.12	0.92
49.34	4.12	0.90
49.35	4.12	0.91
49.36	4.12	0.93
49.37	4.12	0.91
49.38	4.12	0.91
49.39	4.12	0.91
49.40	4.12	0.89
49.41	4.13	0.91
49.42	4.13	0.93
49.43	4.13	0.92
49.44	4.13	0.91
49.45	4.13	0.92
49.46	4.13	0.92
49.47	4.13	0.91
49.48	4.13	0.90
49.49	4.13	0.92
49.50	4.13	0.94
49.51	4.13	0.93
49.52	4.13	0.92
49.53	4.14	0.91
49.54	4.14	0.93
49.55	4.14	0.91
49.56	4.14	0.89
49.57	4.14	0.91
49.58	4.14	0.91
49.59	4.14	0.92
49.60	4.14	0.95
49.61	4.14	0.93
49.62	4.14	0.91
49.63	4.14	0.91
49.64	4.14	0.92
49.65	4.15	0.93
49.66	4.15	0.92
49.67	4.15	0.92
49.68	4.15	0.93
49.69	4.15	0.92
49.70	4.15	0.92
49.71	4.15	0.93
49.72	4.15	0.92
49.73	4.15	0.92
49.74	4.15	0.93
49.75	4.15	0.92
49.76	4.15	0.92
49.77	4.16	0.92
49.78	4.16	0.91
49.79	4.16	0.93
49.80	4.16	0.93
49.81	4.16	0.91
49.82	4.16	0.94
49.83	4.16	0.93
49.84	4.16	0.93
49.85	4.16	0.93
49.86	4.16	0.92
49.87	4.16	0.91
49.88	4.16	0.92
49.89	4.17	0.93
49.90	4.17	0.94
49.91	4.17	0.95
49.92	4.17	0.93
49.93	4.17	0.93
49.94	4.17	0.94
49.95	4.17	0.93
49.96	4.17	0.94
49.97	4.17	0.92
49.98	4.17	0.93
49.99	4.17	0.95
50.00	4.17	0.94
50.01	4.18	0.93
50.02	4.18	0.93
50.03	4.18	0.93
50.04	4.18	0.92
50.05	4.18	0.92
50.06	4.18	0.94
50.07	4.18	0.95
50.08	4.18	0.92
50.09	4.18	0.92
50.10	4.18	0.92
50.11	4.18	0.92
50.12	4.18	0.94
50.13	4.19	0.95
50.14	4.19	0.94
50.15	4.19	0.93
50.16	4.19	0.94
50.17	4.19	0.93
50.18	4.19	0.92
50.19	4.19	0.93
50.20	4.19	0.94
50.21	4.19	0.94
50.22	4.19	0.92
50.23	4.19	0.91
50.24	4.19	0.93
50.25	4.20	0.94
50.26	4.20	0.93
50.27	4.20	0.94
50.28	4.20	0.95
50.29	4.20	0.92
50.30	4.20	0.90
50.31	4.20	0.92
50.32	4.20	0.95
50.33	4.20	0.95
50.34	4.20	0.93
50.35	4.20	0.93
50.36	4.20	0.94
50.37	4.21	0.94
50.38	4.21	0.95
50.39	4.21	0.93
50.40	4.21	0.92
50.41	4.21	0.93
50.42	4.21	0.94
50.43	4.21	0.95
50.44	4.21	0.94
50.45	4.21	0.94
50.46	4.21	0.96
50.47	4.21	0.96
50.48	4.21	0.95
50.49	4.22	0.94
50.50	4.22	0.94
50.51	4.22	0.93
50.52	4.22	0.92
50.53	4.22	0.93
50.54	4.22	0.93
50.55	4.22	0.94
50.56	4.22	0.94
50.57	4.22	0.95
50.58	4.22	0.97
50.59	4.22	0.96
50.60	4.22	0.95
50.61	4.23	0.95
50.62	4.23	0.94
50.63	4.23	0.94
50.64	4.23	0.94
50.65	4.23	0.93
50.66	4.23	0.94
50.67	4.23	0.94
50.68	4.23	0.93
50.69	4.23	0.92
50.70	4.23	0.95
50.71	4.23	0.97
50.72	4.23	0.96
50.73	4.24	0.95
50.74	4.24	0.94
50.75	4.24	0.94
50.76	4.24	0.94
50.77	4.24	0.94
50.78	4.24	0.93
50.79	4.24	0.95
50.80	4.24	0.96
50.81	4.24	0.94
50.82	4.24	0.94
50.83	4.24	0.95
50.84	4.24	0.94
50.85	4.25	0.95
50.86	4.25	0.96
50.87	4.25	0.94
50.88	4.25	0.96
50.89	4.25	0.96
50.90	4.25	0.96
50.91	4.25	0.97
50.92	4.25	0.94
50.93	4.25	0.93
50.94	4.25	0.93
50.95	4.25	0.93
50.96	4.25	0.94
50.97	4.26	0.95
50.98	4.26	0.97
50.99	4.26	0.95
51.00	4.26	0.95
51.01	4.26	0.96
51.02	4.26	0.94
51.03	4.26	0.95
51.04	4.26	0.95
51.05	4.26	0.93
51.06	4.26	0.92
51.07	4.26	0.93
51.08	4.26	0.94
51.09	4.27	0.97
51.10	4.27	0.97
51.11	4.27	0.96
51.12	4.27	0.96
51.13	4.27	0.96
51.14	4.27	0.95
51.15	4.27	0.94
51.16	4.27	0.96
51.17	4.27	0.94
51.18	4.27	0.92
51.19	4.27	0.94
51.20	4.27	0.93
51.21	4.28	0.93
51.22	4.28	0.95
51.23	4.28	0.94
51.24	4.28	0.93
51.25	4.28	0.93
51.26	4.28	0.93
51.27	4.28	0.96
51.28	4.28	0.97
51.29	4.28	0.95
51.30	4.28	0.96
51.31	4.28	0.97
51.32	4.28	0.97
51.33	4.29	0.95
51.34	4.29	0.94
51.35	4.29	0.93
51.36	4.29	0.95
51.37	4.29	0.96
51.38	4.29	0.96
51.39	4.29	0.97
51.40	4.29	0.97
51.41	4.29	0.96
51.42	4.29	0.95
51.43	4.29	0.97
51.44	4.29	0.97
51.45	4.30	0.98
51.46	4.30	0.98
51.47	4.30	0.98
51.48	4.30	0.96
51.49	4.30	0.96
51.50	4.30	0.97
51.51	4.30	0.97
51.52	4.30	0.97
51.53	4.30	0.96
51.54	4.30	0.95
51.55	4.30	0.96
51.56	4.30	0.95
51.57	4.31	0.96
51.58	4.31	0.97
51.59	4.31	0.97
51.60	4.31	0.97
51.61	4.31	0.97
51.62	4.31	0.98
51.63	4.31	0.96
51.64	4.31	0.93
51.65	4.31	0.94
51.66	4.31	0.95
51.67	4.31	0.96
51.68	4.31	0.96
51.69	4.32	0.95
51.70	4.32	0.96
51.71	4.32	0.96
51.72	4.32	0.96
51.73	4.32	0.95
51.74	4.32	0.96
51.75	4.32	0.97
51.76	4.32	0.98
51.77	4.32	1.00
51.78	4.32	0.98
51.79	4.32	0.95
51.80	4.32	0.95
51.81	4.33	0.96
51.82	4.33	0.97
51.83	4.33	0.98
51.84	4.33	0.97
51.85	4.33	0.95
51.86	4.33	0.96
51.87	4.33	0.97
51.88	4.33	0.96
51.89	4.33	0.97
51.90	4.33	0.96
51.91	4.33	0.95
51.92	4.33	0.96
51.93	4.34	0.96
51.94	4.34	0.97
51.95	4.34	0.96
51.96	4.34	0.95
51.97	4.34	0.97
51.98	4.34	0.97
51.99	4.34	0.95
52.00	4.34	0.97
52.01	4.34	0.98
52.02	4.34	0.96
52.03	4.34	0.97
52.04	4.34	0.99
52.05	4.35	0.96
52.06	4.35	0.94
52.07	4.35	0.97
52.08	4.35	0.97
52.09	4.35	0.96
52.10	4.35	0.97
52.11	4.35	0.97
52.12	4.35	0.96
52.13	4.35	0.94
52.14	4.35	0.96
52.15	4.35	0.96
52.16	4.35	0.96
52.17	4.36	0.97
52.18	4.36	0.96
52.19	4.36	0.97
52.20	4.36	0.98
52.21	4.36	0.97
52.22	4.36	0.97
52.23	4.36	0.99
52.24	4.36	0.99
52.25	4.36	0.97
52.26	4.36	0.97
52.27	4.36	0.98
52.28	4.36	0.96
52.29	4.37	0.96
52.30	4.37	0.98
52.31	4.37	0.99
52.32	4.37	0.98
52.33	4.37	0.96
52.34	4.37	0.97
52.35	4.37	0.97
52.36	4.37	0.98
52.37	4.37	0.98
52.38	4.37	0.99
52.39	4.37	0.99
52.40	4.37	0.98
52.41	4.38	0.97
52.42	4.38	0.96
52.43	4.38	0.96
52.44	4.38	0.97
52.45	4.38	0.96
52.46	4.38	0.98
52.47	4.38	0.99
52.48	4.38	0.97
52.49	4.38	0.97
52.50	4.38	1.00
52.51	4.38	1.01
52.52	4.38	0.99
52.53	4.39	0.98
52.54	4.39	0.97
52.55	4.39	0.96
52.56	4.39	0.99
52.57	4.39	0.99
52.58	4.39	0.98
52.59	4.39	0.99
52.60	4.39	0.98
52.61	4.39	0.96
52.62	4.39	0.96
52.63	4.39	0.98
52.64	4.39	1.00
52.65	4.40	1.01
52.66	4.40	1.00
52.67	4.40	1.00
52.68	4.40	0.99
52.69	4.40	0.98
52.70	4.40	0.98
52.71	4.40	0.98
52.72	4.40	1.00
52.73	4.40	1.00
52.74	4.40	1.00
52.75	4.40	0.99
52.76	4.40	1.00
52.77	4.41	0.99
52.78	4.41	0.98
52.79	4.41	0.98
52.80	4.41	0.98
52.81	4.41	0.98
52.82	4.41	0.97
52.83	4.41	0.98
52.84	4.41	0.99
52.85	4.41	0.99
52.86	4.41	0.97
52.87	4.41	0.97
52.88	4.41	0.99
52.89	4.42	0.98
52.90	4.42	0.96
52.91	4.42	0.98
52.92	4.42	0.98
52.93	4.42	0.99
52.94	4.42	0.99
52.95	4.42	0.99
52.96	4.42	1.00
52.97	4.42	1.00
52.98	4.42	0.99
52.99	4.42	0.98
53.00	4.42	0.99
53.01	4.43	1.00
53.02	4.43	0.99
53.03	4.43	0.97
53.04	4.43	0.98
53.05	4.43	0.99
53.06	4.43	0.98
53.07	4.43	0.97
53.08	4.43	0.98
53.09	4.43	1.00
53.10	4.43	0.99
53.11	4.43	0.98
53.12	4.43	0.99
53.13	4.44	0.99
53.14	4.44	1.00
53.15	4.44	0.99
53.16	4.44	0.98
53.17	4.44	0.97
53.18	4.44	0.98
53.19	4.44	1.00
53.20	4.44	1.01
53.21	4.44	1.00
53.22	4.44	0.99
53.23	4.44	0.97
53.24	4.44	0.97
53.25	4.45	1.02
53.26	4.45	1.03
53.27	4.45	0.99
53.28	4.45	0.99
53.29	4.45	1.01
53.30	4.45	1.01
53.31	4.45	0.99
53.32	4.45	0.99
53.33	4.45	1.00
53.34	4.45	1.00
53.35	4.45	1.00
53.36	4.45	0.99
53.37	4.46	1.00
53.38	4.46	0.98
53.39	4.46	0.96
53.40	4.46	0.97
53.41	4.46	0.98
53.42	4.46	0.98
53.43	4.46	0.97
53.44	4.46	0.98
53.45	4.46	0.99
53.46	4.46	0.99
53.47	4.46	1.00
53.48	4.46	0.98
53.49	4.47	1.00
53.50	4.47	1.02
53.51	4.47	0.99
53.52	4.47	0.98
53.53	4.47	0.99
53.54	4.47	0.99
53.55	4.47	1.01
53.56	4.47	1.01
53.57	4.47	0.99
53.58	4.47	0.98
53.59	4.47	0.99
53.60	4.47	1.00
53.61	4.48	1.00
53.62	4.48	0.98
53.63	4.48	0.99
53.64	4.48	1.00
53.65	4.48	0.99
53.66	4.48	1.00
53.67	4.48	1.00
53.68	4.48	1.00
53.69	4.48	1.00
53.70	4.48	0.99
53.71	4.48	0.98
53.72	4.48	0.98
53.73	4.49	1.00
53.74	4.49	1.00
53.75	4.49	1.02
53.76	4.49	1.01
53.77	4.49	1.01
53.78	4.49	1.02
53.79	4.49	0.99
53.80	4.49	0.98
53.81	4.49	1.01
53.82	4.49	0.99
53.83	4.49	0.98
53.84	4.49	0.99
53.85	4.50	1.01
53.86	4.50	1.02
53.87	4.50	1.01
53.88	4.50	0.99
53.89	4.50	0.98
53.90	4.50	1.00
53.91	4.50	1.01
53.92	4.50	1.02
53.93	4.50	1.01
53.94	4.50	1.00
53.95	4.50	1.01
53.96	4.50	1.01
53.97	4.51	0.99
53.98	4.51	0.99
53.99	4.51	1.01
54.00	4.51	1.00
54.01	4.51	0.99
54.02	4.51	0.99
54.03	4.51	1.01
54.04	4.51	1.02
54.05	4.51	1.01
54.06	4.51	1.01
54.07	4.51	0.99
54.08	4.51	1.01
54.09	4.52	1.02
54.10	4.52	0.99
54.11	4.52	0.99
54.12	4.52	1.01
54.13	4.52	1.01
54.14	4.52	1.01
54.15	4.52	1.00
54.16	4.52	1.01
54.17	4.52	1.02
54.18	4.52	1.01
54.19	4.52	1.00
54.20	4.52	1.00
54.21	4.53	0.99
54.22	4.53	0.99
54.23	4.53	1.01
54.24	4.53	1.03
54.25	4.53	1.04
54.26	4.53	1.02
54.27	4.53	1.01
54.28	4.53	1.02
54.29	4.53	1.02
54.30	4.53	1.00
54.31	4.53	1.01
54.32	4.53	1.03
54.33	4.54	1.02
54.34	4.54	1.02
54.35	4.54	1.02
54.36	4.54	1.02
54.37	4.54	1.02
54.38	4.54	1.01
54.39	4.54	1.01
54.40	4.54	1.00
54.41	4.54	1.03
54.42	4.54	1.01
54.43	4.54	1.00
54.44	4.54	1.01
54.45	4.55	1.00
54.46	4.55	0.99
54.47	4.55	1.01
54.48	4.55	1.04
54.49	4.55	1.03
54.50	4.55	1.01
54.51	4.55	0.99
54.52	4.55	0.99
54.53	4.55	1.01
54.54	4.55	1.03
54.55	4.55	1.06
54.56	4.55	1.04
54.57	4.56	1.03
54.58	4.56	1.01
54.59	4.56	1.01
54.60	4.56	1.03
54.61	4.56	1.02
54.62	4.56	1.02
54.63	4.56	1.00
54.64	4.56	1.00
54.65	4.56	1.02
54.66	4.56	1.03
54.67	4.56	1.01
54.68	4.56	1.03
54.69	4.57	1.04
54.70	4.57	1.02
54.71	4.57	1.02
54.72	4.57	1.02
54.73	4.57	1.03
54.74	4.57	1.03
54.75	4.57	1.03
54.76	4.57	1.01
54.77	4.57	1.01
54.78	4.57	1.02
54.79	4.57	1.02
54.80	4.57	1.02
54.81	4.58	1.03
54.82	4.58	1.02
54.83	4.58	1.01
54.84	4.58	1.03
54.85	4.58	1.04
54.86	4.58	1.04
54.87	4.58	1.01
54.88	4.58	1.01
54.89	4.58	1.04
54.90	4.58	1.03
54.91	4.58	1.04
54.92	4.58	1.04
54.93	4.59	1.03
54.94	4.59	1.02
54.95	4.59	1.03
54.96	4.59	1.04
54.97	4.59	1.04
54.98	4.59	1.03
54.99	4.59	1.02
55.00	4.59	1.02
55.01	4.59	1.01
55.02	4.59	1.00
55.03	4.59	1.03
55.04	4.59	1.03
55.05	4.60	1.02
55.06	4.60	1.05
55.07	4.60	1.05
55.08	4.60	1.04
55.09	4.60	1.06
55.10	4.60	1.03
55.11	4.60	1.03
55.12	4.60	1.03
55.13	4.60	1.05
55.14	4.60	1.06
55.15	4.60	1.05
55.16	4.60	1.05
55.17	4.61	1.02
55.18	4.61	1.01
55.19	4.61	1.03
55.20	4.61	1.04
55.21	4.61	1.04
55.22	4.61	1.03
55.23	4.61	1.03
55.24	4.61	1.04
55.25	4.61	1.03
55.26	4.61	1.03
55.27	4.61	1.03
55.28	4.61	1.04
55.29	4.62	1.02
55.30	4.62	1.01
55.31	4.62	1.01
55.32	4.62	1.03
55.33	4.62	1.03
55.34	4.62	1.02
55.35	4.62	1.03
55.36	4.62	1.03
55.37	4.62	1.05
55.38	4.62	1.05
55.39	4.62	1.03
55.40	4.62	1.02
55.41	4.63	1.03
55.42	4.63	1.03
55.43	4.63	1.04
55.44	4.63	1.04
55.45	4.63	1.01
55.46	4.63	1.03
55.47	4.63	1.05
55.48	4.63	1.05
55.49	4.63	1.02
55.50	4.63	1.01
55.51	4.63	1.03
55.52	4.63	1.02
55.53	4.64	1.03
55.54	4.64	1.05
55.55	4.64	1.05
55.56	4.64	1.05
55.57	4.64	1.05
55.58	4.64	1.05
55.59	4.64	1.05
55.60	4.64	1.04
55.61	4.64	1.03
55.62	4.64	1.00
55.63	4.64	0.99
55.64	4.64	1.00
55.65	4.65	1.01
55.66	4.65	1.02
55.67	4.65	1.00
55.68	4.65	0.99
55.69	4.65	0.98
55.70	4.65	0.98
55.71	4.65	0.98
55.72	4.65	0.99
55.73	4.65	1.01
55.74	4.65	1.01
55.75	4.65	1.00
55.76	4.65	0.99
55.77	4.66	0.97
55.78	4.66	0.97
55.79	4.66	0.98
55.80	4.66	0.98
55.81	4.66	0.98
55.82	4.66	0.99
55.83	4.66	0.98
55.84	4.66	0.97
55.85	4.66	0.99
55.86	4.66	1.00
55.87	4.66	0.99
55.88	4.66	0.99
55.89	4.67	0.99
55.90	4.67	0.98
55.91	4.67	0.99
55.92	4.67	1.01
55.93	4.67	1.01
55.94	4.67	1.01
55.95	4.67	0.99
55.96	4.67	0.99
55.97	4.67	1.00
55.98	4.67	0.99
55.99	4.67	1.00
56.00	4.67	0.98
56.01	4.68	0.99
56.02	4.68	1.00
56.03	4.68	0.99
56.04	4.68	0.98
56.05	4.68	0.98
56.06	4.68	0.99
56.07	4.68	0.98
56.08	4.68	0.97
56.09	4.68	0.99
56.10	4.68	0.99
56.11	4.68	0.98
56.12	4.68	0.99
56.13	4.69	0.98
56.14	4.69	0.96
56.15	4.69	0.99
56.16	4.69	1.01
56.17	4.69	1.00
56.18	4.69	0.99
56.19	4.69	1.00
56.20	4.69	1.01
56.21	4.69	0.98
56.22	4.69	0.96
56.23	4.69	0.99
56.24	4.69	1.00
56.25	4.70	0.99
56.26	4.70	1.01
56.27	4.70	1.00
56.28	4.70	0.99
56.29	4.70	1.00
56.30	4.70	1.00
56.31	4.70	1.00
56.32	4.70	0.99
56.33	4.70	1.00
56.34	4.70	1.02
56.35	4.70	1.02
56.36	4.70	1.02
56.37	4.71	1.01
56.38	4.71	0.99
56.39	4.71	0.99
56.40	4.71	1.01
56.41	4.71	1.01
56.42	4.71	0.99
56.43	4.71	0.99
56.44	4.71	1.00
56.45	4.71	1.01
56.46	4.71	1.01
56.47	4.71	0.99
56.48	4.71	1.01
56.49	4.72	1.04
56.50	4.72	1.02
56.51	4.72	0.99
56.52	4.72	1.00
56.53	4.72	1.02
56.54	4.72	1.06
56.55	4.72	1.03
56.56	4.72	1.00
56.57	4.72	1.00
56.58	4.72	1.01
56.59	4.72	1.03
56.60	4.72	1.02
56.61	4.73	1.01
56.62	4.73	1.01
56.63	4.73	1.01
56.64	4.73	1.00
56.65	4.73	1.01
56.66	4.73	1.02
56.67	4.73	1.00
56.68	4.73	1.00
56.69	4.73	1.01
56.70	4.73	1.02
56.71	4.73	1.02
56.72	4.73	1.01
56.73	4.74	1.02
56.74	4.74	1.02
56.75	4.74	1.02
56.76	4.74	1.02
56.77	4.74	1.03
56.78	4.74	1.03
56.79	4.74	1.01
56.80	4.74	1.00
56.81	4.74	1.04
56.82	4.74	1.04
56.83	4.74	1.01
56.84	4.74	1.02
56.85	4.75	1.03
56.86	4.75	1.01
56.87	4.75	1.02
56.88	4.75	1.04
56.89	4.75	1.02
56.90	4.75	1.02
56.91	4.75	1.03
56.92	4.75	1.01
56.93	4.75	1.01
56.94	4.75	1.00
56.95	4.75	0.59
56.96	4.75	0.08
56.97	4.76	-0.01
56.98	4.76	-0.02
56.99	4.76	-0.02
57.00	4.76	-0.00
57.01	4.76	-0.00
57.02	4.76	0.00
57.03	4.76	0.01
57.04	4.76	-0.00
57.05	4.76	-0.02
57.06	4.76	-0.02
57.07	4.76	-0.01
57.08	4.76	0.01
57.09	4.77	-0.01
57.10	4.77	-0.00
57.11	4.77	0.01
57.12	4.77	0.01
57.13	4.77	0.01
57.14	4.77	0.01
57.15	4.77	-0.00
57.16	4.77	0.00
57.17	4.77	-0.00
57.18	4.77	0.00
57.19	4.77	0.01
57.20	4.77	0.00
57.21	4.78	0.00
57.22	4.78	0.00
57.23	4.78	0.01
57.24	4.78	-0.00
57.25	4.78	0.00
57.26	4.78	0.01
57.27	4.78	0.01
57.28	4.78	-0.02
57.29	4.78	-0.02
57.30	4.78	0.02
57.31	4.78	0.03
57.32	4.78	0.02
57.33	4.79	0.01
57.34	4.79	0.01
57.35	4.79	0.01
57.36	4.79	-0.01
57.37	4.79	0.01
57.38	4.79	0.03
57.39	4.79	0.01
57.40	4.79	0.00
57.41	4.79	-0.02
57.42	4.79	-0.02
57.43	4.79	0.01
57.44	4.79	0.00
57.45	4.80	-0.00
57.46	4.80	-0.00
57.47	4.80	-0.00
57.48	4.80	0.01
57.49	4.80	0.02
57.50	4.80	0.02
57.51	4.80	0.01
57.52	4.80	-0.00
57.53	4.80	-0.01
57.54	4.80	-0.02
57.55	4.80	0.00
57.56	4.80	0.02
57.57	4.81	-0.01
57.58	4.81	-0.02
57.59	4.81	-0.00
57.60	4.81	0.00
57.61	4.81	0.00
57.62	4.81	0.01
57.63	4.81	0.02
57.64	4.81	0.02
57.65	4.81	0.02
57.66	4.81	-0.01
57.67	4.81	-0.01
57.68	4.81	0.00
57.69	4.82	0.02
57.70	4.82	0.03
57.71	4.82	0.01
57.72	4.82	-0.01
57.73	4.82	-0.01
57.74	4.82	0.01
57.75	4.82	-0.00
57.76	4.82	-0.02
57.77	4.82	-0.02
57.78	4.82	-0.01
57.79	4.82	0.02
57.80	4.82	0.00
57.81	4.83	-0.01
57.82	4.83	0.00
57.83	4.83	0.01
57.84	4.83	0.00
57.85	4.83	-0.01
57.86	4.83	-0.01
57.87	4.83	0.00
57.88	4.83	-0.00
57.89	4.83	-0.00
57.90	4.83	0.01
57.91	4.83	0.01
57.92	4.83	0.01
57.93	4.84	0.01
57.94	4.84	-0.01
57.95	4.84	-0.01
57.96	4.84	0.01
57.97	4.84	0.00
57.98	4.84	-0.00
57.99	4.84	0.01
58.00	4.84	-0.00
58.01	4.84	-0.01
58.02	4.84	-0.00
58.03	4.84	0.02
58.04	4.84	0.02
58.05	4.85	-0.01
58.06	4.85	-0.02
58.07	4.85	0.00
58.08	4.85	0.01
58.09	4.85	-0.00
58.10	4.85	-0.01
58.11	4.85	0.00
58.12	4.85	0.01
58.13	4.85	0.00
58.14	4.85	-0.00
58.15	4.85	-0.00
58.16	4.85	0.01
58.17	4.86	0.00
58.18	4.86	-0.00
58.19	4.86	0.02
58.20	4.86	0.00
58.21	4.86	-0.00
58.22	4.86	0.02
58.23	4.86	0.01
58.24	4.86	0.01
58.25	4.86	0.01
58.26	4.86	0.01
58.27	4.86	0.00
58.28	4.86	-0.01
58.29	4.87	0.01
58.30	4.87	-0.00
58.31	4.87	-0.01
58.32	4.87	-0.01
58.33	4.87	0.01
58.34	4.87	0.02
58.35	4.87	0.01
58.36	4.87	0.02
58.37	4.87	0.02
58.38	4.87	0.00
58.39	4.87	0.00
58.40	4.87	0.00
58.41	4.88	-0.01
58.42	4.88	-0.00
58.43	4.88	0.00
58.44	4.88	-0.00
58.45	4.88	-0.00
58.46	4.88	0.00
58.47	4.88	0.01
58.48	4.88	-0.01
58.49	4.88	-0.00
58.50	4.88	0.01
58.51	4.88	0.00
58.52	4.88	0.00
58.53	4.89	0.01
58.54	4.89	-0.00
58.55	4.89	-0.00
58.56	4.89	0.01
58.57	4.89	0.02
58.58	4.89	0.02
58.59	4.89	0.00
58.60	4.89	0.00
58.61	4.89	0.01
58.62	4.89	-0.00
58.63	4.89	0.00
58.64	4.89	-0.01
58.65	4.90	-0.01
58.66	4.90	0.02
58.67	4.90	0.02
58.68	4.90	0.01
58.69	4.90	0.01
58.70	4.90	0.01
58.71	4.90	0.01
58.72	4.90	0.01
58.73	4.90	0.00
58.74	4.90	-0.00
58.75	4.90	0.01
58.76	4.90	0.02
58.77	4.91	-0.00
58.78	4.91	-0.01
58.79	4.91	0.01
58.80	4.91	0.00
58.81	4.91	0.01
58.82	4.91	0.01
58.83	4.91	0.02
58.84	4.91	0.03
58.85	4.91	0.03
58.86	4.91	0.02
58.87	4.91	0.02
58.88	4.91	0.02
58.89	4.92	0.01
58.90	4.92	0.00
58.91	4.92	-0.00
58.92	4.92	0.02
58.93	4.92	0.00
58.94	4.92	-0.00
58.95	4.92	0.01
58.96	4.92	0.00
58.97	4.92	0.01
58.98	4.92	0.02
58.99	4.92	0.02
59.00	4.92	0.01
59.01	4.93	0.02
59.02	4.93	0.02
59.03	4.93	0.02
59.04	4.93	0.01
59.05	4.93	0.01
59.06	4.93	0.01
59.07	4.93	-0.01
59.08	4.93	0.00
59.09	4.93	0.01
59.10	4.93	0.02
59.11	4.93	0.02
59.12	4.93	0.01
59.13	4.94	-0.00
59.14	4.94	-0.02
59.15	4.94	-0.01
59.16	4.94	0.01
59.17	4.94	0.02
59.18	4.94	0.01
59.19	4.94	-0.02
59.20	4.94	-0.00
59.21	4.94	0.01
