0.01	0.01	0.03
0.02	0.01	0.02
0.03	0.01	0.02
0.04	0.01	0.02
0.05	0.01	0.02
0.06	0.01	0.00
0.07	0.01	-0.01
0.08	0.02	0.00
0.09	0.02	0.00
0.10	0.02	-0.02
0.11	0.02	-0.01
0.12	0.02	0.01
0.13	0.02	0.00
0.14	0.02	-0.01
0.15	0.02	-0.00
0.16	0.02	0.01
0.17	0.02	0.03
0.18	0.02	0.02
0.19	0.02	0.01
0.20	0.03	0.02
0.21	0.03	-0.00
0.22	0.03	-0.02
0.23	0.03	-0.00
0.24	0.03	0.02
0.25	0.03	0.04
0.26	0.03	0.02
0.27	0.03	0.02
0.28	0.03	0.02
0.29	0.03	0.03
0.30	0.03	0.03
0.31	0.03	0.03
0.32	0.04	0.04
0.33	0.04	0.02
0.34	0.04	0.01
0.35	0.04	0.02
0.36	0.04	0.03
0.37	0.04	0.02
0.38	0.04	0.01
0.39	0.04	0.02
0.40	0.04	0.03
0.41	0.04	0.04
0.42	0.04	0.02
0.43	0.04	0.02
0.44	0.05	0.02
0.45	0.05	0.01
0.46	0.05	0.03
0.47	0.05	0.04
0.48	0.05	0.03
0.49	0.05	0.03
0.50	0.05	0.01
0.51	0.05	0.00
0.52	0.05	0.02
0.53	0.05	0.01
0.54	0.05	0.01
0.55	0.05	0.03
0.56	0.06	0.04
0.57	0.06	0.04
0.58	0.06	0.00
0.59	0.06	-0.00
0.60	0.06	0.01
0.61	0.06	0.02
0.62	0.06	0.04
0.63	0.06	0.05
0.64	0.06	0.03
0.65	0.06	0.01
0.66	0.06	0.01
0.67	0.06	0.03
0.68	0.07	0.03
0.69	0.07	0.03
0.70	0.07	0.04
0.71	0.07	0.04
0.72	0.07	0.06
0.73	0.07	0.06
0.74	0.07	0.04
0.75	0.07	0.03
0.76	0.07	0.03
0.77	0.07	0.02
0.78	0.07	0.02
0.79	0.07	0.02
0.80	0.08	0.04
0.81	0.08	0.04
0.82	0.08	0.03
0.83	0.08	0.06
0.84	0.08	0.08
0.85	0.08	0.05
0.86	0.08	0.04
0.87	0.08	0.05
0.88	0.08	0.04
0.89	0.08	0.04
0.90	0.08	0.05
0.91	0.08	0.05
0.92	0.09	0.05
0.93	0.09	0.07
0.94	0.09	0.07
0.95	0.09	0.05
0.96	0.09	0.04
0.97	0.09	0.03
0.98	0.09	0.05
0.99	0.09	0.06
1.00	0.09	0.04
1.01	0.09	0.05
1.02	0.09	0.02
1.03	0.09	0.01
1.04	0.10	0.03
1.05	0.10	0.03
1.06	0.10	0.02
1.07	0.10	0.05
1.08	0.10	0.06
1.09	0.10	0.05
1.10	0.10	0.04
1.11	0.10	0.04
1.12	0.10	0.04
1.13	0.10	0.03
1.14	0.10	0.02
1.15	0.10	0.02
1.16	0.11	0.02
1.17	0.11	0.02
1.18	0.11	0.02
1.19	0.11	0.02
1.20	0.11	0.01
1.21	0.11	0.01
1.22	0.11	0.02
1.23	0.11	0.04
1.24	0.11	0.03
1.25	0.11	0.03
1.26	0.11	0.04
1.27	0.11	0.04
1.28	0.12	0.03
1.29	0.12	0.03
1.30	0.12	0.02
1.31	0.12	0.03
1.32	0.12	0.05
1.33	0.12	0.05
1.34	0.12	0.04
1.35	0.12	0.02
1.36	0.12	0.03
1.37	0.12	0.03
1.38	0.12	0.03
1.39	0.12	0.01
1.40	0.13	0.02
1.41	0.13	0.02
1.42	0.13	0.01
1.43	0.13	0.02
1.44	0.13	0.02
1.45	0.13	0.01
1.46	0.13	-0.01
1.47	0.13	0.00
1.48	0.13	0.01
1.49	0.13	0.00
1.50	0.13	-0.00
1.51	0.13	-0.01
1.52	0.14	-0.00
1.53	0.14	0.02
1.54	0.14	0.02
1.55	0.14	0.00
1.56	0.14	0.01
1.57	0.14	0.04
1.58	0.14	0.04
1.59	0.14	0.03
1.60	0.14	0.05
1.61	0.14	0.04
1.62	0.14	0.02
1.63	0.15	0.01
1.64	0.15	-0.02
1.65	0.15	-0.03
1.66	0.15	-0.02
1.67	0.15	0.02
1.68	0.15	0.02
1.69	0.15	-0.01
1.70	0.15	0.00
1.71	0.15	0.00
1.72	0.15	-0.01
1.73	0.15	-0.00
1.74	0.15	-0.01
1.75	0.15	0.00
1.76	0.16	0.02
1.77	0.16	0.02
1.78	0.16	0.02
1.79	0.16	0.01
1.80	0.16	0.03
1.81	0.16	0.04
1.82	0.16	0.03
1.83	0.16	0.04
1.84	0.16	0.04
1.85	0.16	0.04
1.86	0.16	0.03
1.87	0.16	0.01
1.88	0.17	0.01
1.89	0.17	0.02
1.90	0.17	0.01
1.91	0.17	-0.00
1.92	0.17	-0.00
1.93	0.17	0.02
1.94	0.17	0.02
1.95	0.17	0.03
1.96	0.17	0.03
1.97	0.17	0.04
1.98	0.17	0.05
1.99	0.17	0.05
2.00	0.18	0.03
2.01	0.18	0.04
2.02	0.18	0.06
2.03	0.18	0.03
2.04	0.18	0.02
2.05	0.18	0.03
2.06	0.18	0.01
2.07	0.18	0.01
2.08	0.18	0.04
2.09	0.18	0.05
2.10	0.18	0.04
2.11	0.18	0.08
2.12	0.19	0.12
2.13	0.19	0.15
2.14	0.19	0.16
2.15	0.19	0.16
2.16	0.19	0.20
2.17	0.19	0.24
2.18	0.19	0.31
2.19	0.19	0.36
2.20	0.19	0.39
2.21	0.19	0.44
2.22	0.19	0.50
2.23	0.19	0.55
2.24	0.20	0.63
2.25	0.20	0.73
2.26	0.20	0.83
2.27	0.20	0.95
2.28	0.20	1.08
2.29	0.20	1.23
2.30	0.20	1.44
2.31	0.20	1.63
2.32	0.20	1.85
2.33	0.20	2.10
2.34	0.20	2.35
2.35	0.20	2.60
2.36	0.21	2.86
2.37	0.21	3.12
2.38	0.21	3.37
2.39	0.21	3.63
2.40	0.21	3.88
2.41	0.21	4.12
2.42	0.21	4.36
2.43	0.21	4.55
2.44	0.21	4.72
2.45	0.21	4.86
2.46	0.21	4.98
2.47	0.21	5.12
2.48	0.22	5.27
2.49	0.22	5.48
2.50	0.22	5.67
2.51	0.22	5.86
2.52	0.22	6.05
2.53	0.22	6.20
2.54	0.22	6.34
2.55	0.22	6.48
2.56	0.22	6.60
2.57	0.22	6.75
2.58	0.22	6.95
2.59	0.22	7.13
2.60	0.23	7.27
2.61	0.23	7.44
2.62	0.23	7.65
2.63	0.23	7.80
2.64	0.23	7.92
2.65	0.23	8.12
2.66	0.23	8.32
2.67	0.23	8.49
2.68	0.23	8.64
2.69	0.23	8.81
2.70	0.23	9.01
2.71	0.23	9.17
2.72	0.24	9.34
2.73	0.24	9.51
2.74	0.24	9.66
2.75	0.24	9.80
2.76	0.24	9.93
2.77	0.24	10.04
2.78	0.24	10.18
2.79	0.24	10.34
2.80	0.24	10.47
2.81	0.24	10.58
2.82	0.24	10.70
2.83	0.24	10.88
2.84	0.25	11.07
2.85	0.25	11.25
2.86	0.25	11.43
2.87	0.25	11.55
2.88	0.25	11.63
2.89	0.25	11.78
2.90	0.25	11.91
2.91	0.25	12.00
2.92	0.25	12.13
2.93	0.25	12.26
2.94	0.25	12.24
2.95	0.25	12.17
2.96	0.26	12.02
2.97	0.26	11.77
2.98	0.26	11.82
2.99	0.26	12.16
3.00	0.26	12.53
3.01	0.26	12.83
3.02	0.26	12.95
3.03	0.26	12.96
3.04	0.26	12.97
3.05	0.26	13.06
3.06	0.26	13.21
3.07	0.26	13.25
3.08	0.27	13.25
3.09	0.27	13.34
3.10	0.27	13.42
3.11	0.27	13.43
3.12	0.27	13.45
3.13	0.27	13.46
3.14	0.27	13.50
3.15	0.27	13.53
3.16	0.27	13.53
3.17	0.27	13.54
3.18	0.27	13.54
3.19	0.27	13.55
3.20	0.28	13.57
3.21	0.28	13.58
3.22	0.28	13.60
3.23	0.28	13.60
3.24	0.28	13.58
3.25	0.28	13.59
3.26	0.28	13.62
3.27	0.28	13.63
3.28	0.28	13.63
3.29	0.28	13.61
3.30	0.28	13.64
3.31	0.28	13.64
3.32	0.29	13.62
3.33	0.29	13.63
3.34	0.29	13.65
3.35	0.29	13.66
3.36	0.29	13.66
3.37	0.29	13.66
3.38	0.29	13.65
3.39	0.29	13.65
3.40	0.29	13.62
3.41	0.29	13.59
3.42	0.29	13.61
3.43	0.29	13.61
3.44	0.30	13.62
3.45	0.30	13.62
3.46	0.30	13.61
3.47	0.30	13.60
3.48	0.30	13.61
3.49	0.30	13.61
3.50	0.30	13.60
3.51	0.30	13.62
3.52	0.30	13.62
3.53	0.30	13.62
3.54	0.30	13.62
3.55	0.30	13.62
3.56	0.31	13.60
3.57	0.31	13.60
3.58	0.31	13.62
3.59	0.31	13.60
3.60	0.31	13.59
3.61	0.31	13.58
3.62	0.31	13.59
3.63	0.31	13.60
3.64	0.31	13.58
3.65	0.31	13.56
3.66	0.31	13.56
3.67	0.31	13.56
3.68	0.32	13.56
3.69	0.32	13.55
3.70	0.32	13.56
3.71	0.32	13.57
3.72	0.32	13.58
3.73	0.32	13.58
3.74	0.32	13.55
3.75	0.32	13.55
3.76	0.32	13.56
3.77	0.32	13.56
3.78	0.32	13.56
3.79	0.32	13.60
3.80	0.33	13.62
3.81	0.33	13.67
3.82	0.33	13.70
3.83	0.33	13.69
3.84	0.33	13.69
3.85	0.33	13.69
3.86	0.33	13.69
3.87	0.33	13.74
3.88	0.33	13.82
3.89	0.33	13.92
3.90	0.33	14.05
3.91	0.33	14.17
3.92	0.34	14.18
3.93	0.34	14.20
3.94	0.34	14.24
3.95	0.34	14.18
3.96	0.34	14.23
3.97	0.34	14.23
3.98	0.34	14.17
3.99	0.34	14.17
4.00	0.34	14.17
4.01	0.34	14.20
4.02	0.34	14.18
4.03	0.34	14.19
4.04	0.35	14.17
4.05	0.35	14.16
4.06	0.35	14.19
4.07	0.35	14.17
4.08	0.35	14.18
4.09	0.35	14.20
4.10	0.35	14.19
4.11	0.35	14.17
4.12	0.35	14.16
4.13	0.35	14.15
4.14	0.35	14.16
4.15	0.35	14.17
4.16	0.36	14.14
4.17	0.36	14.10
4.18	0.36	14.11
4.19	0.36	14.14
4.20	0.36	14.15
4.21	0.36	14.15
4.22	0.36	14.16
4.23	0.36	14.17
4.24	0.36	14.18
4.25	0.36	14.19
4.26	0.36	14.20
4.27	0.36	14.17
4.28	0.37	14.16
4.29	0.37	14.16
4.30	0.37	14.18
4.31	0.37	14.18
4.32	0.37	14.16
4.33	0.37	14.16
4.34	0.37	14.16
4.35	0.37	14.19
4.36	0.37	14.18
4.37	0.37	14.19
4.38	0.37	14.18
4.39	0.37	14.20
4.40	0.38	14.19
4.41	0.38	14.14
4.42	0.38	14.18
4.43	0.38	14.15
4.44	0.38	14.16
4.45	0.38	14.20
4.46	0.38	14.16
4.47	0.38	14.19
4.48	0.38	14.20
4.49	0.38	14.19
4.50	0.38	14.18
4.51	0.38	14.21
4.52	0.39	14.21
4.53	0.39	14.17
4.54	0.39	14.18
4.55	0.39	14.16
4.56	0.39	14.17
4.57	0.39	14.18
4.58	0.39	14.20
4.59	0.39	14.23
4.60	0.39	14.21
4.61	0.39	14.21
4.62	0.39	14.21
4.63	0.39	14.20
4.64	0.40	14.21
4.65	0.40	14.20
4.66	0.40	14.21
4.67	0.40	14.21
4.68	0.40	14.18
4.69	0.40	14.16
4.70	0.40	14.18
4.71	0.40	14.18
4.72	0.40	14.18
4.73	0.40	14.19
4.74	0.40	14.19
4.75	0.40	14.21
4.76	0.41	14.20
4.77	0.41	14.17
4.78	0.41	14.20
4.79	0.41	14.20
4.80	0.41	14.19
4.81	0.41	14.18
4.82	0.41	14.18
4.83	0.41	14.19
4.84	0.41	14.20
4.85	0.41	14.21
4.86	0.41	14.19
4.87	0.41	14.21
4.88	0.42	14.21
4.89	0.42	14.20
4.90	0.42	14.19
4.91	0.42	14.17
4.92	0.42	14.18
4.93	0.42	14.17
4.94	0.42	14.19
4.95	0.42	14.19
4.96	0.42	14.22
4.97	0.42	14.24
4.98	0.42	14.21
4.99	0.42	14.24
5.00	0.43	14.24
5.01	0.43	14.22
5.02	0.43	14.24
5.03	0.43	14.25
5.04	0.43	14.24
5.05	0.43	14.23
5.06	0.43	14.20
5.07	0.43	14.20
5.08	0.43	14.23
5.09	0.43	14.19
5.10	0.43	14.21
5.11	0.43	14.23
5.12	0.44	14.21
5.13	0.44	14.23
5.14	0.44	14.24
5.15	0.44	14.22
5.16	0.44	14.20
5.17	0.44	14.20
5.18	0.44	14.21
5.19	0.44	14.19
5.20	0.44	14.21
5.21	0.44	14.18
5.22	0.44	14.18
5.23	0.44	14.20
5.24	0.45	14.20
5.25	0.45	14.20
5.26	0.45	14.18
5.27	0.45	14.20
5.28	0.45	14.19
5.29	0.45	14.18
5.30	0.45	14.17
5.31	0.45	14.17
5.32	0.45	14.17
5.33	0.45	14.16
5.34	0.45	14.19
5.35	0.45	14.17
5.36	0.46	14.19
5.37	0.46	14.21
5.38	0.46	14.20
5.39	0.46	14.19
5.40	0.46	14.19
5.41	0.46	14.19
5.42	0.46	14.18
5.43	0.46	14.18
5.44	0.46	14.18
5.45	0.46	14.20
5.46	0.46	14.22
5.47	0.46	14.23
5.48	0.47	14.21
5.49	0.47	14.18
5.50	0.47	14.21
5.51	0.47	14.24
5.52	0.47	14.22
5.53	0.47	14.19
5.54	0.47	14.18
5.55	0.47	14.21
5.56	0.47	14.20
5.57	0.47	14.18
5.58	0.47	14.19
5.59	0.47	14.20
5.60	0.48	14.20
5.61	0.48	14.22
5.62	0.48	14.23
5.63	0.48	14.21
5.64	0.48	14.21
5.65	0.48	14.18
5.66	0.48	14.16
5.67	0.48	14.21
5.68	0.48	14.19
5.69	0.48	14.18
5.70	0.48	14.21
5.71	0.48	14.20
5.72	0.49	14.20
5.73	0.49	14.20
5.74	0.49	14.23
5.75	0.49	14.24
5.76	0.49	14.24
5.77	0.49	14.23
5.78	0.49	14.22
5.79	0.49	14.22
5.80	0.49	14.22
5.81	0.49	14.21
5.82	0.49	14.21
5.83	0.49	14.24
5.84	0.50	14.20
5.85	0.50	14.21
5.86	0.50	14.27
5.87	0.50	14.25
5.88	0.50	14.26
5.89	0.50	14.26
5.90	0.50	14.23
5.91	0.50	14.20
5.92	0.50	14.22
5.93	0.50	14.24
5.94	0.50	14.21
5.95	0.50	14.23
5.96	0.51	14.23
5.97	0.51	14.22
5.98	0.51	14.24
5.99	0.51	14.24
6.00	0.51	14.25
6.01	0.51	14.27
6.02	0.51	14.27
6.03	0.51	14.24
6.04	0.51	14.23
6.05	0.51	14.25
6.06	0.51	14.24
6.07	0.51	14.25
6.08	0.52	14.22
6.09	0.52	14.20
6.10	0.52	14.23
6.11	0.52	14.25
6.12	0.52	14.25
6.13	0.52	14.27
6.14	0.52	14.29
6.15	0.52	14.27
6.16	0.52	14.25
6.17	0.52	14.23
6.18	0.52	14.23
6.19	0.52	14.24
6.20	0.53	14.22
6.21	0.53	14.20
6.22	0.53	14.22
6.23	0.53	14.24
6.24	0.53	14.25
6.25	0.53	14.26
6.26	0.53	14.28
6.27	0.53	14.26
6.28	0.53	14.25
6.29	0.53	14.23
6.30	0.53	14.23
6.31	0.53	14.23
6.32	0.54	14.24
6.33	0.54	14.24
6.34	0.54	14.23
6.35	0.54	14.25
6.36	0.54	14.23
6.37	0.54	14.24
6.38	0.54	14.27
6.39	0.54	14.27
6.40	0.54	14.27
6.41	0.54	14.28
6.42	0.54	14.30
6.43	0.54	14.26
6.44	0.55	14.26
6.45	0.55	14.27
6.46	0.55	14.26
6.47	0.55	14.29
6.48	0.55	14.29
6.49	0.55	14.27
6.50	0.55	14.29
6.51	0.55	14.30
6.52	0.55	14.30
6.53	0.55	14.31
6.54	0.55	14.30
6.55	0.55	14.29
6.56	0.56	14.28
6.57	0.56	14.28
6.58	0.56	14.26
6.59	0.56	14.28
6.60	0.56	14.32
6.61	0.56	14.32
6.62	0.56	14.36
6.63	0.56	14.36
6.64	0.56	14.31
6.65	0.56	14.34
6.66	0.56	14.36
6.67	0.56	14.32
6.68	0.57	14.32
6.69	0.57	14.31
6.70	0.57	14.29
6.71	0.57	14.34
6.72	0.57	14.34
6.73	0.57	14.32
6.74	0.57	14.31
6.75	0.57	14.32
6.76	0.57	14.34
6.77	0.57	14.36
6.78	0.57	14.36
6.79	0.57	14.35
6.80	0.58	14.35
6.81	0.58	14.36
6.82	0.58	14.36
6.83	0.58	14.38
6.84	0.58	14.39
6.85	0.58	14.38
6.86	0.58	14.38
6.87	0.58	14.39
6.88	0.58	14.36
6.89	0.58	14.39
6.90	0.58	14.42
6.91	0.58	14.38
6.92	0.59	14.39
6.93	0.59	14.40
6.94	0.59	14.38
6.95	0.59	14.37
6.96	0.59	14.40
6.97	0.59	14.38
6.98	0.59	14.37
6.99	0.59	14.40
7.00	0.59	14.40
7.01	0.59	14.42
7.02	0.59	14.43
7.03	0.59	14.39
7.04	0.60	14.39
7.05	0.60	14.40
7.06	0.60	14.39
7.07	0.60	14.40
7.08	0.60	14.39
7.09	0.60	14.37
7.10	0.60	14.37
7.11	0.60	14.36
7.12	0.60	14.33
7.13	0.60	14.38
7.14	0.60	14.42
7.15	0.60	14.37
7.16	0.61	14.37
7.17	0.61	14.39
7.18	0.61	14.36
7.19	0.61	14.33
7.20	0.61	14.35
7.21	0.61	14.34
7.22	0.61	14.33
7.23	0.61	14.35
7.24	0.61	14.36
7.25	0.61	14.35
7.26	0.61	14.36
7.27	0.61	14.38
7.28	0.62	14.35
7.29	0.62	14.37
7.30	0.62	14.38
7.31	0.62	14.37
7.32	0.62	14.38
7.33	0.62	14.40
7.34	0.62	14.37
7.35	0.62	14.34
7.36	0.62	14.36
7.37	0.62	14.36
7.38	0.62	14.37
7.39	0.62	14.41
7.40	0.63	14.38
7.41	0.63	14.37
7.42	0.63	14.41
7.43	0.63	14.40
7.44	0.63	14.40
7.45	0.63	14.41
7.46	0.63	14.37
7.47	0.63	14.36
7.48	0.63	14.39
7.49	0.63	14.39
7.50	0.63	14.37
7.51	0.63	14.43
7.52	0.64	14.42
7.53	0.64	14.39
7.54	0.64	14.42
7.55	0.64	14.39
7.56	0.64	14.37
7.57	0.64	14.43
7.58	0.64	14.42
7.59	0.64	14.35
7.60	0.64	14.37
7.61	0.64	14.37
7.62	0.64	14.35
7.63	0.64	14.41
7.64	0.65	14.41
7.65	0.65	14.37
7.66	0.65	14.42
7.67	0.65	14.40
7.68	0.65	14.38
7.69	0.65	14.43
7.70	0.65	14.40
7.71	0.65	14.37
7.72	0.65	14.41
7.73	0.65	14.41
7.74	0.65	14.40
7.75	0.65	14.44
7.76	0.66	14.43
7.77	0.66	14.38
7.78	0.66	14.41
7.79	0.66	14.45
7.80	0.66	14.44
7.81	0.66	14.46
7.82	0.66	14.47
7.83	0.66	14.45
7.84	0.66	14.45
7.85	0.66	14.46
7.86	0.66	14.46
7.87	0.66	14.47
7.88	0.67	14.47
7.89	0.67	14.49
7.90	0.67	14.54
7.91	0.67	14.57
7.92	0.67	14.58
7.93	0.67	14.58
7.94	0.67	14.60
7.95	0.67	14.65
7.96	0.67	14.66
7.97	0.67	14.64
7.98	0.67	14.64
7.99	0.67	14.66
8.00	0.68	14.67
8.01	0.68	14.66
8.02	0.68	14.67
8.03	0.68	14.69
8.04	0.68	14.67
8.05	0.68	14.69
8.06	0.68	14.72
8.07	0.68	14.73
8.08	0.68	14.73
8.09	0.68	14.73
8.10	0.68	14.71
8.11	0.68	14.73
8.12	0.69	14.76
8.13	0.69	14.74
8.14	0.69	14.74
8.15	0.69	14.76
8.16	0.69	14.75
8.17	0.69	14.75
8.18	0.69	14.80
8.19	0.69	14.80
8.20	0.69	14.79
8.21	0.69	14.81
8.22	0.69	14.80
8.23	0.69	14.79
8.24	0.70	14.81
8.25	0.70	14.79
8.26	0.70	14.79
8.27	0.70	14.82
8.28	0.70	14.86
8.29	0.70	14.86
8.30	0.70	14.85
8.31	0.70	14.84
8.32	0.70	14.85
8.33	0.70	14.89
8.34	0.70	14.88
8.35	0.70	14.86
8.36	0.71	14.86
8.37	0.71	14.88
8.38	0.71	14.88
8.39	0.71	14.92
8.40	0.71	14.93
8.41	0.71	14.95
8.42	0.71	15.01
8.43	0.71	15.02
8.44	0.71	15.04
8.45	0.71	15.07
8.46	0.71	15.12
8.47	0.71	15.19
8.48	0.72	15.24
8.49	0.72	15.27
8.50	0.72	15.32
8.51	0.72	15.40
8.52	0.72	15.45
8.53	0.72	15.49
8.54	0.72	15.54
8.55	0.72	15.58
8.56	0.72	15.62
8.57	0.72	15.66
8.58	0.72	15.69
8.59	0.72	15.73
8.60	0.73	15.77
8.61	0.73	15.80
8.62	0.73	15.84
8.63	0.73	15.86
8.64	0.73	15.88
8.65	0.73	15.93
8.66	0.73	15.95
8.67	0.73	15.98
8.68	0.73	16.00
8.69	0.73	16.02
8.70	0.73	16.03
8.71	0.73	16.07
8.72	0.74	16.09
8.73	0.74	16.11
8.74	0.74	16.15
8.75	0.74	16.17
8.76	0.74	16.19
8.77	0.74	16.19
8.78	0.74	16.19
8.79	0.74	16.22
8.80	0.74	16.25
8.81	0.74	16.25
8.82	0.74	16.24
8.83	0.74	16.27
8.84	0.75	16.31
8.85	0.75	16.30
8.86	0.75	16.29
8.87	0.75	16.31
8.88	0.75	16.32
8.89	0.75	16.33
8.90	0.75	16.36
8.91	0.75	16.35
8.92	0.75	16.35
8.93	0.75	16.38
8.94	0.75	16.41
8.95	0.75	16.40
8.96	0.76	16.38
8.97	0.76	16.39
8.98	0.76	16.37
8.99	0.76	16.37
9.00	0.76	16.39
9.01	0.76	16.41
9.02	0.76	16.44
9.03	0.76	16.44
9.04	0.76	16.46
9.05	0.76	16.46
9.06	0.76	16.45
9.07	0.76	16.49
9.08	0.77	16.51
9.09	0.77	16.51
9.10	0.77	16.51
9.11	0.77	16.53
9.12	0.77	16.54
9.13	0.77	16.53
9.14	0.77	16.53
9.15	0.77	16.56
9.16	0.77	16.56
9.17	0.77	16.54
9.18	0.77	16.55
9.19	0.77	16.55
9.20	0.78	16.56
9.21	0.78	16.56
9.22	0.78	16.55
9.23	0.78	16.54
9.24	0.78	16.54
9.25	0.78	16.57
9.26	0.78	16.56
9.27	0.78	16.56
9.28	0.78	16.57
9.29	0.78	16.54
9.30	0.78	16.54
9.31	0.78	16.55
9.32	0.79	16.58
9.33	0.79	16.59
9.34	0.79	16.55
9.35	0.79	16.53
9.36	0.79	16.55
9.37	0.79	16.60
9.38	0.79	16.62
9.39	0.79	16.61
9.40	0.79	16.60
9.41	0.79	16.61
9.42	0.79	16.60
9.43	0.79	16.61
9.44	0.80	16.64
9.45	0.80	16.62
9.46	0.80	16.62
9.47	0.80	16.63
9.48	0.80	16.62
9.49	0.80	16.59
9.50	0.80	16.62
9.51	0.80	16.65
9.52	0.80	16.62
9.53	0.80	16.62
9.54	0.80	16.65
9.55	0.80	16.65
9.56	0.81	16.63
9.57	0.81	16.63
9.58	0.81	16.64
9.59	0.81	16.65
9.60	0.81	16.67
9.61	0.81	16.68
9.62	0.81	16.68
9.63	0.81	16.68
9.64	0.81	16.67
9.65	0.81	16.69
9.66	0.81	16.66
9.67	0.81	16.67
9.68	0.82	16.70
9.69	0.82	16.70
9.70	0.82	16.70
9.71	0.82	16.70
9.72	0.82	16.74
9.73	0.82	16.73
9.74	0.82	16.71
9.75	0.82	16.71
9.76	0.82	16.72
9.77	0.82	16.74
9.78	0.82	16.73
9.79	0.82	16.73
9.80	0.83	16.72
9.81	0.83	16.73
9.82	0.83	16.74
9.83	0.83	16.75
9.84	0.83	16.76
9.85	0.83	16.75
9.86	0.83	16.78
9.87	0.83	16.75
9.88	0.83	16.75
9.89	0.83	16.79
9.90	0.83	16.79
9.91	0.83	16.82
9.92	0.84	16.81
9.93	0.84	16.84
9.94	0.84	16.86
9.95	0.84	16.85
9.96	0.84	16.87
9.97	0.84	16.87
9.98	0.84	16.90
9.99	0.84	16.86
10.00	0.84	16.84
10.01	0.84	16.88
10.02	0.84	16.91
10.03	0.84	16.94
10.04	0.85	16.95
10.05	0.85	16.96
10.06	0.85	16.97
10.07	0.85	16.97
10.08	0.85	16.97
10.09	0.85	16.97
10.10	0.85	16.95
10.11	0.85	16.96
10.12	0.85	16.97
10.13	0.85	16.96
10.14	0.85	16.98
10.15	0.85	16.97
10.16	0.86	16.96
10.17	0.86	16.95
10.18	0.86	16.97
10.19	0.86	17.00
10.20	0.86	17.01
10.21	0.86	17.01
10.22	0.86	17.01
10.23	0.86	17.00
10.24	0.86	17.00
10.25	0.86	16.99
10.26	0.86	17.00
10.27	0.86	17.00
10.28	0.87	17.00
10.29	0.87	17.00
10.30	0.87	17.03
10.31	0.87	17.05
10.32	0.87	17.02
10.33	0.87	17.00
10.34	0.87	17.02
10.35	0.87	17.05
10.36	0.87	17.05
10.37	0.87	17.02
10.38	0.87	17.04
10.39	0.87	17.05
10.40	0.88	17.05
10.41	0.88	17.06
10.42	0.88	17.05
10.43	0.88	17.06
10.44	0.88	17.06
10.45	0.88	17.11
10.46	0.88	17.11
10.47	0.88	17.13
10.48	0.88	17.14
10.49	0.88	17.14
10.50	0.88	17.18
10.51	0.88	17.16
10.52	0.89	17.19
10.53	0.89	17.23
10.54	0.89	17.24
10.55	0.89	17.26
10.56	0.89	17.27
10.57	0.89	17.29
10.58	0.89	17.29
10.59	0.89	17.29
10.60	0.89	17.29
10.61	0.89	17.33
10.62	0.89	17.35
10.63	0.89	17.36
10.64	0.90	17.39
10.65	0.90	17.40
10.66	0.90	17.41
10.67	0.90	17.44
10.68	0.90	17.48
10.69	0.90	17.48
10.70	0.90	17.49
10.71	0.90	17.53
10.72	0.90	17.53
10.73	0.90	17.52
10.74	0.90	17.52
10.75	0.90	17.54
10.76	0.91	17.54
10.77	0.91	17.54
10.78	0.91	17.56
10.79	0.91	17.55
10.80	0.91	17.57
10.81	0.91	17.56
10.82	0.91	17.53
10.83	0.91	17.55
10.84	0.91	17.55
10.85	0.91	17.56
10.86	0.91	17.58
10.87	0.91	17.58
10.88	0.92	17.56
10.89	0.92	17.54
10.90	0.92	17.55
10.91	0.92	17.56
10.92	0.92	17.56
10.93	0.92	17.56
10.94	0.92	17.54
10.95	0.92	17.56
10.96	0.92	17.57
10.97	0.92	17.56
10.98	0.92	17.57
10.99	0.92	17.58
11.00	0.93	17.58
11.01	0.93	17.59
11.02	0.93	17.59
11.03	0.93	17.59
11.04	0.93	17.56
11.05	0.93	17.55
11.06	0.93	17.54
11.07	0.93	17.55
11.08	0.93	17.57
11.09	0.93	17.57
11.10	0.93	17.59
11.11	0.93	17.61
11.12	0.94	17.61
11.13	0.94	17.61
11.14	0.94	17.63
11.15	0.94	17.62
11.16	0.94	17.62
11.17	0.94	17.63
11.18	0.94	17.62
11.19	0.94	17.62
11.20	0.94	17.64
11.21	0.94	17.63
11.22	0.94	17.62
11.23	0.94	17.65
11.24	0.95	17.66
11.25	0.95	17.66
11.26	0.95	17.68
11.27	0.95	17.67
11.28	0.95	17.66
11.29	0.95	17.66
11.30	0.95	17.68
11.31	0.95	17.68
11.32	0.95	17.71
11.33	0.95	17.72
11.34	0.95	17.73
11.35	0.95	17.76
11.36	0.96	17.76
11.37	0.96	17.78
11.38	0.96	17.80
11.39	0.96	17.77
11.40	0.96	17.76
11.41	0.96	17.76
11.42	0.96	17.78
11.43	0.96	17.79
11.44	0.96	17.79
11.45	0.96	17.83
11.46	0.96	17.86
11.47	0.96	17.91
11.48	0.97	17.98
11.49	0.97	18.05
11.50	0.97	18.07
11.51	0.97	18.08
11.52	0.97	18.11
11.53	0.97	18.16
11.54	0.97	18.19
11.55	0.97	18.21
11.56	0.97	18.26
11.57	0.97	18.32
11.58	0.97	18.36
11.59	0.97	18.38
11.60	0.98	18.40
11.61	0.98	18.42
11.62	0.98	18.47
11.63	0.98	18.50
11.64	0.98	18.54
11.65	0.98	18.58
11.66	0.98	18.61
11.67	0.98	18.67
11.68	0.98	18.74
11.69	0.98	18.82
11.70	0.98	18.88
11.71	0.98	18.92
11.72	0.99	18.98
11.73	0.99	19.06
11.74	0.99	19.14
11.75	0.99	19.23
11.76	0.99	19.30
11.77	0.99	19.37
11.78	0.99	19.46
11.79	0.99	19.58
11.80	0.99	19.69
11.81	0.99	19.79
11.82	0.99	19.90
11.83	0.99	20.00
11.84	1.00	20.13
11.85	1.00	20.23
11.86	1.00	20.30
11.87	1.00	20.38
11.88	1.00	20.48
11.89	1.00	20.60
11.90	1.00	20.70
11.91	1.00	20.78
11.92	1.00	20.87
11.93	1.00	20.99
11.94	1.00	21.14
11.95	1.00	21.29
11.96	1.01	21.46
11.97	1.01	21.60
11.98	1.01	21.75
11.99	1.01	21.89
12.00	1.01	22.07
12.01	1.01	22.21
12.02	1.01	22.33
12.03	1.01	22.50
12.04	1.01	22.64
12.05	1.01	22.75
12.06	1.01	22.89
12.07	1.01	23.05
12.08	1.02	23.17
12.09	1.02	23.30
12.10	1.02	23.45
12.11	1.02	23.57
12.12	1.02	23.72
12.13	1.02	23.89
12.14	1.02	24.03
12.15	1.02	24.14
12.16	1.02	24.31
12.17	1.02	24.49
12.18	1.02	24.65
12.19	1.02	24.84
12.20	1.03	25.04
12.21	1.03	25.22
12.22	1.03	25.41
12.23	1.03	25.60
12.24	1.03	25.83
12.25	1.03	26.06
12.26	1.03	26.24
12.27	1.03	26.43
12.28	1.03	26.66
12.29	1.03	26.88
12.30	1.03	27.07
12.31	1.03	27.27
12.32	1.04	27.48
12.33	1.04	27.71
12.34	1.04	27.94
12.35	1.04	28.17
12.36	1.04	28.43
12.37	1.04	28.66
12.38	1.04	28.86
12.39	1.04	29.08
12.40	1.04	29.32
12.41	1.04	29.55
12.42	1.04	29.79
12.43	1.04	30.02
12.44	1.05	30.22
12.45	1.05	30.49
12.46	1.05	30.74
12.47	1.05	30.94
12.48	1.05	31.19
12.49	1.05	31.46
12.50	1.05	31.72
12.51	1.05	31.97
12.52	1.05	32.21
12.53	1.05	32.44
12.54	1.05	32.70
12.55	1.05	32.95
12.56	1.06	33.21
12.57	1.06	33.50
12.58	1.06	33.73
12.59	1.06	33.93
12.60	1.06	34.17
12.61	1.06	34.43
12.62	1.06	34.68
12.63	1.06	34.92
12.64	1.06	35.17
12.65	1.06	35.45
12.66	1.06	35.71
12.67	1.06	35.94
12.68	1.07	36.17
12.69	1.07	36.45
12.70	1.07	36.73
12.71	1.07	36.99
12.72	1.07	37.25
12.73	1.07	37.50
12.74	1.07	37.75
12.75	1.07	37.98
12.76	1.07	38.23
12.77	1.07	38.51
12.78	1.07	38.75
12.79	1.07	39.00
12.80	1.08	39.23
12.81	1.08	39.46
12.82	1.08	39.72
12.83	1.08	39.98
12.84	1.08	40.25
12.85	1.08	40.51
12.86	1.08	40.76
12.87	1.08	41.01
12.88	1.08	41.27
12.89	1.08	41.55
12.90	1.08	41.79
12.91	1.08	42.02
12.92	1.09	42.29
12.93	1.09	42.56
12.94	1.09	42.78
12.95	1.09	43.03
12.96	1.09	43.27
12.97	1.09	43.50
12.98	1.09	43.77
12.99	1.09	44.03
13.00	1.09	44.31
13.01	1.09	44.56
13.02	1.09	44.81
13.03	1.09	45.06
13.04	1.10	45.30
13.05	1.10	45.56
13.06	1.10	45.81
13.07	1.10	46.04
13.08	1.10	46.28
13.09	1.10	46.54
13.10	1.10	46.78
13.11	1.10	47.01
13.12	1.10	47.25
13.13	1.10	47.49
13.14	1.10	47.76
13.15	1.10	48.01
13.16	1.11	48.29
13.17	1.11	48.55
13.18	1.11	48.78
13.19	1.11	49.00
13.20	1.11	49.25
13.21	1.11	49.54
13.22	1.11	49.78
13.23	1.11	50.00
13.24	1.11	50.20
13.25	1.11	50.45
13.26	1.11	50.67
13.27	1.11	50.90
13.28	1.12	51.14
13.29	1.12	51.38
13.30	1.12	51.65
13.31	1.12	51.91
13.32	1.12	52.16
13.33	1.12	52.39
13.34	1.12	52.62
13.35	1.12	52.86
13.36	1.12	53.09
13.37	1.12	53.32
13.38	1.12	53.54
13.39	1.12	53.76
13.40	1.13	53.97
13.41	1.13	54.21
13.42	1.13	54.46
13.43	1.13	54.68
13.44	1.13	54.90
13.45	1.13	55.12
13.46	1.13	55.35
13.47	1.13	55.59
13.48	1.13	55.82
13.49	1.13	56.05
13.50	1.13	56.24
13.51	1.13	56.44
13.52	1.14	56.68
13.53	1.14	56.89
13.54	1.14	57.10
13.55	1.14	57.33
13.56	1.14	57.53
13.57	1.14	57.69
13.58	1.14	57.93
13.59	1.14	58.15
13.60	1.14	58.35
13.61	1.14	58.60
13.62	1.14	58.81
13.63	1.14	58.99
13.64	1.15	59.20
13.65	1.15	59.43
13.66	1.15	59.63
13.67	1.15	59.84
13.68	1.15	60.07
13.69	1.15	60.27
13.70	1.15	60.47
13.71	1.15	60.68
13.72	1.15	60.87
13.73	1.15	61.06
13.74	1.15	61.27
13.75	1.15	61.47
13.76	1.16	61.71
13.77	1.16	61.95
13.78	1.16	62.14
13.79	1.16	62.32
13.80	1.16	62.53
13.81	1.16	62.74
13.82	1.16	62.91
13.83	1.16	63.09
13.84	1.16	63.32
13.85	1.16	63.50
13.86	1.16	63.66
13.87	1.16	63.86
13.88	1.17	64.07
13.89	1.17	64.27
13.90	1.17	64.47
13.91	1.17	64.67
13.92	1.17	64.85
13.93	1.17	65.05
13.94	1.17	65.26
13.95	1.17	65.47
13.96	1.17	65.68
13.97	1.17	65.87
13.98	1.17	66.04
13.99	1.17	66.23
14.00	1.18	66.45
14.01	1.18	66.62
14.02	1.18	66.78
14.03	1.18	66.98
14.04	1.18	67.13
14.05	1.18	67.32
14.06	1.18	67.56
14.07	1.18	67.74
14.08	1.18	67.90
14.09	1.18	68.09
14.10	1.18	68.30
14.11	1.18	68.50
14.12	1.19	68.65
14.13	1.19	68.83
14.14	1.19	69.01
14.15	1.19	69.16
14.16	1.19	69.30
14.17	1.19	69.46
14.18	1.19	69.64
14.19	1.19	69.82
14.20	1.19	70.02
14.21	1.19	70.22
14.22	1.19	70.38
14.23	1.19	70.53
14.24	1.20	70.74
14.25	1.20	70.92
14.26	1.20	71.09
14.27	1.20	71.27
14.28	1.20	71.42
14.29	1.20	71.58
14.30	1.20	71.76
14.31	1.20	71.91
14.32	1.20	72.07
14.33	1.20	72.26
14.34	1.20	72.42
14.35	1.20	72.57
14.36	1.21	72.76
14.37	1.21	72.94
14.38	1.21	73.13
14.39	1.21	73.31
14.40	1.21	73.48
14.41	1.21	73.64
14.42	1.21	73.81
14.43	1.21	73.98
14.44	1.21	74.13
14.45	1.21	74.31
14.46	1.21	74.49
14.47	1.21	74.63
14.48	1.22	74.78
14.49	1.22	74.95
14.50	1.22	75.11
14.51	1.22	75.25
14.52	1.22	75.41
14.53	1.22	75.60
14.54	1.22	75.79
14.55	1.22	75.95
14.56	1.22	76.09
14.57	1.22	76.27
14.58	1.22	76.42
14.59	1.22	76.54
14.60	1.23	76.70
14.61	1.23	76.85
14.62	1.23	77.00
14.63	1.23	77.13
14.64	1.23	77.28
14.65	1.23	77.44
14.66	1.23	77.58
14.67	1.23	77.71
14.68	1.23	77.87
14.69	1.23	78.03
14.70	1.23	78.18
14.71	1.23	78.35
14.72	1.24	78.48
14.73	1.24	78.62
14.74	1.24	78.78
14.75	1.24	78.91
14.76	1.24	79.04
14.77	1.24	79.19
14.78	1.24	79.32
14.79	1.24	79.43
14.80	1.24	79.59
14.81	1.24	79.73
14.82	1.24	79.86
14.83	1.24	80.02
14.84	1.25	80.15
14.85	1.25	80.28
14.86	1.25	80.46
14.87	1.25	80.62
14.88	1.25	80.77
14.89	1.25	80.91
14.90	1.25	81.01
14.91	1.25	81.13
14.92	1.25	81.29
14.93	1.25	81.43
14.94	1.25	81.53
14.95	1.25	81.68
14.96	1.26	81.84
14.97	1.26	81.97
14.98	1.26	82.12
14.99	1.26	82.26
15.00	1.26	82.39
15.01	1.26	82.54
15.02	1.26	82.68
15.03	1.26	82.82
15.04	1.26	82.97
15.05	1.26	83.07
15.06	1.26	83.18
15.07	1.26	83.31
15.08	1.27	83.43
15.09	1.27	83.55
15.10	1.27	83.65
15.11	1.27	83.81
15.12	1.27	83.94
15.13	1.27	84.03
15.14	1.27	84.18
15.15	1.27	84.32
15.16	1.27	84.45
15.17	1.27	84.57
15.18	1.27	84.69
15.19	1.27	84.81
15.20	1.28	84.95
15.21	1.28	85.05
15.22	1.28	85.13
15.23	1.28	85.26
15.24	1.28	85.40
15.25	1.28	85.51
15.26	1.28	85.60
15.27	1.28	85.71
15.28	1.28	85.84
15.29	1.28	85.96
15.30	1.28	86.05
15.31	1.28	86.17
15.32	1.29	86.31
15.33	1.29	86.41
15.34	1.29	86.53
15.35	1.29	86.66
15.36	1.29	86.74
15.37	1.29	86.84
15.38	1.29	86.96
15.39	1.29	87.07
15.40	1.29	87.14
15.41	1.29	87.24
15.42	1.29	87.36
15.43	1.29	87.47
15.44	1.30	87.57
15.45	1.30	87.66
15.46	1.30	87.80
15.47	1.30	87.94
15.48	1.30	88.03
15.49	1.30	88.14
15.50	1.30	88.29
15.51	1.30	88.38
15.52	1.30	88.49
15.53	1.30	88.59
15.54	1.30	88.66
15.55	1.30	88.76
15.56	1.31	88.89
15.57	1.31	88.98
15.58	1.31	89.07
15.59	1.31	89.19
15.60	1.31	89.32
15.61	1.31	89.44
15.62	1.31	89.55
15.63	1.31	89.65
15.64	1.31	89.76
15.65	1.31	89.86
15.66	1.31	89.95
15.67	1.31	90.07
15.68	1.32	90.14
15.69	1.32	90.20
15.70	1.32	90.32
15.71	1.32	90.42
15.72	1.32	90.50
15.73	1.32	90.60
15.74	1.32	90.71
15.75	1.32	90.81
15.76	1.32	90.90
15.77	1.32	91.01
15.78	1.32	91.12
15.79	1.32	91.21
15.80	1.33	91.31
15.81	1.33	91.40
15.82	1.33	91.47
15.83	1.33	91.53
15.84	1.33	91.62
15.85	1.33	91.72
15.86	1.33	91.79
15.87	1.33	91.88
15.88	1.33	91.98
15.89	1.33	92.06
15.90	1.33	92.14
15.91	1.33	92.24
15.92	1.34	92.33
15.93	1.34	92.42
15.94	1.34	92.52
15.95	1.34	92.59
15.96	1.34	92.67
15.97	1.34	92.76
15.98	1.34	92.87
15.99	1.34	92.96
16.00	1.34	93.00
16.01	1.34	93.08
16.02	1.34	93.16
16.03	1.34	93.21
16.04	1.35	93.31
16.05	1.35	93.38
16.06	1.35	93.47
16.07	1.35	93.55
16.08	1.35	93.65
16.09	1.35	93.74
16.10	1.35	93.83
16.11	1.35	93.93
16.12	1.35	94.01
16.13	1.35	94.09
16.14	1.35	94.15
16.15	1.35	94.23
16.16	1.36	94.30
16.17	1.36	94.36
16.18	1.36	94.43
16.19	1.36	94.49
16.20	1.36	94.57
16.21	1.36	94.67
16.22	1.36	94.75
16.23	1.36	94.81
16.24	1.36	94.89
16.25	1.36	94.96
16.26	1.36	95.03
16.27	1.37	95.13
16.28	1.37	95.21
16.29	1.37	95.26
16.30	1.37	95.32
16.31	1.37	95.38
16.32	1.37	95.44
16.33	1.37	95.51
16.34	1.37	95.57
16.35	1.37	95.63
16.36	1.37	95.73
16.37	1.37	95.83
16.38	1.37	95.90
16.39	1.37	95.93
16.40	1.38	95.99
16.41	1.38	96.09
16.42	1.38	96.18
16.43	1.38	96.23
16.44	1.38	96.28
16.45	1.38	96.34
16.46	1.38	96.39
16.47	1.38	96.46
16.48	1.38	96.52
16.49	1.38	96.57
16.50	1.38	96.65
16.51	1.38	96.74
16.52	1.39	96.80
16.53	1.39	96.86
16.54	1.39	96.92
16.55	1.39	96.96
16.56	1.39	97.02
16.57	1.39	97.09
16.58	1.39	97.18
16.59	1.39	97.24
16.60	1.39	97.27
16.61	1.39	97.33
16.62	1.39	97.41
16.63	1.39	97.46
16.64	1.40	97.52
16.65	1.40	97.56
16.66	1.40	97.60
16.67	1.40	97.68
16.68	1.40	97.77
16.69	1.40	97.84
16.70	1.40	97.93
16.71	1.40	98.00
16.72	1.40	98.03
16.73	1.40	98.10
16.74	1.40	98.19
16.75	1.40	98.22
16.76	1.41	98.29
16.77	1.41	98.36
16.78	1.41	98.41
16.79	1.41	98.48
16.80	1.41	98.51
16.81	1.41	98.56
16.82	1.41	98.62
16.83	1.41	98.71
16.84	1.41	98.79
16.85	1.41	98.85
16.86	1.41	98.92
16.87	1.41	98.96
16.88	1.42	99.01
16.89	1.42	99.10
16.90	1.42	99.18
16.91	1.42	99.21
16.92	1.42	99.23
16.93	1.42	99.30
16.94	1.42	99.36
16.95	1.42	99.38
16.96	1.42	99.43
16.97	1.42	99.53
16.98	1.42	99.58
16.99	1.42	99.61
17.00	1.43	99.67
17.01	1.43	99.72
17.02	1.43	99.78
17.03	1.43	99.84
17.04	1.43	99.89
17.05	1.43	99.95
17.06	1.43	100.00
17.07	1.43	100.04
17.08	1.43	100.08
17.09	1.43	100.14
17.10	1.43	100.18
17.11	1.43	100.21
17.12	1.44	100.27
17.13	1.44	100.31
17.14	1.44	100.37
17.15	1.44	100.46
17.16	1.44	100.50
17.17	1.44	100.52
17.18	1.44	100.59
17.19	1.44	100.67
17.20	1.44	100.69
17.21	1.44	100.73
17.22	1.44	100.79
17.23	1.44	100.87
17.24	1.45	100.92
17.25	1.45	100.94
17.26	1.45	100.99
17.27	1.45	101.05
17.28	1.45	101.10
17.29	1.45	101.15
17.30	1.45	101.20
17.31	1.45	101.23
17.32	1.45	101.32
17.33	1.45	101.37
17.34	1.45	101.41
17.35	1.45	101.46
17.36	1.46	101.52
17.37	1.46	101.57
17.38	1.46	101.60
17.39	1.46	101.65
17.40	1.46	101.70
17.41	1.46	101.74
17.42	1.46	101.80
17.43	1.46	101.83
17.44	1.46	101.88
17.45	1.46	101.94
17.46	1.46	101.95
17.47	1.46	102.00
17.48	1.47	102.09
17.49	1.47	102.14
17.50	1.47	102.18
17.51	1.47	102.24
17.52	1.47	102.30
17.53	1.47	102.34
17.54	1.47	102.39
17.55	1.47	102.42
17.56	1.47	102.44
17.57	1.47	102.48
17.58	1.47	102.51
17.59	1.47	102.56
17.60	1.48	102.59
17.61	1.48	102.62
17.62	1.48	102.67
17.63	1.48	102.74
17.64	1.48	102.79
17.65	1.48	102.85
17.66	1.48	102.92
17.67	1.48	102.97
17.68	1.48	102.99
17.69	1.48	103.02
17.70	1.48	103.05
17.71	1.48	103.09
17.72	1.49	103.12
17.73	1.49	103.15
17.74	1.49	103.22
17.75	1.49	103.25
17.76	1.49	103.31
17.77	1.49	103.39
17.78	1.49	103.42
17.79	1.49	103.48
17.80	1.49	103.53
17.81	1.49	103.59
17.82	1.49	103.66
17.83	1.49	103.68
17.84	1.50	103.72
17.85	1.50	103.76
17.86	1.50	103.81
17.87	1.50	103.87
17.88	1.50	103.93
17.89	1.50	103.96
17.90	1.50	103.98
17.91	1.50	104.03
17.92	1.50	104.09
17.93	1.50	104.14
17.94	1.50	104.19
17.95	1.50	104.25
17.96	1.51	104.30
17.97	1.51	104.36
17.98	1.51	104.41
17.99	1.51	104.43
18.00	1.51	104.45
18.01	1.51	104.48
18.02	1.51	104.52
18.03	1.51	104.55
18.04	1.51	104.60
18.05	1.51	104.62
18.06	1.51	104.65
18.07	1.51	104.72
18.08	1.52	104.76
18.09	1.52	104.80
18.10	1.52	104.85
18.11	1.52	104.90
18.12	1.52	104.93
18.13	1.52	104.94
18.14	1.52	104.98
18.15	1.52	105.04
18.16	1.52	105.06
18.17	1.52	105.05
18.18	1.52	105.09
18.19	1.52	105.13
18.20	1.53	105.17
18.21	1.53	105.22
18.22	1.53	105.27
18.23	1.53	105.29
18.24	1.53	105.32
18.25	1.53	105.37
18.26	1.53	105.39
18.27	1.53	105.43
18.28	1.53	105.43
18.29	1.53	105.46
18.30	1.53	105.55
18.31	1.53	105.58
18.32	1.54	105.58
18.33	1.54	105.62
18.34	1.54	105.65
18.35	1.54	105.67
18.36	1.54	105.71
18.37	1.54	105.74
18.38	1.54	105.78
18.39	1.54	105.83
18.40	1.54	105.88
18.41	1.54	105.94
18.42	1.54	105.97
18.43	1.54	106.02
18.44	1.55	106.05
18.45	1.55	106.06
18.46	1.55	106.06
18.47	1.55	106.10
18.48	1.55	106.15
18.49	1.55	106.18
18.50	1.55	106.23
18.51	1.55	106.26
18.52	1.55	106.29
18.53	1.55	106.32
18.54	1.55	106.37
18.55	1.55	106.42
18.56	1.56	106.46
18.57	1.56	106.48
18.58	1.56	106.50
18.59	1.56	106.53
18.60	1.56	106.57
18.61	1.56	106.60
18.62	1.56	106.62
18.63	1.56	106.65
18.64	1.56	106.68
18.65	1.56	106.71
18.66	1.56	106.76
18.67	1.56	106.80
18.68	1.57	106.82
18.69	1.57	106.87
18.70	1.57	106.91
18.71	1.57	106.93
18.72	1.57	106.96
18.73	1.57	107.00
18.74	1.57	107.04
18.75	1.57	107.06
18.76	1.57	107.09
18.77	1.57	107.13
18.78	1.57	107.13
18.79	1.57	107.16
18.80	1.58	107.19
18.81	1.58	107.22
18.82	1.58	107.24
18.83	1.58	107.27
18.84	1.58	107.33
18.85	1.58	107.34
18.86	1.58	107.36
18.87	1.58	107.41
18.88	1.58	107.47
18.89	1.58	107.47
18.90	1.58	107.49
18.91	1.58	107.53
18.92	1.59	107.56
18.93	1.59	107.60
18.94	1.59	107.61
18.95	1.59	107.62
18.96	1.59	107.64
18.97	1.59	107.67
18.98	1.59	107.70
18.99	1.59	107.75
19.00	1.59	107.78
19.01	1.59	107.79
19.02	1.59	107.85
19.03	1.59	107.90
19.04	1.60	107.94
19.05	1.60	107.98
19.06	1.60	108.01
19.07	1.60	108.02
19.08	1.60	108.05
19.09	1.60	108.10
19.10	1.60	108.13
19.11	1.60	108.13
19.12	1.60	108.17
19.13	1.60	108.19
19.14	1.60	108.22
19.15	1.60	108.24
19.16	1.61	108.29
19.17	1.61	108.33
19.18	1.61	108.36
19.19	1.61	108.41
19.20	1.61	108.44
19.21	1.61	108.46
19.22	1.61	108.48
19.23	1.61	108.52
19.24	1.61	108.54
19.25	1.61	108.56
19.26	1.61	108.60
19.27	1.61	108.61
19.28	1.62	108.60
19.29	1.62	108.62
19.30	1.62	108.65
19.31	1.62	108.69
19.32	1.62	108.71
19.33	1.62	108.72
19.34	1.62	108.74
19.35	1.62	108.79
19.36	1.62	108.84
19.37	1.62	108.85
19.38	1.62	108.81
19.39	1.62	108.82
19.40	1.63	108.87
19.41	1.63	108.89
19.42	1.63	108.92
19.43	1.63	108.94
19.44	1.63	108.96
19.45	1.63	109.00
19.46	1.63	109.02
19.47	1.63	109.04
19.48	1.63	109.07
19.49	1.63	109.10
19.50	1.63	109.15
19.51	1.63	109.18
19.52	1.64	109.20
19.53	1.64	109.20
19.54	1.64	109.20
19.55	1.64	109.24
19.56	1.64	109.25
19.57	1.64	109.27
19.58	1.64	109.31
19.59	1.64	109.32
19.60	1.64	109.35
19.61	1.64	109.40
19.62	1.64	109.40
19.63	1.64	109.44
19.64	1.65	109.48
19.65	1.65	109.49
19.66	1.65	109.51
19.67	1.65	109.52
19.68	1.65	109.52
19.69	1.65	109.53
19.70	1.65	109.58
19.71	1.65	109.61
19.72	1.65	109.59
19.73	1.65	109.60
19.74	1.65	109.65
19.75	1.65	109.67
19.76	1.66	109.65
19.77	1.66	109.68
19.78	1.66	109.72
19.79	1.66	109.74
19.80	1.66	109.75
19.81	1.66	109.76
19.82	1.66	109.79
19.83	1.66	109.82
19.84	1.66	109.82
19.85	1.66	109.84
19.86	1.66	109.84
19.87	1.66	109.83
19.88	1.67	109.84
19.89	1.67	109.86
19.90	1.67	109.88
19.91	1.67	109.88
19.92	1.67	109.91
19.93	1.67	109.94
19.94	1.67	109.96
19.95	1.67	109.99
19.96	1.67	110.01
19.97	1.67	110.05
19.98	1.67	110.08
19.99	1.67	110.07
20.00	1.68	110.09
20.01	1.68	110.12
20.02	1.68	110.12
20.03	1.68	110.11
20.04	1.68	110.14
20.05	1.68	110.19
20.06	1.68	110.20
20.07	1.68	110.20
20.08	1.68	110.20
20.09	1.68	110.26
20.10	1.68	110.30
20.11	1.68	110.32
20.12	1.69	110.34
20.13	1.69	110.38
20.14	1.69	110.41
20.15	1.69	110.41
20.16	1.69	110.41
20.17	1.69	110.42
20.18	1.69	110.45
20.19	1.69	110.46
20.20	1.69	110.49
20.21	1.69	110.51
20.22	1.69	110.52
20.23	1.69	110.54
20.24	1.70	110.57
20.25	1.70	110.58
20.26	1.70	110.61
20.27	1.70	110.65
20.28	1.70	110.68
20.29	1.70	110.71
20.30	1.70	110.71
20.31	1.70	110.73
20.32	1.70	110.75
20.33	1.70	110.73
20.34	1.70	110.73
20.35	1.70	110.76
20.36	1.71	110.80
20.37	1.71	110.83
20.38	1.71	110.84
20.39	1.71	110.86
20.40	1.71	110.89
20.41	1.71	110.92
20.42	1.71	110.94
20.43	1.71	110.96
20.44	1.71	110.97
20.45	1.71	110.96
20.46	1.71	110.97
20.47	1.71	111.01
20.48	1.72	111.01
20.49	1.72	110.99
20.50	1.72	111.02
20.51	1.72	111.03
20.52	1.72	111.05
20.53	1.72	111.04
20.54	1.72	111.05
20.55	1.72	111.09
20.56	1.72	111.11
20.57	1.72	111.11
20.58	1.72	111.14
20.59	1.72	111.18
20.60	1.73	111.17
20.61	1.73	111.17
20.62	1.73	111.20
20.63	1.73	111.20
20.64	1.73	111.19
20.65	1.73	111.20
20.66	1.73	111.18
20.67	1.73	111.20
20.68	1.73	111.21
20.69	1.73	111.23
20.70	1.73	111.26
20.71	1.73	111.27
20.72	1.74	111.30
20.73	1.74	111.33
20.74	1.74	111.36
20.75	1.74	111.38
20.76	1.74	111.40
20.77	1.74	111.40
20.78	1.74	111.41
20.79	1.74	111.42
20.80	1.74	111.41
20.81	1.74	111.43
20.82	1.74	111.45
20.83	1.74	111.46
20.84	1.75	111.48
20.85	1.75	111.51
20.86	1.75	111.57
20.87	1.75	111.58
20.88	1.75	111.59
20.89	1.75	111.63
20.90	1.75	111.65
20.91	1.75	111.66
20.92	1.75	111.68
20.93	1.75	111.67
20.94	1.75	111.68
20.95	1.75	111.67
20.96	1.76	111.66
20.97	1.76	111.72
20.98	1.76	111.75
20.99	1.76	111.75
21.00	1.76	111.75
21.01	1.76	111.76
21.02	1.76	111.79
21.03	1.76	111.82
21.04	1.76	111.84
21.05	1.76	111.82
21.06	1.76	111.82
21.07	1.76	111.83
21.08	1.77	111.87
21.09	1.77	111.87
21.10	1.77	111.88
21.11	1.77	111.90
21.12	1.77	111.91
21.13	1.77	111.92
21.14	1.77	111.95
21.15	1.77	111.97
21.16	1.77	111.99
21.17	1.77	112.02
21.18	1.77	112.03
21.19	1.77	112.04
21.20	1.78	112.07
21.21	1.78	112.09
21.22	1.78	112.08
21.23	1.78	112.10
21.24	1.78	112.12
21.25	1.78	112.14
21.26	1.78	112.16
21.27	1.78	112.18
21.28	1.78	112.24
21.29	1.78	112.28
21.30	1.78	112.30
21.31	1.78	112.30
21.32	1.79	112.29
21.33	1.79	112.36
21.34	1.79	112.39
21.35	1.79	112.41
21.36	1.79	112.44
21.37	1.79	112.44
21.38	1.79	112.45
21.39	1.79	112.49
21.40	1.79	112.53
21.41	1.79	112.54
21.42	1.79	112.56
21.43	1.79	112.57
21.44	1.80	112.60
21.45	1.80	112.63
21.46	1.80	112.62
21.47	1.80	112.61
21.48	1.80	112.66
21.49	1.80	112.69
21.50	1.80	112.69
21.51	1.80	112.74
21.52	1.80	112.75
21.53	1.80	112.77
21.54	1.80	112.82
21.55	1.80	112.83
21.56	1.81	112.84
21.57	1.81	112.83
21.58	1.81	112.84
21.59	1.81	112.89
21.60	1.81	112.91
21.61	1.81	112.90
21.62	1.81	112.88
21.63	1.81	112.92
21.64	1.81	112.96
21.65	1.81	112.97
21.66	1.81	113.00
21.67	1.81	113.03
21.68	1.82	113.04
21.69	1.82	113.07
21.70	1.82	113.09
21.71	1.82	113.10
21.72	1.82	113.11
21.73	1.82	113.12
21.74	1.82	113.15
21.75	1.82	113.17
21.76	1.82	113.18
21.77	1.82	113.21
21.78	1.82	113.24
21.79	1.82	113.22
21.80	1.83	113.23
21.81	1.83	113.28
21.82	1.83	113.30
21.83	1.83	113.32
21.84	1.83	113.36
21.85	1.83	113.37
21.86	1.83	113.39
21.87	1.83	113.42
21.88	1.83	113.43
21.89	1.83	113.45
21.90	1.83	113.46
21.91	1.83	113.47
21.92	1.84	113.51
21.93	1.84	113.56
21.94	1.84	113.57
21.95	1.84	113.58
21.96	1.84	113.58
21.97	1.84	113.60
21.98	1.84	113.63
21.99	1.84	113.70
22.00	1.84	113.73
22.01	1.84	113.75
22.02	1.84	113.77
22.03	1.84	113.79
22.04	1.85	113.80
22.05	1.85	113.77
22.06	1.85	113.79
22.07	1.85	113.84
22.08	1.85	113.88
22.09	1.85	113.90
22.10	1.85	113.94
22.11	1.85	113.98
22.12	1.85	113.99
22.13	1.85	113.99
22.14	1.85	114.02
22.15	1.85	114.05
22.16	1.86	114.06
22.17	1.86	114.06
22.18	1.86	114.08
22.19	1.86	114.12
22.20	1.86	114.14
22.21	1.86	114.14
22.22	1.86	114.14
22.23	1.86	114.16
22.24	1.86	114.20
22.25	1.86	114.22
22.26	1.86	114.25
22.27	1.86	114.28
22.28	1.87	114.27
22.29	1.87	114.25
22.30	1.87	114.25
22.31	1.87	114.28
22.32	1.87	114.28
22.33	1.87	114.30
22.34	1.87	114.32
22.35	1.87	114.30
22.36	1.87	114.34
22.37	1.87	114.37
22.38	1.87	114.39
22.39	1.87	114.43
22.40	1.88	114.47
22.41	1.88	114.48
22.42	1.88	114.49
22.43	1.88	114.52
22.44	1.88	114.57
22.45	1.88	114.60
22.46	1.88	114.60
22.47	1.88	114.58
22.48	1.88	114.58
22.49	1.88	114.58
22.50	1.88	114.58
22.51	1.88	114.62
22.52	1.89	114.65
22.53	1.89	114.67
22.54	1.89	114.71
22.55	1.89	114.70
22.56	1.89	114.72
22.57	1.89	114.78
22.58	1.89	114.82
22.59	1.89	114.82
22.60	1.89	114.85
22.61	1.89	114.87
22.62	1.89	114.88
22.63	1.89	114.91
22.64	1.90	114.92
22.65	1.90	114.91
22.66	1.90	114.88
22.67	1.90	114.88
22.68	1.90	114.88
22.69	1.90	114.90
22.70	1.90	114.93
22.71	1.90	114.96
22.72	1.90	114.99
22.73	1.90	115.00
22.74	1.90	115.01
22.75	1.90	115.02
22.76	1.91	115.05
22.77	1.91	115.05
22.78	1.91	115.05
22.79	1.91	115.05
22.80	1.91	115.07
22.81	1.91	115.10
22.82	1.91	115.09
22.83	1.91	115.10
22.84	1.91	115.13
22.85	1.91	115.13
22.86	1.91	115.12
22.87	1.91	115.14
22.88	1.92	115.17
22.89	1.92	115.20
22.90	1.92	115.20
22.91	1.92	115.23
22.92	1.92	115.24
22.93	1.92	115.24
22.94	1.92	115.25
22.95	1.92	115.26
22.96	1.92	115.27
22.97	1.92	115.29
22.98	1.92	115.31
22.99	1.92	115.32
23.00	1.93	115.35
23.01	1.93	115.38
23.02	1.93	115.42
23.03	1.93	115.45
23.04	1.93	115.47
23.05	1.93	115.50
23.06	1.93	115.53
23.07	1.93	115.52
23.08	1.93	115.50
23.09	1.93	115.51
23.10	1.93	115.53
23.11	1.93	115.56
23.12	1.94	115.58
23.13	1.94	115.59
23.14	1.94	115.61
23.15	1.94	115.63
23.16	1.94	115.66
23.17	1.94	115.71
23.18	1.94	115.71
23.19	1.94	115.72
23.20	1.94	115.76
23.21	1.94	115.81
23.22	1.94	115.81
23.23	1.94	115.84
23.24	1.95	115.88
23.25	1.95	115.90
23.26	1.95	115.90
23.27	1.95	115.91
23.28	1.95	115.95
23.29	1.95	115.97
23.30	1.95	115.95
23.31	1.95	115.96
23.32	1.95	116.00
23.33	1.95	116.01
23.34	1.95	116.01
23.35	1.95	116.03
23.36	1.96	116.07
23.37	1.96	116.12
23.38	1.96	116.16
23.39	1.96	116.18
23.40	1.96	116.19
23.41	1.96	116.21
23.42	1.96	116.22
23.43	1.96	116.22
23.44	1.96	116.23
23.45	1.96	116.26
23.46	1.96	116.29
23.47	1.96	116.31
23.48	1.97	116.35
23.49	1.97	116.40
23.50	1.97	116.43
23.51	1.97	116.45
23.52	1.97	116.45
23.53	1.97	116.45
23.54	1.97	116.47
23.55	1.97	116.48
23.56	1.97	116.51
23.57	1.97	116.52
23.58	1.97	116.51
23.59	1.97	116.56
23.60	1.98	116.64
23.61	1.98	116.66
23.62	1.98	116.67
23.63	1.98	116.69
23.64	1.98	116.73
23.65	1.98	116.78
23.66	1.98	116.81
23.67	1.98	116.83
23.68	1.98	116.88
23.69	1.98	116.89
23.70	1.98	116.92
23.71	1.98	116.96
23.72	1.99	116.97
23.73	1.99	117.00
23.74	1.99	117.04
23.75	1.99	117.07
23.76	1.99	117.09
23.77	1.99	117.12
23.78	1.99	117.10
23.79	1.99	117.11
23.80	1.99	117.15
23.81	1.99	117.19
23.82	1.99	117.24
23.83	1.99	117.25
23.84	2.00	117.27
23.85	2.00	117.28
23.86	2.00	117.31
23.87	2.00	117.35
23.88	2.00	117.37
23.89	2.00	117.38
23.90	2.00	117.39
23.91	2.00	117.43
23.92	2.00	117.46
23.93	2.00	117.48
23.94	2.00	117.53
23.95	2.00	117.52
23.96	2.01	117.55
23.97	2.01	117.60
23.98	2.01	117.63
23.99	2.01	117.65
24.00	2.01	117.65
24.01	2.01	117.70
24.02	2.01	117.74
24.03	2.01	117.74
24.04	2.01	117.73
24.05	2.01	117.71
24.06	2.01	117.73
24.07	2.01	117.76
24.08	2.02	117.77
24.09	2.02	117.79
24.10	2.02	117.84
24.11	2.02	117.89
24.12	2.02	117.90
24.13	2.02	117.92
24.14	2.02	117.94
24.15	2.02	117.96
24.16	2.02	118.00
24.17	2.02	118.03
24.18	2.02	118.04
24.19	2.02	118.06
24.20	2.03	118.09
24.21	2.03	118.11
24.22	2.03	118.14
24.23	2.03	118.16
24.24	2.03	118.18
24.25	2.03	118.24
24.26	2.03	118.29
24.27	2.03	118.33
24.28	2.03	118.34
24.29	2.03	118.35
24.30	2.03	118.41
24.31	2.03	118.43
24.32	2.04	118.44
24.33	2.04	118.46
24.34	2.04	118.51
24.35	2.04	118.53
24.36	2.04	118.52
24.37	2.04	118.52
24.38	2.04	118.53
24.39	2.04	118.53
24.40	2.04	118.57
24.41	2.04	118.62
24.42	2.04	118.66
24.43	2.04	118.69
24.44	2.05	118.70
24.45	2.05	118.72
24.46	2.05	118.75
24.47	2.05	118.75
24.48	2.05	118.75
24.49	2.05	118.76
24.50	2.05	118.79
24.51	2.05	118.82
24.52	2.05	118.80
24.53	2.05	118.83
24.54	2.05	118.87
24.55	2.05	118.90
24.56	2.06	118.93
24.57	2.06	118.94
24.58	2.06	118.97
24.59	2.06	119.02
24.60	2.06	119.05
24.61	2.06	119.04
24.62	2.06	119.05
24.63	2.06	119.07
24.64	2.06	119.03
24.65	2.06	119.03
24.66	2.06	119.08
24.67	2.06	119.11
24.68	2.07	119.12
24.69	2.07	119.11
24.70	2.07	119.10
24.71	2.07	119.13
24.72	2.07	119.17
24.73	2.07	119.17
24.74	2.07	119.21
24.75	2.07	119.22
24.76	2.07	119.22
24.77	2.07	119.26
24.78	2.07	119.28
24.79	2.07	119.27
24.80	2.08	119.30
24.81	2.08	119.32
24.82	2.08	119.31
24.83	2.08	119.30
24.84	2.08	119.35
24.85	2.08	119.39
24.86	2.08	119.39
24.87	2.08	119.42
24.88	2.08	119.45
24.89	2.08	119.47
24.90	2.08	119.50
24.91	2.08	119.51
24.92	2.09	119.52
24.93	2.09	119.57
24.94	2.09	119.56
24.95	2.09	119.55
24.96	2.09	119.60
24.97	2.09	119.62
24.98	2.09	119.61
24.99	2.09	119.61
25.00	2.09	119.63
25.01	2.09	119.66
25.02	2.09	119.64
25.03	2.09	119.66
25.04	2.10	119.72
25.05	2.10	119.74
25.06	2.10	119.70
25.07	2.10	119.70
25.08	2.10	119.75
25.09	2.10	119.77
25.10	2.10	119.76
25.11	2.10	119.74
25.12	2.10	119.76
25.13	2.10	119.79
25.14	2.10	119.81
25.15	2.10	119.82
25.16	2.11	119.83
25.17	2.11	119.87
25.18	2.11	119.91
25.19	2.11	119.93
25.20	2.11	119.93
25.21	2.11	119.94
25.22	2.11	119.97
25.23	2.11	120.00
25.24	2.11	120.02
25.25	2.11	120.02
25.26	2.11	120.04
25.27	2.11	120.05
25.28	2.12	120.04
25.29	2.12	120.06
25.30	2.12	120.10
25.31	2.12	120.11
25.32	2.12	120.13
25.33	2.12	120.17
25.34	2.12	120.21
25.35	2.12	120.23
25.36	2.12	120.25
25.37	2.12	120.24
25.38	2.12	120.26
25.39	2.12	120.30
25.40	2.13	120.30
25.41	2.13	120.29
25.42	2.13	120.31
25.43	2.13	120.35
25.44	2.13	120.35
25.45	2.13	120.37
25.46	2.13	120.42
25.47	2.13	120.44
25.48	2.13	120.47
25.49	2.13	120.51
25.50	2.13	120.55
25.51	2.13	120.56
25.52	2.14	120.58
25.53	2.14	120.60
25.54	2.14	120.63
25.55	2.14	120.66
25.56	2.14	120.70
25.57	2.14	120.72
25.58	2.14	120.69
25.59	2.14	120.70
25.60	2.14	120.74
25.61	2.14	120.77
25.62	2.14	120.78
25.63	2.14	120.81
25.64	2.15	120.84
25.65	2.15	120.84
25.66	2.15	120.87
25.67	2.15	120.93
25.68	2.15	120.96
25.69	2.15	120.97
25.70	2.15	120.95
25.71	2.15	120.94
25.72	2.15	120.93
25.73	2.15	120.97
25.74	2.15	120.99
25.75	2.15	120.98
25.76	2.16	121.01
25.77	2.16	121.03
25.78	2.16	121.05
25.79	2.16	121.09
25.80	2.16	121.10
25.81	2.16	121.13
25.82	2.16	121.19
25.83	2.16	121.21
25.84	2.16	121.23
25.85	2.16	121.27
25.86	2.16	121.28
25.87	2.16	121.30
25.88	2.17	121.32
25.89	2.17	121.32
25.90	2.17	121.33
25.91	2.17	121.34
25.92	2.17	121.38
25.93	2.17	121.42
25.94	2.17	121.45
25.95	2.17	121.49
25.96	2.17	121.51
25.97	2.17	121.52
25.98	2.17	121.54
25.99	2.17	121.58
26.00	2.18	121.61
26.01	2.18	121.65
26.02	2.18	121.64
26.03	2.18	121.64
26.04	2.18	121.66
26.05	2.18	121.66
26.06	2.18	121.68
26.07	2.18	121.70
26.08	2.18	121.73
26.09	2.18	121.76
26.10	2.18	121.78
26.11	2.18	121.77
26.12	2.19	121.78
26.13	2.19	121.83
26.14	2.19	121.85
26.15	2.19	121.86
26.16	2.19	121.88
26.17	2.19	121.90
26.18	2.19	121.91
26.19	2.19	121.92
26.20	2.19	121.93
26.21	2.19	121.94
26.22	2.19	121.98
26.23	2.19	122.01
26.24	2.20	122.03
26.25	2.20	122.03
26.26	2.20	122.06
26.27	2.20	122.09
26.28	2.20	122.13
26.29	2.20	122.17
26.30	2.20	122.19
26.31	2.20	122.18
26.32	2.20	122.18
26.33	2.20	122.19
26.34	2.20	122.20
26.35	2.20	122.22
26.36	2.21	122.22
26.37	2.21	122.22
26.38	2.21	122.26
26.39	2.21	122.30
26.40	2.21	122.30
26.41	2.21	122.30
26.42	2.21	122.33
26.43	2.21	122.38
26.44	2.21	122.42
26.45	2.21	122.42
26.46	2.21	122.40
26.47	2.21	122.40
26.48	2.22	122.40
26.49	2.22	122.41
26.50	2.22	122.39
26.51	2.22	122.41
26.52	2.22	122.44
26.53	2.22	122.44
26.54	2.22	122.45
26.55	2.22	122.49
26.56	2.22	122.54
26.57	2.22	122.54
26.58	2.22	122.55
26.59	2.22	122.59
26.60	2.23	122.64
26.61	2.23	122.66
26.62	2.23	122.68
26.63	2.23	122.69
26.64	2.23	122.74
26.65	2.23	122.75
26.66	2.23	122.73
26.67	2.23	122.76
26.68	2.23	122.78
26.69	2.23	122.77
26.70	2.23	122.79
26.71	2.23	122.84
26.72	2.24	122.87
26.73	2.24	122.89
26.74	2.24	122.90
26.75	2.24	122.92
26.76	2.24	122.96
26.77	2.24	122.97
26.78	2.24	122.96
26.79	2.24	123.00
26.80	2.24	123.04
26.81	2.24	123.04
26.82	2.24	123.06
26.83	2.24	123.04
26.84	2.25	123.04
26.85	2.25	123.05
26.86	2.25	123.03
26.87	2.25	123.06
26.88	2.25	123.09
26.89	2.25	123.09
26.90	2.25	123.11
26.91	2.25	123.15
26.92	2.25	123.19
26.93	2.25	123.23
26.94	2.25	123.24
26.95	2.25	123.23
26.96	2.26	123.23
26.97	2.26	123.25
26.98	2.26	123.27
26.99	2.26	123.29
27.00	2.26	123.31
27.01	2.26	123.32
27.02	2.26	123.34
27.03	2.26	123.38
27.04	2.26	123.43
27.05	2.26	123.47
27.06	2.26	123.49
27.07	2.26	123.50
27.08	2.27	123.53
27.09	2.27	123.54
27.10	2.27	123.56
27.11	2.27	123.59
27.12	2.27	123.61
27.13	2.27	123.63
27.14	2.27	123.65
27.15	2.27	123.65
27.16	2.27	123.71
27.17	2.27	123.74
27.18	2.27	123.77
27.19	2.27	123.78
27.20	2.28	123.81
27.21	2.28	123.88
27.22	2.28	123.87
27.23	2.28	123.90
27.24	2.28	123.92
27.25	2.28	123.90
27.26	2.28	123.91
27.27	2.28	123.93
27.28	2.28	123.96
27.29	2.28	123.96
27.30	2.28	123.96
27.31	2.28	124.00
27.32	2.29	124.03
27.33	2.29	124.05
27.34	2.29	124.08
27.35	2.29	124.13
27.36	2.29	124.15
27.37	2.29	124.17
27.38	2.29	124.20
27.39	2.29	124.23
27.40	2.29	124.23
27.41	2.29	124.24
27.42	2.29	124.27
27.43	2.29	124.27
27.44	2.30	124.29
27.45	2.30	124.31
27.46	2.30	124.33
27.47	2.30	124.38
27.48	2.30	124.40
27.49	2.30	124.40
27.50	2.30	124.42
27.51	2.30	124.45
27.52	2.30	124.49
27.53	2.30	124.54
27.54	2.30	124.58
27.55	2.30	124.56
27.56	2.31	124.55
27.57	2.31	124.58
27.58	2.31	124.58
27.59	2.31	124.58
27.60	2.31	124.60
27.61	2.31	124.62
27.62	2.31	124.63
27.63	2.31	124.64
27.64	2.31	124.68
27.65	2.31	124.70
27.66	2.31	124.71
27.67	2.31	124.77
27.68	2.32	124.79
27.69	2.32	124.81
27.70	2.32	124.87
27.71	2.32	124.87
27.72	2.32	124.88
27.73	2.32	124.93
27.74	2.32	124.92
27.75	2.32	124.92
27.76	2.32	124.96
27.77	2.32	124.97
27.78	2.32	124.99
27.79	2.32	125.04
27.80	2.33	125.07
27.81	2.33	125.07
27.82	2.33	125.11
27.83	2.33	125.16
27.84	2.33	125.20
27.85	2.33	125.21
27.86	2.33	125.25
27.87	2.33	125.28
27.88	2.33	125.29
27.89	2.33	125.29
27.90	2.33	125.30
27.91	2.33	125.32
27.92	2.34	125.33
27.93	2.34	125.36
27.94	2.34	125.40
27.95	2.34	125.44
27.96	2.34	125.43
27.97	2.34	125.41
27.98	2.34	125.41
27.99	2.34	125.46
28.00	2.34	125.50
28.01	2.34	125.48
28.02	2.34	125.49
28.03	2.34	125.51
28.04	2.35	125.53
28.05	2.35	125.54
28.06	2.35	125.56
28.07	2.35	125.57
28.08	2.35	125.59
28.09	2.35	125.63
28.10	2.35	125.65
28.11	2.35	125.67
28.12	2.35	125.67
28.13	2.35	125.69
28.14	2.35	125.74
28.15	2.35	125.78
28.16	2.36	125.78
28.17	2.36	125.78
28.18	2.36	125.81
28.19	2.36	125.83
28.20	2.36	125.85
28.21	2.36	125.87
28.22	2.36	125.90
28.23	2.36	125.95
28.24	2.36	125.97
28.25	2.36	126.00
28.26	2.36	126.01
28.27	2.36	126.04
28.28	2.37	126.11
28.29	2.37	126.16
28.30	2.37	126.17
28.31	2.37	126.19
28.32	2.37	126.23
28.33	2.37	126.26
28.34	2.37	126.28
28.35	2.37	126.25
28.36	2.37	126.24
28.37	2.37	126.28
28.38	2.37	126.31
28.39	2.37	126.38
28.40	2.38	126.39
28.41	2.38	126.40
28.42	2.38	126.44
28.43	2.38	126.46
28.44	2.38	126.51
28.45	2.38	126.57
28.46	2.38	126.58
28.47	2.38	126.58
28.48	2.38	126.60
28.49	2.38	126.65
28.50	2.38	126.69
28.51	2.38	126.70
28.52	2.39	126.70
28.53	2.39	126.73
28.54	2.39	126.74
28.55	2.39	126.76
28.56	2.39	126.80
28.57	2.39	126.82
28.58	2.39	126.86
28.59	2.39	126.89
28.60	2.39	126.93
28.61	2.39	126.95
28.62	2.39	126.95
28.63	2.39	126.94
28.64	2.40	126.99
28.65	2.40	127.04
28.66	2.40	127.03
28.67	2.40	127.03
28.68	2.40	127.06
28.69	2.40	127.08
28.70	2.40	127.12
28.71	2.40	127.14
28.72	2.40	127.18
28.73	2.40	127.21
28.74	2.40	127.19
28.75	2.40	127.20
28.76	2.41	127.21
28.77	2.41	127.25
28.78	2.41	127.26
28.79	2.41	127.29
28.80	2.41	127.34
28.81	2.41	127.33
28.82	2.41	127.35
28.83	2.41	127.38
28.84	2.41	127.41
28.85	2.41	127.44
28.86	2.41	127.46
28.87	2.41	127.48
28.88	2.42	127.49
28.89	2.42	127.53
28.90	2.42	127.58
28.91	2.42	127.61
28.92	2.42	127.63
28.93	2.42	127.63
28.94	2.42	127.65
28.95	2.42	127.68
28.96	2.42	127.70
28.97	2.42	127.70
28.98	2.42	127.72
28.99	2.42	127.75
29.00	2.43	127.74
29.01	2.43	127.76
29.02	2.43	127.79
29.03	2.43	127.84
29.04	2.43	127.87
29.05	2.43	127.87
29.06	2.43	127.90
29.07	2.43	127.94
29.08	2.43	127.96
29.09	2.43	127.97
29.10	2.43	127.98
29.11	2.43	128.00
29.12	2.44	128.01
29.13	2.44	128.00
29.14	2.44	127.99
29.15	2.44	127.98
29.16	2.44	127.99
29.17	2.44	128.00
29.18	2.44	128.02
29.19	2.44	128.03
29.20	2.44	128.04
29.21	2.44	128.09
29.22	2.44	128.13
29.23	2.44	128.12
29.24	2.45	128.12
29.25	2.45	128.17
29.26	2.45	128.19
29.27	2.45	128.20
29.28	2.45	128.22
29.29	2.45	128.24
29.30	2.45	128.22
29.31	2.45	128.23
29.32	2.45	128.26
29.33	2.45	128.27
29.34	2.45	128.30
29.35	2.45	128.33
29.36	2.46	128.37
29.37	2.46	128.38
29.38	2.46	128.40
29.39	2.46	128.42
29.40	2.46	128.44
29.41	2.46	128.48
29.42	2.46	128.50
29.43	2.46	128.49
29.44	2.46	128.48
29.45	2.46	128.49
29.46	2.46	128.48
29.47	2.46	128.52
29.48	2.47	128.56
29.49	2.47	128.57
29.50	2.47	128.60
29.51	2.47	128.63
29.52	2.47	128.65
29.53	2.47	128.69
29.54	2.47	128.72
29.55	2.47	128.70
29.56	2.47	128.68
29.57	2.47	128.70
29.58	2.47	128.72
29.59	2.47	128.73
29.60	2.48	128.73
29.61	2.48	128.76
29.62	2.48	128.77
29.63	2.48	128.77
29.64	2.48	128.81
29.65	2.48	128.84
29.66	2.48	128.87
29.67	2.48	128.88
29.68	2.48	128.90
29.69	2.48	128.93
29.70	2.48	128.97
29.71	2.48	128.98
29.72	2.49	128.98
29.73	2.49	128.99
29.74	2.49	129.00
29.75	2.49	129.02
29.76	2.49	129.05
29.77	2.49	129.05
29.78	2.49	129.05
29.79	2.49	129.06
29.80	2.49	129.09
29.81	2.49	129.11
29.82	2.49	129.15
29.83	2.49	129.16
29.84	2.50	129.15
29.85	2.50	129.21
29.86	2.50	129.23
29.87	2.50	129.21
29.88	2.50	129.23
29.89	2.50	129.23
29.90	2.50	129.24
29.91	2.50	129.27
29.92	2.50	129.28
29.93	2.50	129.31
29.94	2.50	129.32
29.95	2.50	129.33
29.96	2.51	129.34
29.97	2.51	129.37
29.98	2.51	129.38
29.99	2.51	129.39
30.00	2.51	129.40
30.01	2.51	129.41
30.02	2.51	129.41
30.03	2.51	129.42
30.04	2.51	129.44
30.05	2.51	129.45
30.06	2.51	129.48
30.07	2.51	129.47
30.08	2.52	129.48
30.09	2.52	129.51
30.10	2.52	129.52
30.11	2.52	129.54
30.12	2.52	129.59
30.13	2.52	129.61
30.14	2.52	129.63
30.15	2.52	129.65
30.16	2.52	129.67
30.17	2.52	129.67
30.18	2.52	129.68
30.19	2.52	129.69
30.20	2.53	129.69
30.21	2.53	129.68
30.22	2.53	129.70
30.23	2.53	129.72
30.24	2.53	129.74
30.25	2.53	129.74
30.26	2.53	129.72
30.27	2.53	129.74
30.28	2.53	129.77
30.29	2.53	129.78
30.30	2.53	129.78
30.31	2.53	129.80
30.32	2.54	129.82
30.33	2.54	129.81
30.34	2.54	129.84
30.35	2.54	129.83
30.36	2.54	129.81
30.37	2.54	129.84
30.38	2.54	129.85
30.39	2.54	129.83
30.40	2.54	129.85
30.41	2.54	129.90
30.42	2.54	129.94
30.43	2.54	129.94
30.44	2.55	129.91
30.45	2.55	129.90
30.46	2.55	129.93
30.47	2.55	129.92
30.48	2.55	129.94
30.49	2.55	129.98
30.50	2.55	129.96
30.51	2.55	129.97
30.52	2.55	129.98
30.53	2.55	130.00
30.54	2.55	130.00
30.55	2.55	130.00
30.56	2.56	130.03
30.57	2.56	130.02
30.58	2.56	130.05
30.59	2.56	130.09
30.60	2.56	130.10
30.61	2.56	130.12
30.62	2.56	130.13
30.63	2.56	130.14
30.64	2.56	130.15
30.65	2.56	130.15
30.66	2.56	130.17
30.67	2.56	130.15
30.68	2.57	130.12
30.69	2.57	130.15
30.70	2.57	130.16
30.71	2.57	130.15
30.72	2.57	130.14
30.73	2.57	130.13
30.74	2.57	130.14
30.75	2.57	130.14
30.76	2.57	130.13
30.77	2.57	130.14
30.78	2.57	130.15
30.79	2.57	130.16
30.80	2.58	130.14
30.81	2.58	130.11
30.82	2.58	130.05
30.83	2.58	130.03
30.84	2.58	130.05
30.85	2.58	130.02
30.86	2.58	129.99
30.87	2.58	129.95
30.88	2.58	129.91
30.89	2.58	129.87
30.90	2.58	129.83
30.91	2.58	129.80
30.92	2.59	129.76
30.93	2.59	129.69
30.94	2.59	129.61
30.95	2.59	129.54
30.96	2.59	129.47
30.97	2.59	129.40
30.98	2.59	129.31
30.99	2.59	129.21
31.00	2.59	129.10
31.01	2.59	128.97
31.02	2.59	128.84
31.03	2.59	128.68
31.04	2.60	128.49
31.05	2.60	128.28
31.06	2.60	128.02
31.07	2.60	127.69
31.08	2.60	127.32
31.09	2.60	126.77
31.10	2.60	125.92
31.11	2.60	115.21
31.12	2.60	54.18
