0.01	0.01	0.06
0.02	0.01	0.07
0.03	0.01	0.08
0.04	0.01	0.08
0.05	0.01	0.08
0.06	0.01	0.07
0.07	0.01	0.07
0.08	0.02	0.08
0.09	0.02	0.08
0.10	0.02	0.08
0.11	0.02	0.06
0.12	0.02	0.07
0.13	0.02	0.09
0.14	0.02	0.10
0.15	0.02	0.11
0.16	0.02	0.11
0.17	0.02	0.09
0.18	0.02	0.09
0.19	0.02	0.09
0.20	0.03	0.08
0.21	0.03	0.09
0.22	0.03	0.10
0.23	0.03	0.12
0.24	0.03	0.13
0.25	0.03	0.12
0.26	0.03	0.11
0.27	0.03	0.12
0.28	0.03	0.10
0.29	0.03	0.11
0.30	0.03	0.09
0.31	0.03	0.10
0.32	0.04	0.12
0.33	0.04	0.13
0.34	0.04	0.14
0.35	0.04	0.14
0.36	0.04	0.14
0.37	0.04	0.11
0.38	0.04	0.11
0.39	0.04	0.15
0.40	0.04	0.13
0.41	0.04	0.12
0.42	0.04	0.13
0.43	0.04	0.12
0.44	0.05	0.11
0.45	0.05	0.14
0.46	0.05	0.14
0.47	0.05	0.13
0.48	0.05	0.12
0.49	0.05	0.13
0.50	0.05	0.14
0.51	0.05	0.12
0.52	0.05	0.10
0.53	0.05	0.13
0.54	0.05	0.13
0.55	0.05	0.13
0.56	0.06	0.14
0.57	0.06	0.13
0.58	0.06	0.13
0.59	0.06	0.13
0.60	0.06	0.13
0.61	0.06	0.13
0.62	0.06	0.14
0.63	0.06	0.12
0.64	0.06	0.12
0.65	0.06	0.13
0.66	0.06	0.12
0.67	0.06	0.13
0.68	0.07	0.13
0.69	0.07	0.14
0.70	0.07	0.16
0.71	0.07	0.15
0.72	0.07	0.15
0.73	0.07	0.17
0.74	0.07	0.15
0.75	0.07	0.13
0.76	0.07	0.15
0.77	0.07	0.16
0.78	0.07	0.14
0.79	0.07	0.14
0.80	0.08	0.15
0.81	0.08	0.15
0.82	0.08	0.15
0.83	0.08	0.15
0.84	0.08	0.15
0.85	0.08	0.16
0.86	0.08	0.16
0.87	0.08	0.14
0.88	0.08	0.16
0.89	0.08	0.16
0.90	0.08	0.13
0.91	0.08	0.13
0.92	0.09	0.16
0.93	0.09	0.17
0.94	0.09	0.16
0.95	0.09	0.16
0.96	0.09	0.15
0.97	0.09	0.16
0.98	0.09	0.17
0.99	0.09	0.18
1.00	0.09	0.20
1.01	0.09	0.20
1.02	0.09	0.20
1.03	0.09	0.23
1.04	0.10	0.21
1.05	0.10	0.21
1.06	0.10	0.22
1.07	0.10	0.22
1.08	0.10	0.22
1.09	0.10	0.23
1.10	0.10	0.20
1.11	0.10	0.19
1.12	0.10	0.24
1.13	0.10	0.25
1.14	0.10	0.23
1.15	0.10	0.24
1.16	0.11	0.25
1.17	0.11	0.24
1.18	0.11	0.25
1.19	0.11	0.33
1.20	0.11	0.37
1.21	0.11	0.36
1.22	0.11	0.32
1.23	0.11	0.28
1.24	0.11	0.30
1.25	0.11	0.31
1.26	0.11	0.34
1.27	0.11	0.34
1.28	0.12	0.34
1.29	0.12	0.36
1.30	0.12	0.38
1.31	0.12	0.41
1.32	0.12	0.43
1.33	0.12	0.44
1.34	0.12	0.42
1.35	0.12	0.41
1.36	0.12	0.44
1.37	0.12	0.47
1.38	0.12	0.51
1.39	0.12	0.54
1.40	0.13	0.53
1.41	0.13	0.53
1.42	0.13	0.59
1.43	0.13	0.63
1.44	0.13	0.65
1.45	0.13	0.66
1.46	0.13	0.65
1.47	0.13	0.65
1.48	0.13	0.65
1.49	0.13	0.67
1.50	0.13	0.71
1.51	0.13	0.72
1.52	0.14	0.74
1.53	0.14	0.79
1.54	0.14	0.86
1.55	0.14	0.90
1.56	0.14	0.97
1.57	0.14	1.09
1.58	0.14	1.25
1.59	0.14	1.42
1.60	0.14	1.54
1.61	0.14	1.62
1.62	0.14	1.71
1.63	0.14	1.86
1.64	0.15	2.02
1.65	0.15	2.22
1.66	0.15	2.45
1.67	0.15	2.67
1.68	0.15	2.85
1.69	0.15	2.99
1.70	0.15	3.20
1.71	0.15	3.45
1.72	0.15	3.69
1.73	0.15	3.95
1.74	0.15	4.21
1.75	0.15	4.50
1.76	0.16	4.80
1.77	0.16	5.07
1.78	0.16	5.35
1.79	0.16	5.63
1.80	0.16	5.85
1.81	0.16	6.00
1.82	0.16	6.08
1.83	0.16	6.11
1.84	0.16	6.20
1.85	0.16	6.39
1.86	0.16	6.62
1.87	0.16	6.85
1.88	0.17	7.03
1.89	0.17	7.14
1.90	0.17	7.21
1.91	0.17	7.32
1.92	0.17	7.51
1.93	0.17	7.72
1.94	0.17	7.89
1.95	0.17	8.07
1.96	0.17	8.27
1.97	0.17	8.40
1.98	0.17	8.56
1.99	0.17	8.73
2.00	0.18	8.92
2.01	0.18	9.14
2.02	0.18	9.33
2.03	0.18	9.56
2.04	0.18	9.79
2.05	0.18	9.99
2.06	0.18	10.17
2.07	0.18	10.37
2.08	0.18	10.59
2.09	0.18	10.76
2.10	0.18	10.83
2.11	0.18	10.88
2.12	0.19	10.96
2.13	0.19	11.05
2.14	0.19	11.13
2.15	0.19	11.23
2.16	0.19	11.35
2.17	0.19	11.45
2.18	0.19	11.52
2.19	0.19	11.63
2.20	0.19	11.74
2.21	0.19	11.84
2.22	0.19	11.98
2.23	0.19	12.09
2.24	0.20	12.22
2.25	0.20	12.38
2.26	0.20	12.51
2.27	0.20	12.62
2.28	0.20	12.73
2.29	0.20	12.87
2.30	0.20	12.98
2.31	0.20	13.09
2.32	0.20	13.20
2.33	0.20	13.30
2.34	0.20	13.35
2.35	0.20	13.23
2.36	0.21	12.93
2.37	0.21	12.33
2.38	0.21	11.94
2.39	0.21	12.18
2.40	0.21	12.69
2.41	0.21	13.13
2.42	0.21	13.44
2.43	0.21	13.56
2.44	0.21	13.41
2.45	0.21	13.34
2.46	0.21	13.53
2.47	0.21	13.61
2.48	0.22	13.52
2.49	0.22	13.52
2.50	0.22	13.59
2.51	0.22	13.62
2.52	0.22	13.61
2.53	0.22	13.67
2.54	0.22	13.67
2.55	0.22	13.66
2.56	0.22	13.69
2.57	0.22	13.70
2.58	0.22	13.74
2.59	0.22	13.75
2.60	0.23	13.72
2.61	0.23	13.73
2.62	0.23	13.72
2.63	0.23	13.73
2.64	0.23	13.72
2.65	0.23	13.71
2.66	0.23	13.71
2.67	0.23	13.71
2.68	0.23	13.72
2.69	0.23	13.70
2.70	0.23	13.70
2.71	0.23	13.72
2.72	0.24	13.73
2.73	0.24	13.71
2.74	0.24	13.71
2.75	0.24	13.72
2.76	0.24	13.72
2.77	0.24	13.74
2.78	0.24	13.75
2.79	0.24	13.74
2.80	0.24	13.72
2.81	0.24	13.72
2.82	0.24	13.72
2.83	0.24	13.72
2.84	0.25	13.72
2.85	0.25	13.69
2.86	0.25	13.70
2.87	0.25	13.73
2.88	0.25	13.71
2.89	0.25	13.69
2.90	0.25	13.69
2.91	0.25	13.69
2.92	0.25	13.70
2.93	0.25	13.69
2.94	0.25	13.69
2.95	0.25	13.71
2.96	0.26	13.71
2.97	0.26	13.70
2.98	0.26	13.71
2.99	0.26	13.69
3.00	0.26	13.70
3.01	0.26	13.71
3.02	0.26	13.72
3.03	0.26	13.74
3.04	0.26	13.74
3.05	0.26	13.78
3.06	0.26	13.77
3.07	0.26	13.74
3.08	0.27	13.76
3.09	0.27	13.75
3.10	0.27	13.73
3.11	0.27	13.74
3.12	0.27	13.76
3.13	0.27	13.76
3.14	0.27	13.76
3.15	0.27	13.75
3.16	0.27	13.73
3.17	0.27	13.75
3.18	0.27	13.76
3.19	0.27	13.74
3.20	0.28	13.73
3.21	0.28	13.75
3.22	0.28	13.76
3.23	0.28	13.74
3.24	0.28	13.77
3.25	0.28	13.78
3.26	0.28	13.76
3.27	0.28	13.75
3.28	0.28	13.76
3.29	0.28	13.76
3.30	0.28	13.74
3.31	0.28	13.77
3.32	0.29	13.79
3.33	0.29	13.80
3.34	0.29	13.81
3.35	0.29	13.82
3.36	0.29	13.83
3.37	0.29	13.85
3.38	0.29	13.88
3.39	0.29	13.91
3.40	0.29	14.02
3.41	0.29	14.24
3.42	0.29	14.48
3.43	0.29	14.64
3.44	0.30	14.45
3.45	0.30	14.29
3.46	0.30	14.48
3.47	0.30	14.51
3.48	0.30	14.51
3.49	0.30	14.44
3.50	0.30	14.29
3.51	0.30	14.38
3.52	0.30	14.34
3.53	0.30	14.31
3.54	0.30	14.43
3.55	0.30	14.31
3.56	0.31	14.32
3.57	0.31	14.36
3.58	0.31	14.28
3.59	0.31	14.37
3.60	0.31	14.30
3.61	0.31	14.31
3.62	0.31	14.40
3.63	0.31	14.38
3.64	0.31	14.44
3.65	0.31	14.43
3.66	0.31	14.46
3.67	0.31	14.44
3.68	0.32	14.43
3.69	0.32	14.50
3.70	0.32	14.48
3.71	0.32	14.50
3.72	0.32	14.51
3.73	0.32	14.52
3.74	0.32	14.54
3.75	0.32	14.54
3.76	0.32	14.60
3.77	0.32	14.58
3.78	0.32	14.58
3.79	0.32	14.64
3.80	0.33	14.66
3.81	0.33	14.64
3.82	0.33	14.62
3.83	0.33	14.62
3.84	0.33	14.61
3.85	0.33	14.62
3.86	0.33	14.61
3.87	0.33	14.62
3.88	0.33	14.64
3.89	0.33	14.63
3.90	0.33	14.66
3.91	0.33	14.69
3.92	0.34	14.70
3.93	0.34	14.68
3.94	0.34	14.65
3.95	0.34	14.64
3.96	0.34	14.63
3.97	0.34	14.65
3.98	0.34	14.62
3.99	0.34	14.63
4.00	0.34	14.65
4.01	0.34	14.62
4.02	0.34	14.65
4.03	0.34	14.66
4.04	0.35	14.66
4.05	0.35	14.69
4.06	0.35	14.65
4.07	0.35	14.64
4.08	0.35	14.62
4.09	0.35	14.57
4.10	0.35	14.59
4.11	0.35	14.61
4.12	0.35	14.61
4.13	0.35	14.63
4.14	0.35	14.61
4.15	0.35	14.61
4.16	0.36	14.64
4.17	0.36	14.63
4.18	0.36	14.64
4.19	0.36	14.66
4.20	0.36	14.61
4.21	0.36	14.60
4.22	0.36	14.61
4.23	0.36	14.60
4.24	0.36	14.63
4.25	0.36	14.63
4.26	0.36	14.65
4.27	0.36	14.71
4.28	0.37	14.73
4.29	0.37	14.70
4.30	0.37	14.69
4.31	0.37	14.70
4.32	0.37	14.67
4.33	0.37	14.65
4.34	0.37	14.65
4.35	0.37	14.64
4.36	0.37	14.62
4.37	0.37	14.65
4.38	0.37	14.63
4.39	0.37	14.62
4.40	0.38	14.70
4.41	0.38	14.68
4.42	0.38	14.70
4.43	0.38	14.73
4.44	0.38	14.68
4.45	0.38	14.66
4.46	0.38	14.67
4.47	0.38	14.63
4.48	0.38	14.62
4.49	0.38	14.64
4.50	0.38	14.64
4.51	0.38	14.65
4.52	0.39	14.67
4.53	0.39	14.66
4.54	0.39	14.69
4.55	0.39	14.73
4.56	0.39	14.72
4.57	0.39	14.68
4.58	0.39	14.70
4.59	0.39	14.67
4.60	0.39	14.63
4.61	0.39	14.66
4.62	0.39	14.65
4.63	0.39	14.65
4.64	0.40	14.66
4.65	0.40	14.68
4.66	0.40	14.69
4.67	0.40	14.73
4.68	0.40	14.73
4.69	0.40	14.69
4.70	0.40	14.72
4.71	0.40	14.72
4.72	0.40	14.66
4.73	0.40	14.64
4.74	0.40	14.66
4.75	0.40	14.65
4.76	0.41	14.65
4.77	0.41	14.70
4.78	0.41	14.69
4.79	0.41	14.70
4.80	0.41	14.72
4.81	0.41	14.71
4.82	0.41	14.71
4.83	0.41	14.70
4.84	0.41	14.68
4.85	0.41	14.67
4.86	0.41	14.68
4.87	0.41	14.65
4.88	0.42	14.66
4.89	0.42	14.70
4.90	0.42	14.69
4.91	0.42	14.71
4.92	0.42	14.71
4.93	0.42	14.71
4.94	0.42	14.73
4.95	0.42	14.72
4.96	0.42	14.69
4.97	0.42	14.66
4.98	0.42	14.68
4.99	0.42	14.70
5.00	0.43	14.66
5.01	0.43	14.70
5.02	0.43	14.73
5.03	0.43	14.71
5.04	0.43	14.71
5.05	0.43	14.74
5.06	0.43	14.75
5.07	0.43	14.72
5.08	0.43	14.70
5.09	0.43	14.65
5.10	0.43	14.68
5.11	0.43	14.69
5.12	0.44	14.66
5.13	0.44	14.67
5.14	0.44	14.67
5.15	0.44	14.70
5.16	0.44	14.73
5.17	0.44	14.73
5.18	0.44	14.71
5.19	0.44	14.72
5.20	0.44	14.73
5.21	0.44	14.69
5.22	0.44	14.69
5.23	0.44	14.68
5.24	0.45	14.63
5.25	0.45	14.61
5.26	0.45	14.66
5.27	0.45	14.69
5.28	0.45	14.68
5.29	0.45	14.72
5.30	0.45	14.71
5.31	0.45	14.70
5.32	0.45	14.72
5.33	0.45	14.68
5.34	0.45	14.69
5.35	0.45	14.70
5.36	0.46	14.66
5.37	0.46	14.66
5.38	0.46	14.66
5.39	0.46	14.65
5.40	0.46	14.65
5.41	0.46	14.69
5.42	0.46	14.72
5.43	0.46	14.72
5.44	0.46	14.73
5.45	0.46	14.75
5.46	0.46	14.74
5.47	0.46	14.71
5.48	0.47	14.70
5.49	0.47	14.70
5.50	0.47	14.70
5.51	0.47	14.68
5.52	0.47	14.67
5.53	0.47	14.70
5.54	0.47	14.72
5.55	0.47	14.70
5.56	0.47	14.73
5.57	0.47	14.77
5.58	0.47	14.74
5.59	0.47	14.73
5.60	0.48	14.73
5.61	0.48	14.71
5.62	0.48	14.69
5.63	0.48	14.65
5.64	0.48	14.65
5.65	0.48	14.67
5.66	0.48	14.67
5.67	0.48	14.69
5.68	0.48	14.72
5.69	0.48	14.74
5.70	0.48	14.73
5.71	0.48	14.69
5.72	0.49	14.71
5.73	0.49	14.69
5.74	0.49	14.69
5.75	0.49	14.70
5.76	0.49	14.68
5.77	0.49	14.68
5.78	0.49	14.72
5.79	0.49	14.73
5.80	0.49	14.71
5.81	0.49	14.74
5.82	0.49	14.71
5.83	0.49	14.69
5.84	0.50	14.72
5.85	0.50	14.71
5.86	0.50	14.70
5.87	0.50	14.72
5.88	0.50	14.71
5.89	0.50	14.68
5.90	0.50	14.71
5.91	0.50	14.71
5.92	0.50	14.73
5.93	0.50	14.78
5.94	0.50	14.76
5.95	0.50	14.75
5.96	0.51	14.76
5.97	0.51	14.74
5.98	0.51	14.71
5.99	0.51	14.69
6.00	0.51	14.69
6.01	0.51	14.68
6.02	0.51	14.71
6.03	0.51	14.73
6.04	0.51	14.72
6.05	0.51	14.75
6.06	0.51	14.75
6.07	0.51	14.74
6.08	0.52	14.75
6.09	0.52	14.74
6.10	0.52	14.74
6.11	0.52	14.74
6.12	0.52	14.71
6.13	0.52	14.68
6.14	0.52	14.72
6.15	0.52	14.75
6.16	0.52	14.73
6.17	0.52	14.74
6.18	0.52	14.76
6.19	0.52	14.77
6.20	0.53	14.79
6.21	0.53	14.79
6.22	0.53	14.77
6.23	0.53	14.78
6.24	0.53	14.74
6.25	0.53	14.71
6.26	0.53	14.73
6.27	0.53	14.72
6.28	0.53	14.73
6.29	0.53	14.77
6.30	0.53	14.79
6.31	0.53	14.78
6.32	0.54	14.80
6.33	0.54	14.81
6.34	0.54	14.79
6.35	0.54	14.79
6.36	0.54	14.76
6.37	0.54	14.74
6.38	0.54	14.72
6.39	0.54	14.70
6.40	0.54	14.74
6.41	0.54	14.75
6.42	0.54	14.79
6.43	0.54	14.81
6.44	0.55	14.81
6.45	0.55	14.86
6.46	0.55	14.87
6.47	0.55	14.86
6.48	0.55	14.85
6.49	0.55	14.85
6.50	0.55	14.83
6.51	0.55	14.79
6.52	0.55	14.82
6.53	0.55	14.81
6.54	0.55	14.80
6.55	0.55	14.82
6.56	0.56	14.86
6.57	0.56	14.88
6.58	0.56	14.86
6.59	0.56	14.84
6.60	0.56	14.82
6.61	0.56	14.82
6.62	0.56	14.81
6.63	0.56	14.78
6.64	0.56	14.81
6.65	0.56	14.82
6.66	0.56	14.80
6.67	0.56	14.83
6.68	0.57	14.86
6.69	0.57	14.86
6.70	0.57	14.86
6.71	0.57	14.85
6.72	0.57	14.81
6.73	0.57	14.81
6.74	0.57	14.79
6.75	0.57	14.74
6.76	0.57	14.76
6.77	0.57	14.78
6.78	0.57	14.78
6.79	0.57	14.77
6.80	0.58	14.81
6.81	0.58	14.83
6.82	0.58	14.83
6.83	0.58	14.84
6.84	0.58	14.81
6.85	0.58	14.82
6.86	0.58	14.82
6.87	0.58	14.76
6.88	0.58	14.75
6.89	0.58	14.77
6.90	0.58	14.75
6.91	0.58	14.76
6.92	0.59	14.81
6.93	0.59	14.80
6.94	0.59	14.82
6.95	0.59	14.84
6.96	0.59	14.81
6.97	0.59	14.81
6.98	0.59	14.78
6.99	0.59	14.76
7.00	0.59	14.75
7.01	0.59	14.74
7.02	0.59	14.75
7.03	0.59	14.74
7.04	0.60	14.78
7.05	0.60	14.78
7.06	0.60	14.77
7.07	0.60	14.80
7.08	0.60	14.84
7.09	0.60	14.83
7.10	0.60	14.79
7.11	0.60	14.81
7.12	0.60	14.79
7.13	0.60	14.78
7.14	0.60	14.79
7.15	0.60	14.75
7.16	0.61	14.78
7.17	0.61	14.82
7.18	0.61	14.79
7.19	0.61	14.79
7.20	0.61	14.82
7.21	0.61	14.81
7.22	0.61	14.80
7.23	0.61	14.78
7.24	0.61	14.78
7.25	0.61	14.81
7.26	0.61	14.78
7.27	0.61	14.76
7.28	0.62	14.78
7.29	0.62	14.81
7.30	0.62	14.79
7.31	0.62	14.80
7.32	0.62	14.83
7.33	0.62	14.82
7.34	0.62	14.82
7.35	0.62	14.81
7.36	0.62	14.81
7.37	0.62	14.82
7.38	0.62	14.82
7.39	0.62	14.82
7.40	0.63	14.82
7.41	0.63	14.82
7.42	0.63	14.83
7.43	0.63	14.85
7.44	0.63	14.85
7.45	0.63	14.82
7.46	0.63	14.82
7.47	0.63	14.82
7.48	0.63	14.84
7.49	0.63	14.86
7.50	0.63	14.84
7.51	0.63	14.82
7.52	0.64	14.83
7.53	0.64	14.84
7.54	0.64	14.82
7.55	0.64	14.86
7.56	0.64	14.89
7.57	0.64	14.85
7.58	0.64	14.90
7.59	0.64	14.91
7.60	0.64	14.89
7.61	0.64	14.90
7.62	0.64	14.90
7.63	0.64	14.90
7.64	0.65	14.92
7.65	0.65	14.93
7.66	0.65	14.93
7.67	0.65	14.96
7.68	0.65	15.00
7.69	0.65	15.00
7.70	0.65	15.02
7.71	0.65	15.01
7.72	0.65	15.01
7.73	0.65	14.99
7.74	0.65	14.98
7.75	0.65	14.99
7.76	0.66	14.97
7.77	0.66	14.99
7.78	0.66	14.99
7.79	0.66	15.01
7.80	0.66	15.01
7.81	0.66	15.02
7.82	0.66	15.07
7.83	0.66	15.06
7.84	0.66	15.04
7.85	0.66	15.03
7.86	0.66	15.05
7.87	0.66	15.05
7.88	0.67	15.01
7.89	0.67	15.03
7.90	0.67	15.04
7.91	0.67	15.04
7.92	0.67	15.06
7.93	0.67	15.07
7.94	0.67	15.09
7.95	0.67	15.09
7.96	0.67	15.13
7.97	0.67	15.17
7.98	0.67	15.19
7.99	0.67	15.20
8.00	0.68	15.19
8.01	0.68	15.20
8.02	0.68	15.23
8.03	0.68	15.25
8.04	0.68	15.27
8.05	0.68	15.29
8.06	0.68	15.33
8.07	0.68	15.33
8.08	0.68	15.35
8.09	0.68	15.39
8.10	0.68	15.41
8.11	0.68	15.42
8.12	0.69	15.45
8.13	0.69	15.48
8.14	0.69	15.52
8.15	0.69	15.57
8.16	0.69	15.60
8.17	0.69	15.64
8.18	0.69	15.67
8.19	0.69	15.70
8.20	0.69	15.71
8.21	0.69	15.74
8.22	0.69	15.79
8.23	0.69	15.82
8.24	0.70	15.88
8.25	0.70	15.91
8.26	0.70	15.92
8.27	0.70	15.96
8.28	0.70	16.03
8.29	0.70	16.07
8.30	0.70	16.11
8.31	0.70	16.16
8.32	0.70	16.19
8.33	0.70	16.25
8.34	0.70	16.29
8.35	0.70	16.29
8.36	0.71	16.30
8.37	0.71	16.33
8.38	0.71	16.35
8.39	0.71	16.37
8.40	0.71	16.39
8.41	0.71	16.42
8.42	0.71	16.43
8.43	0.71	16.44
8.44	0.71	16.46
8.45	0.71	16.49
8.46	0.71	16.51
8.47	0.71	16.50
8.48	0.72	16.50
8.49	0.72	16.52
8.50	0.72	16.55
8.51	0.72	16.55
8.52	0.72	16.54
8.53	0.72	16.54
8.54	0.72	16.57
8.55	0.72	16.59
8.56	0.72	16.58
8.57	0.72	16.58
8.58	0.72	16.60
8.59	0.72	16.61
8.60	0.73	16.62
8.61	0.73	16.63
8.62	0.73	16.62
8.63	0.73	16.61
8.64	0.73	16.62
8.65	0.73	16.62
8.66	0.73	16.60
8.67	0.73	16.62
8.68	0.73	16.63
8.69	0.73	16.62
8.70	0.73	16.65
8.71	0.73	16.67
8.72	0.74	16.67
8.73	0.74	16.67
8.74	0.74	16.69
8.75	0.74	16.72
8.76	0.74	16.72
8.77	0.74	16.72
8.78	0.74	16.74
8.79	0.74	16.75
8.80	0.74	16.72
8.81	0.74	16.74
8.82	0.74	16.74
8.83	0.74	16.73
8.84	0.75	16.76
8.85	0.75	16.81
8.86	0.75	16.83
8.87	0.75	16.83
8.88	0.75	16.86
8.89	0.75	16.87
8.90	0.75	16.89
8.91	0.75	16.90
8.92	0.75	16.92
8.93	0.75	16.92
8.94	0.75	16.91
8.95	0.75	16.93
8.96	0.76	16.93
8.97	0.76	16.94
8.98	0.76	16.94
8.99	0.76	16.94
9.00	0.76	16.96
9.01	0.76	16.96
9.02	0.76	16.97
9.03	0.76	16.96
9.04	0.76	16.95
9.05	0.76	16.96
9.06	0.76	16.97
9.07	0.76	16.97
9.08	0.77	16.96
9.09	0.77	16.97
9.10	0.77	16.97
9.11	0.77	16.97
9.12	0.77	16.99
9.13	0.77	16.99
9.14	0.77	16.98
9.15	0.77	16.99
9.16	0.77	16.99
9.17	0.77	16.99
9.18	0.77	17.00
9.19	0.77	17.01
9.20	0.78	16.96
9.21	0.78	16.98
9.22	0.78	17.01
9.23	0.78	16.99
9.24	0.78	17.00
9.25	0.78	17.00
9.26	0.78	17.00
9.27	0.78	17.01
9.28	0.78	17.02
9.29	0.78	17.04
9.30	0.78	17.05
9.31	0.78	17.05
9.32	0.79	17.06
9.33	0.79	17.04
9.34	0.79	17.02
9.35	0.79	17.02
9.36	0.79	17.04
9.37	0.79	17.05
9.38	0.79	17.04
9.39	0.79	17.03
9.40	0.79	17.05
9.41	0.79	17.07
9.42	0.79	17.03
9.43	0.79	17.02
9.44	0.80	17.06
9.45	0.80	17.08
9.46	0.80	17.08
9.47	0.80	17.09
9.48	0.80	17.07
9.49	0.80	17.06
9.50	0.80	17.08
9.51	0.80	17.07
9.52	0.80	17.07
9.53	0.80	17.09
9.54	0.80	17.10
9.55	0.80	17.10
9.56	0.81	17.11
9.57	0.81	17.11
9.58	0.81	17.11
9.59	0.81	17.13
9.60	0.81	17.10
9.61	0.81	17.11
9.62	0.81	17.14
9.63	0.81	17.14
9.64	0.81	17.16
9.65	0.81	17.19
9.66	0.81	17.21
9.67	0.81	17.21
9.68	0.82	17.20
9.69	0.82	17.22
9.70	0.82	17.24
9.71	0.82	17.23
9.72	0.82	17.23
9.73	0.82	17.25
9.74	0.82	17.25
9.75	0.82	17.25
9.76	0.82	17.28
9.77	0.82	17.29
9.78	0.82	17.31
9.79	0.82	17.33
9.80	0.83	17.33
9.81	0.83	17.34
9.82	0.83	17.34
9.83	0.83	17.35
9.84	0.83	17.35
9.85	0.83	17.38
9.86	0.83	17.38
9.87	0.83	17.36
9.88	0.83	17.40
9.89	0.83	17.44
9.90	0.83	17.43
9.91	0.83	17.42
9.92	0.84	17.45
9.93	0.84	17.47
9.94	0.84	17.46
9.95	0.84	17.48
9.96	0.84	17.48
9.97	0.84	17.47
9.98	0.84	17.49
9.99	0.84	17.50
10.00	0.84	17.49
10.01	0.84	17.46
10.02	0.84	17.48
10.03	0.84	17.49
10.04	0.85	17.49
10.05	0.85	17.50
10.06	0.85	17.51
10.07	0.85	17.51
10.08	0.85	17.51
10.09	0.85	17.51
10.10	0.85	17.54
10.11	0.85	17.55
10.12	0.85	17.54
10.13	0.85	17.56
10.14	0.85	17.60
10.15	0.85	17.60
10.16	0.86	17.60
10.17	0.86	17.62
10.18	0.86	17.61
10.19	0.86	17.61
10.20	0.86	17.64
10.21	0.86	17.62
10.22	0.86	17.62
10.23	0.86	17.64
10.24	0.86	17.66
10.25	0.86	17.69
10.26	0.86	17.72
10.27	0.86	17.71
10.28	0.87	17.70
10.29	0.87	17.71
10.30	0.87	17.69
10.31	0.87	17.68
10.32	0.87	17.69
10.33	0.87	17.71
10.34	0.87	17.72
10.35	0.87	17.72
10.36	0.87	17.74
10.37	0.87	17.77
10.38	0.87	17.77
10.39	0.87	17.77
10.40	0.88	17.76
10.41	0.88	17.79
10.42	0.88	17.80
10.43	0.88	17.80
10.44	0.88	17.78
10.45	0.88	17.79
10.46	0.88	17.82
10.47	0.88	17.83
10.48	0.88	17.79
10.49	0.88	17.79
10.50	0.88	17.82
10.51	0.88	17.85
10.52	0.89	17.87
10.53	0.89	17.90
10.54	0.89	17.90
10.55	0.89	17.92
10.56	0.89	17.95
10.57	0.89	17.95
10.58	0.89	17.95
10.59	0.89	17.93
10.60	0.89	17.94
10.61	0.89	17.94
10.62	0.89	17.96
10.63	0.89	17.97
10.64	0.90	17.96
10.65	0.90	17.97
10.66	0.90	17.95
10.67	0.90	17.96
10.68	0.90	17.98
10.69	0.90	17.98
10.70	0.90	17.97
10.71	0.90	17.97
10.72	0.90	18.01
10.73	0.90	18.01
10.74	0.90	18.02
10.75	0.90	18.04
10.76	0.91	18.02
10.77	0.91	18.03
10.78	0.91	18.04
10.79	0.91	18.07
10.80	0.91	18.10
10.81	0.91	18.15
10.82	0.91	18.18
10.83	0.91	18.20
10.84	0.91	18.19
10.85	0.91	18.18
10.86	0.91	18.20
10.87	0.91	18.20
10.88	0.92	18.24
10.89	0.92	18.29
10.90	0.92	18.29
10.91	0.92	18.31
10.92	0.92	18.33
10.93	0.92	18.33
10.94	0.92	18.34
10.95	0.92	18.37
10.96	0.92	18.39
10.97	0.92	18.40
10.98	0.92	18.41
10.99	0.92	18.40
11.00	0.93	18.42
11.01	0.93	18.44
11.02	0.93	18.46
11.03	0.93	18.51
11.04	0.93	18.56
11.05	0.93	18.61
11.06	0.93	18.71
11.07	0.93	18.82
11.08	0.93	18.90
11.09	0.93	18.93
11.10	0.93	18.97
11.11	0.93	19.02
11.12	0.94	19.05
11.13	0.94	19.08
11.14	0.94	19.13
11.15	0.94	19.20
11.16	0.94	19.28
11.17	0.94	19.34
11.18	0.94	19.39
11.19	0.94	19.43
11.20	0.94	19.45
11.21	0.94	19.50
11.22	0.94	19.55
11.23	0.94	19.60
11.24	0.95	19.68
11.25	0.95	19.75
11.26	0.95	19.81
11.27	0.95	19.88
11.28	0.95	19.96
11.29	0.95	20.05
11.30	0.95	20.14
11.31	0.95	20.26
11.32	0.95	20.40
11.33	0.95	20.50
11.34	0.95	20.58
11.35	0.95	20.70
11.36	0.96	20.80
11.37	0.96	20.94
11.38	0.96	21.09
11.39	0.96	21.21
11.40	0.96	21.42
11.41	0.96	21.61
11.42	0.96	21.74
11.43	0.96	21.89
11.44	0.96	22.04
11.45	0.96	22.17
11.46	0.96	22.28
11.47	0.96	22.38
11.48	0.97	22.47
11.49	0.97	22.62
11.50	0.97	22.79
11.51	0.97	22.94
11.52	0.97	23.12
11.53	0.97	23.28
11.54	0.97	23.46
11.55	0.97	23.63
11.56	0.97	23.83
11.57	0.97	24.05
11.58	0.97	24.25
11.59	0.97	24.46
11.60	0.98	24.64
11.61	0.98	24.82
11.62	0.98	25.03
11.63	0.98	25.25
11.64	0.98	25.47
11.65	0.98	25.71
11.66	0.98	25.95
11.67	0.98	26.15
11.68	0.98	26.37
11.69	0.98	26.61
11.70	0.98	26.87
11.71	0.99	27.11
11.72	0.99	27.32
11.73	0.99	27.54
11.74	0.99	27.79
11.75	0.99	28.00
11.76	0.99	28.22
11.77	0.99	28.49
11.78	0.99	28.74
11.79	0.99	28.99
11.80	0.99	29.28
11.81	0.99	29.54
11.82	0.99	29.81
11.83	0.99	30.10
11.84	1.00	30.38
11.85	1.00	30.66
11.86	1.00	30.90
11.87	1.00	31.17
11.88	1.00	31.43
11.89	1.00	31.69
11.90	1.00	31.98
11.91	1.00	32.23
11.92	1.00	32.47
11.93	1.00	32.76
11.94	1.00	33.08
11.95	1.00	33.37
11.96	1.01	33.64
11.97	1.01	33.96
11.98	1.01	34.25
11.99	1.01	34.53
12.00	1.01	34.82
12.01	1.01	35.11
12.02	1.01	35.40
12.03	1.01	35.68
12.04	1.01	35.95
12.05	1.01	36.23
12.06	1.01	36.50
12.07	1.01	36.78
12.08	1.02	37.08
12.09	1.02	37.35
12.10	1.02	37.62
12.11	1.02	37.90
12.12	1.02	38.19
12.13	1.02	38.50
12.14	1.02	38.79
12.15	1.02	39.07
12.16	1.02	39.38
12.17	1.02	39.68
12.18	1.02	39.95
12.19	1.02	40.22
12.20	1.03	40.52
12.21	1.03	40.79
12.22	1.03	41.06
12.23	1.03	41.34
12.24	1.03	41.60
12.25	1.03	41.89
12.26	1.03	42.15
12.27	1.03	42.42
12.28	1.03	42.73
12.29	1.03	43.05
12.30	1.03	43.37
12.31	1.03	43.65
12.32	1.04	43.92
12.33	1.04	44.19
12.34	1.04	44.47
12.35	1.04	44.77
12.36	1.04	45.03
12.37	1.04	45.30
12.38	1.04	45.59
12.39	1.04	45.86
12.40	1.04	46.14
12.41	1.04	46.42
12.42	1.04	46.70
12.43	1.04	46.94
12.44	1.05	47.23
12.45	1.05	47.56
12.46	1.05	47.86
12.47	1.05	48.11
12.48	1.05	48.38
12.49	1.05	48.66
12.50	1.05	48.91
12.51	1.05	49.17
12.52	1.05	49.46
12.53	1.05	49.74
12.54	1.05	49.97
12.55	1.05	50.21
12.56	1.06	50.47
12.57	1.06	50.75
12.58	1.06	51.02
12.59	1.06	51.28
12.60	1.06	51.59
12.61	1.06	51.85
12.62	1.06	52.12
12.63	1.06	52.40
12.64	1.06	52.67
12.65	1.06	52.93
12.66	1.06	53.17
12.67	1.06	53.44
12.68	1.07	53.72
12.69	1.07	53.97
12.70	1.07	54.22
12.71	1.07	54.48
12.72	1.07	54.76
12.73	1.07	55.05
12.74	1.07	55.33
12.75	1.07	55.58
12.76	1.07	55.84
12.77	1.07	56.14
12.78	1.07	56.44
12.79	1.07	56.72
12.80	1.08	56.96
12.81	1.08	57.20
12.82	1.08	57.47
12.83	1.08	57.73
12.84	1.08	57.98
12.85	1.08	58.22
12.86	1.08	58.49
12.87	1.08	58.76
12.88	1.08	58.99
12.89	1.08	59.24
12.90	1.08	59.51
12.91	1.08	59.79
12.92	1.09	60.05
12.93	1.09	60.31
12.94	1.09	60.58
12.95	1.09	60.85
12.96	1.09	61.09
12.97	1.09	61.31
12.98	1.09	61.56
12.99	1.09	61.81
13.00	1.09	62.06
13.01	1.09	62.30
13.02	1.09	62.53
13.03	1.09	62.79
13.04	1.10	63.03
13.05	1.10	63.28
13.06	1.10	63.50
13.07	1.10	63.76
13.08	1.10	64.03
13.09	1.10	64.26
13.10	1.10	64.54
13.11	1.10	64.77
13.12	1.10	65.01
13.13	1.10	65.26
13.14	1.10	65.49
13.15	1.10	65.72
13.16	1.11	65.98
13.17	1.11	66.24
13.18	1.11	66.47
13.19	1.11	66.70
13.20	1.11	66.98
13.21	1.11	67.25
13.22	1.11	67.49
13.23	1.11	67.72
13.24	1.11	67.95
13.25	1.11	68.22
13.26	1.11	68.48
13.27	1.11	68.72
13.28	1.12	69.00
13.29	1.12	69.24
13.30	1.12	69.46
13.31	1.12	69.69
13.32	1.12	69.91
13.33	1.12	70.17
13.34	1.12	70.41
13.35	1.12	70.66
13.36	1.12	70.92
13.37	1.12	71.16
13.38	1.12	71.41
13.39	1.12	71.64
13.40	1.13	71.89
13.41	1.13	72.15
13.42	1.13	72.40
13.43	1.13	72.66
13.44	1.13	72.90
13.45	1.13	73.10
13.46	1.13	73.31
13.47	1.13	73.55
13.48	1.13	73.79
13.49	1.13	74.01
13.50	1.13	74.27
13.51	1.13	74.49
13.52	1.14	74.73
13.53	1.14	74.97
13.54	1.14	75.20
13.55	1.14	75.43
13.56	1.14	75.67
13.57	1.14	75.91
13.58	1.14	76.14
13.59	1.14	76.36
13.60	1.14	76.57
13.61	1.14	76.79
13.62	1.14	77.01
13.63	1.14	77.22
13.64	1.15	77.46
13.65	1.15	77.68
13.66	1.15	77.89
13.67	1.15	78.15
13.68	1.15	78.39
13.69	1.15	78.60
13.70	1.15	78.83
13.71	1.15	79.09
13.72	1.15	79.32
13.73	1.15	79.53
13.74	1.15	79.73
13.75	1.15	79.94
13.76	1.16	80.14
13.77	1.16	80.36
13.78	1.16	80.59
13.79	1.16	80.81
13.80	1.16	81.03
13.81	1.16	81.25
13.82	1.16	81.48
13.83	1.16	81.70
13.84	1.16	81.92
13.85	1.16	82.14
13.86	1.16	82.37
13.87	1.16	82.60
13.88	1.17	82.84
13.89	1.17	83.09
13.90	1.17	83.29
13.91	1.17	83.47
13.92	1.17	83.67
13.93	1.17	83.91
13.94	1.17	84.15
13.95	1.17	84.38
13.96	1.17	84.59
13.97	1.17	84.78
13.98	1.17	84.97
13.99	1.17	85.20
14.00	1.18	85.47
14.01	1.18	85.72
14.02	1.18	85.94
14.03	1.18	86.16
14.04	1.18	86.37
14.05	1.18	86.59
14.06	1.18	86.82
14.07	1.18	87.03
14.08	1.18	87.23
14.09	1.18	87.43
14.10	1.18	87.66
14.11	1.18	87.85
14.12	1.19	88.04
14.13	1.19	88.30
14.14	1.19	88.54
14.15	1.19	88.74
14.16	1.19	88.98
14.17	1.19	89.22
14.18	1.19	89.45
14.19	1.19	89.64
14.20	1.19	89.82
14.21	1.19	90.00
14.22	1.19	90.21
14.23	1.19	90.43
14.24	1.20	90.63
14.25	1.20	90.82
14.26	1.20	91.03
14.27	1.20	91.25
14.28	1.20	91.43
14.29	1.20	91.67
14.30	1.20	91.90
14.31	1.20	92.09
14.32	1.20	92.29
14.33	1.20	92.50
14.34	1.20	92.74
14.35	1.20	92.94
14.36	1.21	93.10
14.37	1.21	93.31
14.38	1.21	93.53
14.39	1.21	93.74
14.40	1.21	93.93
14.41	1.21	94.11
14.42	1.21	94.35
14.43	1.21	94.57
14.44	1.21	94.76
14.45	1.21	94.97
14.46	1.21	95.22
14.47	1.21	95.44
14.48	1.22	95.64
14.49	1.22	95.85
14.50	1.22	96.06
14.51	1.22	96.27
14.52	1.22	96.44
14.53	1.22	96.63
14.54	1.22	96.85
14.55	1.22	97.06
14.56	1.22	97.25
14.57	1.22	97.45
14.58	1.22	97.67
14.59	1.22	97.88
14.60	1.23	98.08
14.61	1.23	98.30
14.62	1.23	98.53
14.63	1.23	98.73
14.64	1.23	98.93
14.65	1.23	99.12
14.66	1.23	99.31
14.67	1.23	99.53
14.68	1.23	99.72
14.69	1.23	99.91
14.70	1.23	100.10
14.71	1.23	100.27
14.72	1.24	100.44
14.73	1.24	100.65
14.74	1.24	100.87
14.75	1.24	101.04
14.76	1.24	101.22
14.77	1.24	101.44
14.78	1.24	101.65
14.79	1.24	101.85
14.80	1.24	102.05
14.81	1.24	102.23
14.82	1.24	102.41
14.83	1.24	102.60
14.84	1.25	102.80
14.85	1.25	102.99
14.86	1.25	103.17
14.87	1.25	103.36
14.88	1.25	103.55
14.89	1.25	103.74
14.90	1.25	103.93
14.91	1.25	104.11
14.92	1.25	104.33
14.93	1.25	104.55
14.94	1.25	104.74
14.95	1.25	104.92
14.96	1.26	105.08
14.97	1.26	105.27
14.98	1.26	105.45
14.99	1.26	105.62
15.00	1.26	105.81
15.01	1.26	106.01
15.02	1.26	106.20
15.03	1.26	106.39
15.04	1.26	106.60
15.05	1.26	106.80
15.06	1.26	106.97
15.07	1.26	107.15
15.08	1.27	107.38
15.09	1.27	107.58
15.10	1.27	107.76
15.11	1.27	107.95
15.12	1.27	108.15
15.13	1.27	108.31
15.14	1.27	108.45
15.15	1.27	108.65
15.16	1.27	108.84
15.17	1.27	109.00
15.18	1.27	109.18
15.19	1.27	109.37
15.20	1.28	109.55
15.21	1.28	109.74
15.22	1.28	109.94
15.23	1.28	110.16
15.24	1.28	110.36
15.25	1.28	110.50
15.26	1.28	110.68
15.27	1.28	110.89
15.28	1.28	111.08
15.29	1.28	111.25
15.30	1.28	111.42
15.31	1.28	111.57
15.32	1.29	111.74
15.33	1.29	111.93
15.34	1.29	112.11
15.35	1.29	112.28
15.36	1.29	112.49
15.37	1.29	112.68
15.38	1.29	112.84
15.39	1.29	113.02
15.40	1.29	113.19
15.41	1.29	113.34
15.42	1.29	113.53
15.43	1.29	113.71
15.44	1.30	113.86
15.45	1.30	114.02
15.46	1.30	114.18
15.47	1.30	114.34
15.48	1.30	114.50
15.49	1.30	114.67
15.50	1.30	114.84
15.51	1.30	115.00
15.52	1.30	115.15
15.53	1.30	115.32
15.54	1.30	115.53
15.55	1.30	115.70
15.56	1.31	115.88
15.57	1.31	116.10
15.58	1.31	116.27
15.59	1.31	116.40
15.60	1.31	116.55
15.61	1.31	116.70
15.62	1.31	116.89
15.63	1.31	117.06
15.64	1.31	117.21
15.65	1.31	117.37
15.66	1.31	117.56
15.67	1.31	117.73
15.68	1.32	117.88
15.69	1.32	118.06
15.70	1.32	118.23
15.71	1.32	118.44
15.72	1.32	118.62
15.73	1.32	118.75
15.74	1.32	118.92
15.75	1.32	119.08
15.76	1.32	119.24
15.77	1.32	119.40
15.78	1.32	119.54
15.79	1.32	119.67
15.80	1.33	119.83
15.81	1.33	120.02
15.82	1.33	120.22
15.83	1.33	120.38
15.84	1.33	120.53
15.85	1.33	120.70
15.86	1.33	120.87
15.87	1.33	121.04
15.88	1.33	121.21
15.89	1.33	121.35
15.90	1.33	121.48
15.91	1.33	121.64
15.92	1.34	121.78
15.93	1.34	121.93
15.94	1.34	122.07
15.95	1.34	122.21
15.96	1.34	122.36
15.97	1.34	122.52
15.98	1.34	122.69
15.99	1.34	122.84
16.00	1.34	122.99
16.01	1.34	123.16
16.02	1.34	123.30
16.03	1.34	123.44
16.04	1.35	123.62
16.05	1.35	123.78
16.06	1.35	123.89
16.07	1.35	124.02
16.08	1.35	124.20
16.09	1.35	124.37
16.10	1.35	124.50
16.11	1.35	124.61
16.12	1.35	124.73
16.13	1.35	124.91
16.14	1.35	125.09
16.15	1.35	125.23
16.16	1.36	125.39
16.17	1.36	125.55
16.18	1.36	125.71
16.19	1.36	125.85
16.20	1.36	125.99
16.21	1.36	126.14
16.22	1.36	126.27
16.23	1.36	126.40
16.24	1.36	126.53
16.25	1.36	126.66
16.26	1.36	126.78
16.27	1.36	126.93
16.28	1.37	127.08
16.29	1.37	127.22
16.30	1.37	127.38
16.31	1.37	127.54
16.32	1.37	127.69
16.33	1.37	127.82
16.34	1.37	127.98
16.35	1.37	128.13
16.36	1.37	128.25
16.37	1.37	128.37
16.38	1.37	128.51
16.39	1.37	128.63
16.40	1.38	128.74
16.41	1.38	128.88
16.42	1.38	129.01
16.43	1.38	129.14
16.44	1.38	129.31
16.45	1.38	129.48
16.46	1.38	129.60
16.47	1.38	129.72
16.48	1.38	129.87
16.49	1.38	130.00
16.50	1.38	130.12
16.51	1.38	130.25
16.52	1.39	130.35
16.53	1.39	130.46
16.54	1.39	130.60
16.55	1.39	130.71
16.56	1.39	130.82
16.57	1.39	130.96
16.58	1.39	131.10
16.59	1.39	131.22
16.60	1.39	131.36
16.61	1.39	131.50
16.62	1.39	131.63
16.63	1.39	131.76
16.64	1.40	131.85
16.65	1.40	132.00
16.66	1.40	132.14
16.67	1.40	132.23
16.68	1.40	132.34
16.69	1.40	132.46
16.70	1.40	132.58
16.71	1.40	132.71
16.72	1.40	132.83
16.73	1.40	132.92
16.74	1.40	133.05
16.75	1.40	133.17
16.76	1.41	133.33
16.77	1.41	133.47
16.78	1.41	133.56
16.79	1.41	133.70
16.80	1.41	133.85
16.81	1.41	133.97
16.82	1.41	134.07
16.83	1.41	134.19
16.84	1.41	134.29
16.85	1.41	134.40
16.86	1.41	134.52
16.87	1.41	134.63
16.88	1.42	134.75
16.89	1.42	134.88
16.90	1.42	135.00
16.91	1.42	135.13
16.92	1.42	135.27
16.93	1.42	135.39
16.94	1.42	135.50
16.95	1.42	135.62
16.96	1.42	135.74
16.97	1.42	135.85
16.98	1.42	135.94
16.99	1.42	136.03
17.00	1.43	136.15
17.01	1.43	136.26
17.02	1.43	136.36
17.03	1.43	136.49
17.04	1.43	136.58
17.05	1.43	136.67
17.06	1.43	136.80
17.07	1.43	136.94
17.08	1.43	137.04
17.09	1.43	137.13
17.10	1.43	137.25
17.11	1.43	137.37
17.12	1.44	137.48
17.13	1.44	137.57
17.14	1.44	137.67
17.15	1.44	137.77
17.16	1.44	137.87
17.17	1.44	137.96
17.18	1.44	138.04
17.19	1.44	138.14
17.20	1.44	138.23
17.21	1.44	138.37
17.22	1.44	138.49
17.23	1.44	138.58
17.24	1.45	138.69
17.25	1.45	138.79
17.26	1.45	138.90
17.27	1.45	139.01
17.28	1.45	139.11
17.29	1.45	139.21
17.30	1.45	139.27
17.31	1.45	139.36
17.32	1.45	139.49
17.33	1.45	139.60
17.34	1.45	139.70
17.35	1.45	139.80
17.36	1.46	139.90
17.37	1.46	140.00
17.38	1.46	140.10
17.39	1.46	140.21
17.40	1.46	140.33
17.41	1.46	140.44
17.42	1.46	140.54
17.43	1.46	140.64
17.44	1.46	140.73
17.45	1.46	140.80
17.46	1.46	140.90
17.47	1.46	141.02
17.48	1.47	141.11
17.49	1.47	141.20
17.50	1.47	141.30
17.51	1.47	141.37
17.52	1.47	141.48
17.53	1.47	141.61
17.54	1.47	141.71
17.55	1.47	141.79
17.56	1.47	141.90
17.57	1.47	142.03
17.58	1.47	142.11
17.59	1.47	142.19
17.60	1.48	142.27
17.61	1.48	142.36
17.62	1.48	142.43
17.63	1.48	142.49
17.64	1.48	142.56
17.65	1.48	142.64
17.66	1.48	142.72
17.67	1.48	142.80
17.68	1.48	142.94
17.69	1.48	143.05
17.70	1.48	143.11
17.71	1.48	143.19
17.72	1.49	143.27
17.73	1.49	143.36
17.74	1.49	143.43
17.75	1.49	143.48
17.76	1.49	143.57
17.77	1.49	143.65
17.78	1.49	143.71
17.79	1.49	143.78
17.80	1.49	143.87
17.81	1.49	143.95
17.82	1.49	144.02
17.83	1.49	144.10
17.84	1.50	144.19
17.85	1.50	144.30
17.86	1.50	144.40
17.87	1.50	144.50
17.88	1.50	144.57
17.89	1.50	144.64
17.90	1.50	144.71
17.91	1.50	144.79
17.92	1.50	144.88
17.93	1.50	144.95
17.94	1.50	145.01
17.95	1.50	145.08
17.96	1.51	145.18
17.97	1.51	145.23
17.98	1.51	145.28
17.99	1.51	145.39
18.00	1.51	145.49
18.01	1.51	145.55
18.02	1.51	145.63
18.03	1.51	145.72
18.04	1.51	145.82
18.05	1.51	145.90
18.06	1.51	145.96
18.07	1.51	146.02
18.08	1.52	146.07
18.09	1.52	146.13
18.10	1.52	146.21
18.11	1.52	146.30
18.12	1.52	146.37
18.13	1.52	146.43
18.14	1.52	146.49
18.15	1.52	146.58
18.16	1.52	146.68
18.17	1.52	146.75
18.18	1.52	146.83
18.19	1.52	146.91
18.20	1.53	146.96
18.21	1.53	147.04
18.22	1.53	147.12
18.23	1.53	147.16
18.24	1.53	147.21
18.25	1.53	147.26
18.26	1.53	147.31
18.27	1.53	147.40
18.28	1.53	147.48
18.29	1.53	147.55
18.30	1.53	147.64
18.31	1.53	147.70
18.32	1.54	147.79
18.33	1.54	147.85
18.34	1.54	147.93
18.35	1.54	148.01
18.36	1.54	148.07
18.37	1.54	148.13
18.38	1.54	148.17
18.39	1.54	148.24
18.40	1.54	148.31
18.41	1.54	148.38
18.42	1.54	148.46
18.43	1.54	148.51
18.44	1.55	148.56
18.45	1.55	148.63
18.46	1.55	148.72
18.47	1.55	148.78
18.48	1.55	148.86
18.49	1.55	148.94
18.50	1.55	148.99
18.51	1.55	149.07
18.52	1.55	149.13
18.53	1.55	149.19
18.54	1.55	149.24
18.55	1.55	149.32
18.56	1.56	149.40
18.57	1.56	149.44
18.58	1.56	149.49
18.59	1.56	149.55
18.60	1.56	149.61
18.61	1.56	149.69
18.62	1.56	149.76
18.63	1.56	149.82
18.64	1.56	149.91
18.65	1.56	150.01
18.66	1.56	150.08
18.67	1.56	150.12
18.68	1.57	150.17
18.69	1.57	150.23
18.70	1.57	150.27
18.71	1.57	150.32
18.72	1.57	150.40
18.73	1.57	150.47
18.74	1.57	150.52
18.75	1.57	150.60
18.76	1.57	150.68
18.77	1.57	150.74
18.78	1.57	150.83
18.79	1.57	150.90
18.80	1.58	150.96
18.81	1.58	151.02
18.82	1.58	151.07
18.83	1.58	151.11
18.84	1.58	151.15
18.85	1.58	151.19
18.86	1.58	151.24
18.87	1.58	151.30
18.88	1.58	151.34
18.89	1.58	151.42
18.90	1.58	151.50
18.91	1.58	151.54
18.92	1.59	151.58
18.93	1.59	151.66
18.94	1.59	151.75
18.95	1.59	151.82
18.96	1.59	151.89
18.97	1.59	151.94
18.98	1.59	151.99
18.99	1.59	152.04
19.00	1.59	152.07
19.01	1.59	152.13
19.02	1.59	152.17
19.03	1.59	152.20
19.04	1.60	152.27
19.05	1.60	152.33
19.06	1.60	152.40
19.07	1.60	152.47
19.08	1.60	152.53
19.09	1.60	152.59
19.10	1.60	152.65
19.11	1.60	152.73
19.12	1.60	152.80
19.13	1.60	152.85
19.14	1.60	152.93
19.15	1.60	152.95
19.16	1.61	152.99
19.17	1.61	153.05
19.18	1.61	153.11
19.19	1.61	153.18
19.20	1.61	153.26
19.21	1.61	153.32
19.22	1.61	153.36
19.23	1.61	153.42
19.24	1.61	153.50
19.25	1.61	153.54
19.26	1.61	153.60
19.27	1.61	153.66
19.28	1.62	153.70
19.29	1.62	153.72
19.30	1.62	153.76
19.31	1.62	153.81
19.32	1.62	153.88
19.33	1.62	153.93
19.34	1.62	153.97
19.35	1.62	154.01
19.36	1.62	154.05
19.37	1.62	154.14
19.38	1.62	154.21
19.39	1.62	154.26
19.40	1.63	154.31
19.41	1.63	154.35
19.42	1.63	154.40
19.43	1.63	154.44
19.44	1.63	154.47
19.45	1.63	154.52
19.46	1.63	154.55
19.47	1.63	154.61
19.48	1.63	154.64
19.49	1.63	154.66
19.50	1.63	154.73
19.51	1.63	154.79
19.52	1.64	154.86
19.53	1.64	154.93
19.54	1.64	154.98
19.55	1.64	155.05
19.56	1.64	155.12
19.57	1.64	155.17
19.58	1.64	155.22
19.59	1.64	155.30
19.60	1.64	155.31
19.61	1.64	155.30
19.62	1.64	155.30
19.63	1.64	155.35
19.64	1.65	155.43
19.65	1.65	155.47
19.66	1.65	155.53
19.67	1.65	155.62
19.68	1.65	155.70
19.69	1.65	155.74
19.70	1.65	155.80
19.71	1.65	155.87
19.72	1.65	155.95
19.73	1.65	156.05
19.74	1.65	156.09
19.75	1.65	156.14
19.76	1.66	156.20
19.77	1.66	156.25
19.78	1.66	156.32
19.79	1.66	156.27
19.80	1.66	156.22
19.81	1.66	156.27
19.82	1.66	156.33
19.83	1.66	156.39
19.84	1.66	156.42
19.85	1.66	156.48
19.86	1.66	156.59
19.87	1.66	156.68
19.88	1.67	156.73
19.89	1.67	156.80
19.90	1.67	156.88
19.91	1.67	156.95
19.92	1.67	157.00
19.93	1.67	157.05
19.94	1.67	157.12
19.95	1.67	157.18
19.96	1.67	157.24
19.97	1.67	157.32
19.98	1.67	157.36
19.99	1.67	157.33
20.00	1.68	157.28
20.01	1.68	157.32
20.02	1.68	157.36
20.03	1.68	157.42
20.04	1.68	157.50
20.05	1.68	157.56
20.06	1.68	157.60
20.07	1.68	157.67
20.08	1.68	157.72
20.09	1.68	157.76
20.10	1.68	157.83
20.11	1.68	157.91
20.12	1.69	157.96
20.13	1.69	158.02
20.14	1.69	158.07
20.15	1.69	158.13
20.16	1.69	158.20
20.17	1.69	158.27
20.18	1.69	158.32
20.19	1.69	158.24
20.20	1.69	158.21
20.21	1.69	158.26
20.22	1.69	158.31
20.23	1.69	158.35
20.24	1.70	158.40
20.25	1.70	158.47
20.26	1.70	158.53
20.27	1.70	158.59
20.28	1.70	158.64
20.29	1.70	158.70
20.30	1.70	158.77
20.31	1.70	158.85
20.32	1.70	158.95
20.33	1.70	159.03
20.34	1.70	159.10
20.35	1.70	159.16
20.36	1.71	159.20
20.37	1.71	159.25
20.38	1.71	159.24
20.39	1.71	159.17
20.40	1.71	159.13
20.41	1.71	159.18
20.42	1.71	159.25
20.43	1.71	159.31
20.44	1.71	159.37
20.45	1.71	159.40
20.46	1.71	159.48
20.47	1.71	159.60
20.48	1.72	159.68
20.49	1.72	159.73
20.50	1.72	159.79
20.51	1.72	159.85
20.52	1.72	159.87
20.53	1.72	159.93
20.54	1.72	160.01
20.55	1.72	160.02
20.56	1.72	160.05
20.57	1.72	160.12
20.58	1.72	160.14
20.59	1.72	160.06
20.60	1.73	159.99
20.61	1.73	160.00
20.62	1.73	160.05
20.63	1.73	160.13
20.64	1.73	160.20
20.65	1.73	160.26
20.66	1.73	160.34
20.67	1.73	160.42
20.68	1.73	160.47
20.69	1.73	160.52
20.70	1.73	160.56
20.71	1.73	160.62
20.72	1.74	160.67
20.73	1.74	160.73
20.74	1.74	160.82
20.75	1.74	160.89
20.76	1.74	160.91
20.77	1.74	160.81
20.78	1.74	160.74
20.79	1.74	160.81
20.80	1.74	160.87
20.81	1.74	160.91
20.82	1.74	160.98
20.83	1.74	161.08
20.84	1.75	161.16
20.85	1.75	161.21
20.86	1.75	161.28
20.87	1.75	161.36
20.88	1.75	161.43
20.89	1.75	161.51
20.90	1.75	161.59
20.91	1.75	161.67
20.92	1.75	161.71
20.93	1.75	161.63
20.94	1.75	161.58
20.95	1.75	161.65
20.96	1.76	161.74
20.97	1.76	161.80
20.98	1.76	161.87
20.99	1.76	161.93
21.00	1.76	162.01
21.01	1.76	162.09
21.02	1.76	162.17
21.03	1.76	162.24
21.04	1.76	162.32
21.05	1.76	162.40
21.06	1.76	162.48
21.07	1.76	162.55
21.08	1.77	162.63
21.09	1.77	162.69
21.10	1.77	162.67
21.11	1.77	162.58
21.12	1.77	162.55
21.13	1.77	162.59
21.14	1.77	162.68
21.15	1.77	162.78
21.16	1.77	162.84
21.17	1.77	162.90
21.18	1.77	162.95
21.19	1.77	163.02
21.20	1.78	163.11
21.21	1.78	163.20
21.22	1.78	163.28
21.23	1.78	163.34
21.24	1.78	163.43
21.25	1.78	163.54
21.26	1.78	163.63
21.27	1.78	163.69
21.28	1.78	163.78
21.29	1.78	163.81
21.30	1.78	163.69
21.31	1.78	163.62
21.32	1.79	163.64
21.33	1.79	163.68
21.34	1.79	163.79
21.35	1.79	163.89
21.36	1.79	163.96
21.37	1.79	164.04
21.38	1.79	164.11
21.39	1.79	164.18
21.40	1.79	164.30
21.41	1.79	164.42
21.42	1.79	164.49
21.43	1.79	164.58
21.44	1.80	164.65
21.45	1.80	164.71
21.46	1.80	164.78
21.47	1.80	164.85
21.48	1.80	164.92
21.49	1.80	164.99
21.50	1.80	164.99
21.51	1.80	164.85
21.52	1.80	164.80
21.53	1.80	164.90
21.54	1.80	164.96
21.55	1.80	165.04
21.56	1.81	165.16
21.57	1.81	165.26
21.58	1.81	165.28
21.59	1.81	165.34
21.60	1.81	165.46
21.61	1.81	165.53
21.62	1.81	165.59
21.63	1.81	165.69
21.64	1.81	165.77
21.65	1.81	165.83
21.66	1.81	165.90
21.67	1.81	165.96
21.68	1.82	166.06
21.69	1.82	166.14
21.70	1.82	166.21
21.71	1.82	166.30
21.72	1.82	166.24
21.73	1.82	166.09
21.74	1.82	166.06
21.75	1.82	166.12
21.76	1.82	166.17
21.77	1.82	166.23
21.78	1.82	166.30
21.79	1.82	166.41
21.80	1.83	166.48
21.81	1.83	166.54
21.82	1.83	166.61
21.83	1.83	166.66
21.84	1.83	166.76
21.85	1.83	166.84
21.86	1.83	166.91
21.87	1.83	167.01
21.88	1.83	167.10
21.89	1.83	167.17
21.90	1.83	167.20
21.91	1.83	167.27
21.92	1.84	167.36
21.93	1.84	167.42
21.94	1.84	167.48
21.95	1.84	167.55
21.96	1.84	167.39
21.97	1.84	167.22
21.98	1.84	167.24
21.99	1.84	167.31
22.00	1.84	167.39
22.01	1.84	167.46
22.02	1.84	167.57
22.03	1.84	167.66
22.04	1.85	167.75
22.05	1.85	167.83
22.06	1.85	167.91
22.07	1.85	167.98
22.08	1.85	168.04
22.09	1.85	168.09
22.10	1.85	168.18
22.11	1.85	168.27
22.12	1.85	168.30
22.13	1.85	168.37
22.14	1.85	168.47
22.15	1.85	168.53
22.16	1.86	168.56
22.17	1.86	168.62
22.18	1.86	168.64
22.19	1.86	168.44
22.20	1.86	168.28
22.21	1.86	168.34
22.22	1.86	168.41
22.23	1.86	168.47
22.24	1.86	168.52
22.25	1.86	168.61
22.26	1.86	168.68
22.27	1.86	168.74
22.28	1.87	168.82
22.29	1.87	168.88
22.30	1.87	168.96
22.31	1.87	169.05
22.32	1.87	169.12
22.33	1.87	169.16
22.34	1.87	169.26
22.35	1.87	169.33
22.36	1.87	169.41
22.37	1.87	169.48
22.38	1.87	169.50
22.39	1.87	169.57
22.40	1.88	169.65
22.41	1.88	169.70
22.42	1.88	169.76
22.43	1.88	169.80
22.44	1.88	169.81
22.45	1.88	169.57
22.46	1.88	169.36
22.47	1.88	169.40
22.48	1.88	169.46
22.49	1.88	169.54
22.50	1.88	169.61
22.51	1.88	169.68
22.52	1.89	169.74
22.53	1.89	169.82
22.54	1.89	169.89
22.55	1.89	169.94
22.56	1.89	169.99
22.57	1.89	170.05
22.58	1.89	170.10
22.59	1.89	170.15
22.60	1.89	170.23
22.61	1.89	170.30
22.62	1.89	170.37
22.63	1.89	170.46
22.64	1.90	170.48
22.65	1.90	170.50
22.66	1.90	170.55
22.67	1.90	170.62
22.68	1.90	170.64
22.69	1.90	170.63
22.70	1.90	170.64
22.71	1.90	170.65
22.72	1.90	170.37
22.73	1.90	170.09
22.74	1.90	170.07
22.75	1.90	170.08
22.76	1.91	170.07
22.77	1.91	170.05
22.78	1.91	170.04
22.79	1.91	170.02
22.80	1.91	169.96
22.81	1.91	169.84
22.82	1.91	169.72
22.83	1.91	169.48
22.84	1.91	156.13
22.85	1.91	73.33
