0.01	0.01	0.54
0.02	0.01	0.59
0.03	0.01	0.65
0.04	0.01	0.67
0.05	0.01	0.70
0.06	0.01	0.75
0.07	0.01	0.82
0.08	0.02	0.85
0.09	0.02	0.89
0.10	0.02	0.92
0.11	0.02	0.97
0.12	0.02	1.02
0.13	0.02	1.04
0.14	0.02	1.07
0.15	0.02	1.09
0.16	0.02	1.11
0.17	0.02	1.15
0.18	0.02	1.18
0.19	0.02	1.21
0.20	0.03	1.27
0.21	0.03	1.34
0.22	0.03	1.38
0.23	0.03	1.44
0.24	0.03	1.49
0.25	0.03	1.54
0.26	0.03	1.59
0.27	0.03	1.62
0.28	0.03	1.66
0.29	0.03	1.75
0.30	0.03	1.86
0.31	0.03	1.92
0.32	0.04	1.96
0.33	0.04	2.04
0.34	0.04	2.09
0.35	0.04	2.13
0.36	0.04	2.17
0.37	0.04	2.23
0.38	0.04	2.30
0.39	0.04	2.37
0.40	0.04	2.40
0.41	0.04	2.46
0.42	0.04	2.52
0.43	0.04	2.57
0.44	0.05	2.66
0.45	0.05	2.72
0.46	0.05	2.78
0.47	0.05	2.82
0.48	0.05	2.86
0.49	0.05	2.92
0.50	0.05	2.96
0.51	0.05	2.99
0.52	0.05	3.07
0.53	0.05	3.16
0.54	0.05	3.25
0.55	0.05	3.33
0.56	0.06	3.41
0.57	0.06	3.49
0.58	0.06	3.59
0.59	0.06	3.67
0.60	0.06	3.72
0.61	0.06	3.81
0.62	0.06	3.90
0.63	0.06	3.98
0.64	0.06	4.09
0.65	0.06	4.20
0.66	0.06	4.30
0.67	0.06	4.41
0.68	0.07	4.56
0.69	0.07	4.69
0.70	0.07	4.81
0.71	0.07	4.95
0.72	0.07	5.08
0.73	0.07	5.21
0.74	0.07	5.28
0.75	0.07	5.36
0.76	0.07	5.45
0.77	0.07	5.56
0.78	0.07	5.70
0.79	0.07	5.80
0.80	0.08	5.92
0.81	0.08	6.10
0.82	0.08	6.25
0.83	0.08	6.39
0.84	0.08	6.55
0.85	0.08	6.68
0.86	0.08	6.76
0.87	0.08	6.86
0.88	0.08	6.97
0.89	0.08	7.05
0.90	0.08	7.16
0.91	0.08	7.28
0.92	0.09	7.43
0.93	0.09	7.58
0.94	0.09	7.69
0.95	0.09	7.80
0.96	0.09	7.93
0.97	0.09	8.01
0.98	0.09	8.05
0.99	0.09	8.09
1.00	0.09	8.13
1.01	0.09	8.18
1.02	0.09	8.30
1.03	0.09	8.47
1.04	0.10	8.63
1.05	0.10	8.79
1.06	0.10	8.94
1.07	0.10	9.07
1.08	0.10	9.20
1.09	0.10	9.26
1.10	0.10	9.31
1.11	0.10	9.39
1.12	0.10	9.42
1.13	0.10	9.47
1.14	0.10	9.58
1.15	0.10	9.70
1.16	0.11	9.80
1.17	0.11	9.90
1.18	0.11	10.03
1.19	0.11	10.13
1.20	0.11	10.21
1.21	0.11	10.19
1.22	0.11	10.10
1.23	0.11	10.03
1.24	0.11	9.98
1.25	0.11	9.99
1.26	0.11	10.08
1.27	0.11	10.15
1.28	0.12	10.15
1.29	0.12	10.17
1.30	0.12	10.20
1.31	0.12	10.22
1.32	0.12	10.25
1.33	0.12	10.28
1.34	0.12	10.28
1.35	0.12	10.27
1.36	0.12	10.26
1.37	0.12	10.26
1.38	0.12	10.26
1.39	0.12	10.30
1.40	0.13	10.31
1.41	0.13	10.27
1.42	0.13	10.26
1.43	0.13	10.26
1.44	0.13	10.24
1.45	0.13	10.22
1.46	0.13	10.23
1.47	0.13	10.22
1.48	0.13	10.20
1.49	0.13	10.20
1.50	0.13	10.18
1.51	0.13	10.19
1.52	0.14	10.24
1.53	0.14	10.25
1.54	0.14	10.25
1.55	0.14	10.26
1.56	0.14	10.23
1.57	0.14	10.24
1.58	0.14	10.24
1.59	0.14	10.24
1.60	0.14	10.24
1.61	0.14	10.26
1.62	0.14	10.27
1.63	0.14	10.27
1.64	0.15	10.30
1.65	0.15	10.33
1.66	0.15	10.30
1.67	0.15	10.31
1.68	0.15	10.35
1.69	0.15	10.34
1.70	0.15	10.34
1.71	0.15	10.31
1.72	0.15	10.26
1.73	0.15	10.25
1.74	0.15	10.24
1.75	0.15	10.24
1.76	0.16	10.28
1.77	0.16	10.30
1.78	0.16	10.30
1.79	0.16	10.31
1.80	0.16	10.33
1.81	0.16	10.34
1.82	0.16	10.33
1.83	0.16	10.32
1.84	0.16	10.30
1.85	0.16	10.28
1.86	0.16	10.27
1.87	0.16	10.27
1.88	0.17	10.28
1.89	0.17	10.31
1.90	0.17	10.34
1.91	0.17	10.38
1.92	0.17	10.38
1.93	0.17	10.40
1.94	0.17	10.41
1.95	0.17	10.41
1.96	0.17	10.41
1.97	0.17	10.40
1.98	0.17	10.39
1.99	0.17	10.35
2.00	0.18	10.35
2.01	0.18	10.37
2.02	0.18	10.37
2.03	0.18	10.41
2.04	0.18	10.47
2.05	0.18	10.51
2.06	0.18	10.49
2.07	0.18	10.47
2.08	0.18	10.48
2.09	0.18	10.47
2.10	0.18	10.47
2.11	0.18	10.48
2.12	0.19	10.49
2.13	0.19	10.50
2.14	0.19	10.55
2.15	0.19	10.56
2.16	0.19	10.57
2.17	0.19	10.67
2.18	0.19	10.79
2.19	0.19	10.91
2.20	0.19	11.04
2.21	0.19	11.18
2.22	0.19	11.28
2.23	0.19	11.29
2.24	0.20	11.29
2.25	0.20	11.28
2.26	0.20	11.26
2.27	0.20	11.26
2.28	0.20	11.25
2.29	0.20	11.28
2.30	0.20	11.29
2.31	0.20	11.29
2.32	0.20	11.29
2.33	0.20	11.27
2.34	0.20	11.25
2.35	0.20	11.25
2.36	0.21	11.25
2.37	0.21	11.25
2.38	0.21	11.26
2.39	0.21	11.23
2.40	0.21	11.26
2.41	0.21	11.28
2.42	0.21	11.26
2.43	0.21	11.26
2.44	0.21	11.29
2.45	0.21	11.30
2.46	0.21	11.32
2.47	0.21	11.34
2.48	0.22	11.34
2.49	0.22	11.30
2.50	0.22	11.28
2.51	0.22	11.27
2.52	0.22	11.27
2.53	0.22	11.27
2.54	0.22	11.27
2.55	0.22	11.27
2.56	0.22	11.27
2.57	0.22	11.28
2.58	0.22	11.29
2.59	0.22	11.29
2.60	0.23	11.27
2.61	0.23	11.27
2.62	0.23	11.29
2.63	0.23	11.28
2.64	0.23	11.26
2.65	0.23	11.26
2.66	0.23	11.26
2.67	0.23	11.29
2.68	0.23	11.29
2.69	0.23	11.28
2.70	0.23	11.27
2.71	0.23	11.28
2.72	0.24	11.30
2.73	0.24	11.27
2.74	0.24	11.27
2.75	0.24	11.27
2.76	0.24	11.27
2.77	0.24	11.27
2.78	0.24	11.29
2.79	0.24	11.29
2.80	0.24	11.27
2.81	0.24	11.28
2.82	0.24	11.28
2.83	0.24	11.29
2.84	0.25	11.26
2.85	0.25	11.27
2.86	0.25	11.29
2.87	0.25	11.28
2.88	0.25	11.28
2.89	0.25	11.28
2.90	0.25	11.27
2.91	0.25	11.26
2.92	0.25	11.26
2.93	0.25	11.25
2.94	0.25	11.28
2.95	0.25	11.31
2.96	0.26	11.30
2.97	0.26	11.27
2.98	0.26	11.25
2.99	0.26	11.25
3.00	0.26	11.26
3.01	0.26	11.26
3.02	0.26	11.26
3.03	0.26	11.28
3.04	0.26	11.28
3.05	0.26	11.29
3.06	0.26	11.30
3.07	0.26	11.29
3.08	0.27	11.29
3.09	0.27	11.30
3.10	0.27	11.27
3.11	0.27	11.28
3.12	0.27	11.29
3.13	0.27	11.28
3.14	0.27	11.29
3.15	0.27	11.29
3.16	0.27	11.28
3.17	0.27	11.26
3.18	0.27	11.28
3.19	0.27	11.30
3.20	0.28	11.31
3.21	0.28	11.31
3.22	0.28	11.27
3.23	0.28	11.28
3.24	0.28	11.29
3.25	0.28	11.26
3.26	0.28	11.27
3.27	0.28	11.27
3.28	0.28	11.29
3.29	0.28	11.30
3.30	0.28	11.30
3.31	0.28	11.32
3.32	0.29	11.32
3.33	0.29	11.31
3.34	0.29	11.27
3.35	0.29	11.28
3.36	0.29	11.29
3.37	0.29	11.28
3.38	0.29	11.29
3.39	0.29	11.27
3.40	0.29	11.27
3.41	0.29	11.28
3.42	0.29	11.27
3.43	0.29	11.28
3.44	0.30	11.30
3.45	0.30	11.29
3.46	0.30	11.28
3.47	0.30	11.31
3.48	0.30	11.30
3.49	0.30	11.28
3.50	0.30	11.30
3.51	0.30	11.28
3.52	0.30	11.26
3.53	0.30	11.26
3.54	0.30	11.28
3.55	0.30	11.29
3.56	0.31	11.29
3.57	0.31	11.32
3.58	0.31	11.33
3.59	0.31	11.33
3.60	0.31	11.31
3.61	0.31	11.30
3.62	0.31	11.27
3.63	0.31	11.27
3.64	0.31	11.25
3.65	0.31	11.26
3.66	0.31	11.31
3.67	0.31	11.29
3.68	0.32	11.27
3.69	0.32	11.29
3.70	0.32	11.31
3.71	0.32	11.33
3.72	0.32	11.32
3.73	0.32	11.31
3.74	0.32	11.29
3.75	0.32	11.29
3.76	0.32	11.27
3.77	0.32	11.27
3.78	0.32	11.30
3.79	0.32	11.30
3.80	0.33	11.29
3.81	0.33	11.27
3.82	0.33	11.28
3.83	0.33	11.30
3.84	0.33	11.28
3.85	0.33	11.29
3.86	0.33	11.30
3.87	0.33	11.29
3.88	0.33	11.26
3.89	0.33	11.27
3.90	0.33	11.28
3.91	0.33	11.27
3.92	0.34	11.28
3.93	0.34	11.28
3.94	0.34	11.27
3.95	0.34	11.30
3.96	0.34	11.31
3.97	0.34	11.31
3.98	0.34	11.30
3.99	0.34	11.30
4.00	0.34	11.28
4.01	0.34	11.26
4.02	0.34	11.26
4.03	0.34	11.28
4.04	0.35	11.29
4.05	0.35	11.30
4.06	0.35	11.31
4.07	0.35	11.30
4.08	0.35	11.31
4.09	0.35	11.31
4.10	0.35	11.30
4.11	0.35	11.30
4.12	0.35	11.27
4.13	0.35	11.26
4.14	0.35	11.28
4.15	0.35	11.30
4.16	0.36	11.31
4.17	0.36	11.28
4.18	0.36	11.28
4.19	0.36	11.28
4.20	0.36	11.30
4.21	0.36	11.31
4.22	0.36	11.32
4.23	0.36	11.33
4.24	0.36	11.31
4.25	0.36	11.28
4.26	0.36	11.27
4.27	0.36	11.28
4.28	0.37	11.28
4.29	0.37	11.28
4.30	0.37	11.28
4.31	0.37	11.29
4.32	0.37	11.28
4.33	0.37	11.29
4.34	0.37	11.31
4.35	0.37	11.31
4.36	0.37	11.31
4.37	0.37	11.29
4.38	0.37	11.27
4.39	0.37	11.27
4.40	0.38	11.27
4.41	0.38	11.27
4.42	0.38	11.26
4.43	0.38	11.27
4.44	0.38	11.28
4.45	0.38	11.29
4.46	0.38	11.31
4.47	0.38	11.29
4.48	0.38	11.29
4.49	0.38	11.28
4.50	0.38	11.27
4.51	0.38	11.30
4.52	0.39	11.30
4.53	0.39	11.26
4.54	0.39	11.28
4.55	0.39	11.27
4.56	0.39	11.29
4.57	0.39	11.30
4.58	0.39	11.29
4.59	0.39	11.29
4.60	0.39	11.31
4.61	0.39	11.33
4.62	0.39	11.31
4.63	0.39	11.30
4.64	0.40	11.31
4.65	0.40	11.28
4.66	0.40	11.25
4.67	0.40	11.27
4.68	0.40	11.27
4.69	0.40	11.27
4.70	0.40	11.30
4.71	0.40	11.31
4.72	0.40	11.32
4.73	0.40	11.34
4.74	0.40	11.32
4.75	0.40	11.30
4.76	0.41	11.31
4.77	0.41	11.31
4.78	0.41	11.31
4.79	0.41	11.29
4.80	0.41	11.27
4.81	0.41	11.32
4.82	0.41	11.33
4.83	0.41	11.32
4.84	0.41	11.32
4.85	0.41	11.33
4.86	0.41	11.33
4.87	0.41	11.33
4.88	0.42	11.34
4.89	0.42	11.34
4.90	0.42	11.31
4.91	0.42	11.29
4.92	0.42	11.33
4.93	0.42	11.36
4.94	0.42	11.36
4.95	0.42	11.36
4.96	0.42	11.38
4.97	0.42	11.39
4.98	0.42	11.38
4.99	0.42	11.39
5.00	0.43	11.40
5.01	0.43	11.37
5.02	0.43	11.38
5.03	0.43	11.40
5.04	0.43	11.39
5.05	0.43	11.38
5.06	0.43	11.38
5.07	0.43	11.41
5.08	0.43	11.41
5.09	0.43	11.41
5.10	0.43	11.43
5.11	0.43	11.44
5.12	0.44	11.42
5.13	0.44	11.41
5.14	0.44	11.40
5.15	0.44	11.39
5.16	0.44	11.39
5.17	0.44	11.39
5.18	0.44	11.40
5.19	0.44	11.41
5.20	0.44	11.40
5.21	0.44	11.43
5.22	0.44	11.43
5.23	0.44	11.44
5.24	0.45	11.45
5.25	0.45	11.42
5.26	0.45	11.41
5.27	0.45	11.39
5.28	0.45	11.39
5.29	0.45	11.38
5.30	0.45	11.39
5.31	0.45	11.41
5.32	0.45	11.39
5.33	0.45	11.40
5.34	0.45	11.42
5.35	0.45	11.44
5.36	0.46	11.44
5.37	0.46	11.44
5.38	0.46	11.42
5.39	0.46	11.42
5.40	0.46	11.41
5.41	0.46	11.39
5.42	0.46	11.40
5.43	0.46	11.41
5.44	0.46	11.41
5.45	0.46	11.42
5.46	0.46	11.42
5.47	0.46	11.45
5.48	0.47	11.45
5.49	0.47	11.49
5.50	0.47	11.48
5.51	0.47	11.45
5.52	0.47	11.46
5.53	0.47	11.44
5.54	0.47	11.43
5.55	0.47	11.40
5.56	0.47	11.40
5.57	0.47	11.41
5.58	0.47	11.43
5.59	0.47	11.47
5.60	0.48	11.48
5.61	0.48	11.49
5.62	0.48	11.48
5.63	0.48	11.47
5.64	0.48	11.45
5.65	0.48	11.44
5.66	0.48	11.45
5.67	0.48	11.45
5.68	0.48	11.48
5.69	0.48	11.49
5.70	0.48	11.49
5.71	0.48	11.50
5.72	0.49	11.52
5.73	0.49	11.54
5.74	0.49	11.55
5.75	0.49	11.53
5.76	0.49	11.52
5.77	0.49	11.53
5.78	0.49	11.52
5.79	0.49	11.52
5.80	0.49	11.51
5.81	0.49	11.53
5.82	0.49	11.53
5.83	0.49	11.53
5.84	0.50	11.55
5.85	0.50	11.56
5.86	0.50	11.59
5.87	0.50	11.56
5.88	0.50	11.55
5.89	0.50	11.56
5.90	0.50	11.56
5.91	0.50	11.56
5.92	0.50	11.56
5.93	0.50	11.58
5.94	0.50	11.60
5.95	0.50	11.60
5.96	0.51	11.62
5.97	0.51	11.63
5.98	0.51	11.63
5.99	0.51	11.64
6.00	0.51	11.63
6.01	0.51	11.64
6.02	0.51	11.63
6.03	0.51	11.62
6.04	0.51	11.60
6.05	0.51	11.63
6.06	0.51	11.67
6.07	0.51	11.69
6.08	0.52	11.70
6.09	0.52	11.73
6.10	0.52	11.76
6.11	0.52	11.76
6.12	0.52	11.79
6.13	0.52	11.79
6.14	0.52	11.80
6.15	0.52	11.79
6.16	0.52	11.79
6.17	0.52	11.82
6.18	0.52	11.82
6.19	0.52	11.83
6.20	0.53	11.86
6.21	0.53	11.90
6.22	0.53	11.92
6.23	0.53	11.93
6.24	0.53	11.92
6.25	0.53	11.93
6.26	0.53	11.95
6.27	0.53	11.96
6.28	0.53	11.97
6.29	0.53	11.99
6.30	0.53	12.00
6.31	0.53	11.99
6.32	0.54	12.01
6.33	0.54	12.06
6.34	0.54	12.07
6.35	0.54	12.06
6.36	0.54	12.09
6.37	0.54	12.10
6.38	0.54	12.13
6.39	0.54	12.15
6.40	0.54	12.13
6.41	0.54	12.14
6.42	0.54	12.12
6.43	0.54	12.13
6.44	0.55	12.17
6.45	0.55	12.18
6.46	0.55	12.22
6.47	0.55	12.25
6.48	0.55	12.28
6.49	0.55	12.29
6.50	0.55	12.28
6.51	0.55	12.29
6.52	0.55	12.31
6.53	0.55	12.30
6.54	0.55	12.28
6.55	0.55	12.33
6.56	0.56	12.37
6.57	0.56	12.37
6.58	0.56	12.41
6.59	0.56	12.44
6.60	0.56	12.46
6.61	0.56	12.48
6.62	0.56	12.50
6.63	0.56	12.55
6.64	0.56	12.56
6.65	0.56	12.59
6.66	0.56	12.61
6.67	0.56	12.62
6.68	0.57	12.66
6.69	0.57	12.69
6.70	0.57	12.75
6.71	0.57	12.80
6.72	0.57	12.83
6.73	0.57	12.84
6.74	0.57	12.87
6.75	0.57	12.90
6.76	0.57	12.91
6.77	0.57	12.94
6.78	0.57	12.95
6.79	0.57	12.99
6.80	0.58	13.03
6.81	0.58	13.03
6.82	0.58	13.07
6.83	0.58	13.11
6.84	0.58	13.14
6.85	0.58	13.15
6.86	0.58	13.22
6.87	0.58	13.25
6.88	0.58	13.27
6.89	0.58	13.35
6.90	0.58	13.41
6.91	0.58	13.45
6.92	0.59	13.49
6.93	0.59	13.55
6.94	0.59	13.63
6.95	0.59	13.69
6.96	0.59	13.73
6.97	0.59	13.75
6.98	0.59	13.75
6.99	0.59	13.75
7.00	0.59	13.80
7.01	0.59	13.82
7.02	0.59	13.84
7.03	0.59	13.89
7.04	0.60	13.90
7.05	0.60	13.94
7.06	0.60	13.97
7.07	0.60	13.97
7.08	0.60	13.97
7.09	0.60	13.99
7.10	0.60	14.02
7.11	0.60	14.02
7.12	0.60	14.04
7.13	0.60	14.06
7.14	0.60	14.06
7.15	0.60	14.06
7.16	0.61	14.10
7.17	0.61	14.12
7.18	0.61	14.12
7.19	0.61	14.13
7.20	0.61	14.13
7.21	0.61	14.12
7.22	0.61	14.13
7.23	0.61	14.12
7.24	0.61	14.11
7.25	0.61	14.11
7.26	0.61	14.13
7.27	0.61	14.17
7.28	0.62	14.19
7.29	0.62	14.21
7.30	0.62	14.20
7.31	0.62	14.22
7.32	0.62	14.23
7.33	0.62	14.24
7.34	0.62	14.27
7.35	0.62	14.31
7.36	0.62	14.33
7.37	0.62	14.33
7.38	0.62	14.34
7.39	0.62	14.37
7.40	0.63	14.39
7.41	0.63	14.38
7.42	0.63	14.41
7.43	0.63	14.40
7.44	0.63	14.38
7.45	0.63	14.37
7.46	0.63	14.36
7.47	0.63	14.39
7.48	0.63	14.39
7.49	0.63	14.39
7.50	0.63	14.40
7.51	0.63	14.40
7.52	0.64	14.39
7.53	0.64	14.37
7.54	0.64	14.37
7.55	0.64	14.33
7.56	0.64	14.33
7.57	0.64	14.36
7.58	0.64	14.35
7.59	0.64	14.35
7.60	0.64	14.34
7.61	0.64	14.38
7.62	0.64	14.40
7.63	0.65	14.40
7.64	0.65	14.41
7.65	0.65	14.43
7.66	0.65	14.42
7.67	0.65	14.39
7.68	0.65	14.39
7.69	0.65	14.36
7.70	0.65	14.37
7.71	0.65	14.39
7.72	0.65	14.40
7.73	0.65	14.42
7.74	0.65	14.41
7.75	0.65	14.40
7.76	0.66	14.40
7.77	0.66	14.41
7.78	0.66	14.43
7.79	0.66	14.44
7.80	0.66	14.44
7.81	0.66	14.42
7.82	0.66	14.42
7.83	0.66	14.44
7.84	0.66	14.44
7.85	0.66	14.44
7.86	0.66	14.46
7.87	0.66	14.45
7.88	0.67	14.47
7.89	0.67	14.49
7.90	0.67	14.53
7.91	0.67	14.53
7.92	0.67	14.51
7.93	0.67	14.51
7.94	0.67	14.52
7.95	0.67	14.52
7.96	0.67	14.53
7.97	0.67	14.56
7.98	0.67	14.55
7.99	0.67	14.54
8.00	0.68	14.54
8.01	0.68	14.53
8.02	0.68	14.56
8.03	0.68	14.58
8.04	0.68	14.58
8.05	0.68	14.57
8.06	0.68	14.56
8.07	0.68	14.56
8.08	0.68	14.56
8.09	0.68	14.57
8.10	0.68	14.57
8.11	0.68	14.59
8.12	0.69	14.59
8.13	0.69	14.58
8.14	0.69	14.60
8.15	0.69	14.62
8.16	0.69	14.63
8.17	0.69	14.64
8.18	0.69	14.63
8.19	0.69	14.63
8.20	0.69	14.64
8.21	0.69	14.64
8.22	0.69	14.64
8.23	0.69	14.64
8.24	0.70	14.62
8.25	0.70	14.63
8.26	0.70	14.66
8.27	0.70	14.66
8.28	0.70	14.68
8.29	0.70	14.68
8.30	0.70	14.69
8.31	0.70	14.70
8.32	0.70	14.72
8.33	0.70	14.71
8.34	0.70	14.70
8.35	0.70	14.70
8.36	0.71	14.68
8.37	0.71	14.68
8.38	0.71	14.72
8.39	0.71	14.76
8.40	0.71	14.74
8.41	0.71	14.73
8.42	0.71	14.75
8.43	0.71	14.74
8.44	0.71	14.75
8.45	0.71	14.78
8.46	0.71	14.79
8.47	0.71	14.78
8.48	0.72	14.79
8.49	0.72	14.81
8.50	0.72	14.80
8.51	0.72	14.81
8.52	0.72	14.83
8.53	0.72	14.85
8.54	0.72	14.87
8.55	0.72	14.90
8.56	0.72	14.89
8.57	0.72	14.88
8.58	0.72	14.90
8.59	0.72	14.87
8.60	0.73	14.89
8.61	0.73	14.92
8.62	0.73	14.91
8.63	0.73	14.90
8.64	0.73	14.91
8.65	0.73	14.94
8.66	0.73	14.94
8.67	0.73	14.92
8.68	0.73	14.90
8.69	0.73	14.92
8.70	0.73	14.93
8.71	0.73	14.95
8.72	0.74	14.97
8.73	0.74	14.99
8.74	0.74	15.03
8.75	0.74	15.03
8.76	0.74	15.03
8.77	0.74	15.03
8.78	0.74	15.02
8.79	0.74	15.04
8.80	0.74	15.05
8.81	0.74	15.07
8.82	0.74	15.06
8.83	0.74	15.05
8.84	0.75	15.07
8.85	0.75	15.12
8.86	0.75	15.19
8.87	0.75	15.19
8.88	0.75	15.22
8.89	0.75	15.23
8.90	0.75	15.22
8.91	0.75	15.23
8.92	0.75	15.21
8.93	0.75	15.22
8.94	0.75	15.22
8.95	0.75	15.22
8.96	0.76	15.22
8.97	0.76	15.22
8.98	0.76	15.24
8.99	0.76	15.26
9.00	0.76	15.27
9.01	0.76	15.29
9.02	0.76	15.31
9.03	0.76	15.33
9.04	0.76	15.31
9.05	0.76	15.29
9.06	0.76	15.31
9.07	0.76	15.34
9.08	0.77	15.34
9.09	0.77	15.34
9.10	0.77	15.35
9.11	0.77	15.37
9.12	0.77	15.41
9.13	0.77	15.43
9.14	0.77	15.44
9.15	0.77	15.43
9.16	0.77	15.42
9.17	0.77	15.44
9.18	0.77	15.44
9.19	0.77	15.44
9.20	0.78	15.45
9.21	0.78	15.45
9.22	0.78	15.45
9.23	0.78	15.45
9.24	0.78	15.46
9.25	0.78	15.45
9.26	0.78	15.46
9.27	0.78	15.48
9.28	0.78	15.46
9.29	0.78	15.46
9.30	0.78	15.45
9.31	0.78	15.48
9.32	0.79	15.48
9.33	0.79	15.46
9.34	0.79	15.46
9.35	0.79	15.46
9.36	0.79	15.48
9.37	0.79	15.47
9.38	0.79	15.47
9.39	0.79	15.48
9.40	0.79	15.49
9.41	0.79	15.47
9.42	0.79	15.47
9.43	0.79	15.47
9.44	0.80	15.45
9.45	0.80	15.45
9.46	0.80	15.45
9.47	0.80	15.47
9.48	0.80	15.47
9.49	0.80	15.48
9.50	0.80	15.45
9.51	0.80	15.45
9.52	0.80	15.49
9.53	0.80	15.46
9.54	0.80	15.47
9.55	0.80	15.49
9.56	0.81	15.52
9.57	0.81	15.59
9.58	0.81	15.58
9.59	0.81	15.57
9.60	0.81	15.59
9.61	0.81	15.59
9.62	0.81	15.60
9.63	0.81	15.61
9.64	0.81	15.60
9.65	0.81	15.61
9.66	0.81	15.64
9.67	0.81	15.65
9.68	0.82	15.64
9.69	0.82	15.63
9.70	0.82	15.65
9.71	0.82	15.68
9.72	0.82	15.71
9.73	0.82	15.76
9.74	0.82	15.79
9.75	0.82	15.78
9.76	0.82	15.79
9.77	0.82	15.81
9.78	0.82	15.78
9.79	0.82	15.78
9.80	0.83	15.81
9.81	0.83	15.82
9.82	0.83	15.83
9.83	0.83	15.82
9.84	0.83	15.87
9.85	0.83	15.90
9.86	0.83	15.92
9.87	0.83	15.95
9.88	0.83	16.03
9.89	0.83	16.18
9.90	0.83	16.32
9.91	0.83	16.36
9.92	0.84	16.38
9.93	0.84	16.37
9.94	0.84	16.38
9.95	0.84	16.44
9.96	0.84	16.45
9.97	0.84	16.47
9.98	0.84	16.53
9.99	0.84	16.58
10.00	0.84	16.59
10.01	0.84	16.61
10.02	0.84	16.67
10.03	0.84	16.77
10.04	0.85	16.84
10.05	0.85	16.90
10.06	0.85	16.99
10.07	0.85	17.07
10.08	0.85	17.14
10.09	0.85	17.20
10.10	0.85	17.22
10.11	0.85	17.27
10.12	0.85	17.34
10.13	0.85	17.41
10.14	0.85	17.49
10.15	0.85	17.58
10.16	0.86	17.67
10.17	0.86	17.76
10.18	0.86	17.88
10.19	0.86	17.97
10.20	0.86	18.08
10.21	0.86	18.20
10.22	0.86	18.30
10.23	0.86	18.41
10.24	0.86	18.50
10.25	0.86	18.60
10.26	0.86	18.71
10.27	0.86	18.84
10.28	0.87	18.97
10.29	0.87	19.09
10.30	0.87	19.21
10.31	0.87	19.31
10.32	0.87	19.43
10.33	0.87	19.56
10.34	0.87	19.69
10.35	0.87	19.80
10.36	0.87	19.87
10.37	0.87	19.99
10.38	0.87	20.11
10.39	0.87	20.24
10.40	0.88	20.40
10.41	0.88	20.52
10.42	0.88	20.64
10.43	0.88	20.77
10.44	0.88	20.88
10.45	0.88	21.00
10.46	0.88	21.11
10.47	0.88	21.21
10.48	0.88	21.33
10.49	0.88	21.50
10.50	0.88	21.66
10.51	0.88	21.81
10.52	0.89	21.97
10.53	0.89	22.14
10.54	0.89	22.32
10.55	0.89	22.48
10.56	0.89	22.65
10.57	0.89	22.84
10.58	0.89	23.00
10.59	0.89	23.17
10.60	0.89	23.35
10.61	0.89	23.52
10.62	0.89	23.68
10.63	0.89	23.84
10.64	0.90	24.01
10.65	0.90	24.17
10.66	0.90	24.32
10.67	0.90	24.48
10.68	0.90	24.63
10.69	0.90	24.82
10.70	0.90	25.01
10.71	0.90	25.14
10.72	0.90	25.32
10.73	0.90	25.48
10.74	0.90	25.65
10.75	0.90	25.81
10.76	0.91	25.95
10.77	0.91	26.12
10.78	0.91	26.30
10.79	0.91	26.47
10.80	0.91	26.64
10.81	0.91	26.78
10.82	0.91	26.92
10.83	0.91	27.10
10.84	0.91	27.25
10.85	0.91	27.41
10.86	0.91	27.57
10.87	0.91	27.75
10.88	0.92	27.94
10.89	0.92	28.10
10.90	0.92	28.28
10.91	0.92	28.44
10.92	0.92	28.59
10.93	0.92	28.76
10.94	0.92	28.94
10.95	0.92	29.11
10.96	0.92	29.28
10.97	0.92	29.46
10.98	0.92	29.63
10.99	0.92	29.82
11.00	0.93	30.02
11.01	0.93	30.22
11.02	0.93	30.41
11.03	0.93	30.62
11.04	0.93	30.81
11.05	0.93	31.02
11.06	0.93	31.21
11.07	0.93	31.38
11.08	0.93	31.57
11.09	0.93	31.75
11.10	0.93	31.94
11.11	0.93	32.14
11.12	0.94	32.32
11.13	0.94	32.51
11.14	0.94	32.71
11.15	0.94	32.91
11.16	0.94	33.11
11.17	0.94	33.33
11.18	0.94	33.53
11.19	0.94	33.72
11.20	0.94	33.92
11.21	0.94	34.12
11.22	0.94	34.31
11.23	0.94	34.47
11.24	0.95	34.67
11.25	0.95	34.89
11.26	0.95	35.08
11.27	0.95	35.26
11.28	0.95	35.47
11.29	0.95	35.65
11.30	0.95	35.82
11.31	0.95	36.02
11.32	0.95	36.25
11.33	0.95	36.44
11.34	0.95	36.61
11.35	0.95	36.81
11.36	0.96	37.02
11.37	0.96	37.21
11.38	0.96	37.41
11.39	0.96	37.61
11.40	0.96	37.79
11.41	0.96	37.95
11.42	0.96	38.12
11.43	0.96	38.31
11.44	0.96	38.50
11.45	0.96	38.68
11.46	0.96	38.88
11.47	0.96	39.06
11.48	0.97	39.22
11.49	0.97	39.42
11.50	0.97	39.64
11.51	0.97	39.83
11.52	0.97	39.98
11.53	0.97	40.16
11.54	0.97	40.33
11.55	0.97	40.50
11.56	0.97	40.71
11.57	0.97	40.89
11.58	0.97	41.07
11.59	0.97	41.25
11.60	0.98	41.44
11.61	0.98	41.61
11.62	0.98	41.80
11.63	0.98	41.99
11.64	0.98	42.16
11.65	0.98	42.35
11.66	0.98	42.54
11.67	0.98	42.71
11.68	0.98	42.89
11.69	0.98	43.07
11.70	0.98	43.26
11.71	0.98	43.47
11.72	0.99	43.65
11.73	0.99	43.82
11.74	0.99	44.02
11.75	0.99	44.20
11.76	0.99	44.38
11.77	0.99	44.56
11.78	0.99	44.73
11.79	0.99	44.92
11.80	0.99	45.12
11.81	0.99	45.31
11.82	0.99	45.48
11.83	0.99	45.68
11.84	1.00	45.85
11.85	1.00	46.02
11.86	1.00	46.19
11.87	1.00	46.36
11.88	1.00	46.56
11.89	1.00	46.75
11.90	1.00	46.92
11.91	1.00	47.07
11.92	1.00	47.25
11.93	1.00	47.42
11.94	1.00	47.60
11.95	1.00	47.80
11.96	1.01	47.98
11.97	1.01	48.14
11.98	1.01	48.34
11.99	1.01	48.51
12.00	1.01	48.68
12.01	1.01	48.85
12.02	1.01	49.03
12.03	1.01	49.19
12.04	1.01	49.37
12.05	1.01	49.53
12.06	1.01	49.69
12.07	1.01	49.88
12.08	1.02	50.03
12.09	1.02	50.22
12.10	1.02	50.43
12.11	1.02	50.58
12.12	1.02	50.75
12.13	1.02	50.92
12.14	1.02	51.10
12.15	1.02	51.26
12.16	1.02	51.42
12.17	1.02	51.59
12.18	1.02	51.78
12.19	1.02	51.95
12.20	1.03	52.12
12.21	1.03	52.29
12.22	1.03	52.44
12.23	1.03	52.60
12.24	1.03	52.78
12.25	1.03	52.96
12.26	1.03	53.12
12.27	1.03	53.31
12.28	1.03	53.49
12.29	1.03	53.68
12.30	1.03	53.84
12.31	1.03	54.01
12.32	1.04	54.18
12.33	1.04	54.31
12.34	1.04	54.49
12.35	1.04	54.65
12.36	1.04	54.81
12.37	1.04	54.99
12.38	1.04	55.16
12.39	1.04	55.35
12.40	1.04	55.50
12.41	1.04	55.65
12.42	1.04	55.84
12.43	1.04	56.02
12.44	1.05	56.19
12.45	1.05	56.36
12.46	1.05	56.53
12.47	1.05	56.67
12.48	1.05	56.83
12.49	1.05	57.01
12.50	1.05	57.18
12.51	1.05	57.36
12.52	1.05	57.51
12.53	1.05	57.65
12.54	1.05	57.84
12.55	1.05	58.05
12.56	1.06	58.21
12.57	1.06	58.38
12.58	1.06	58.53
12.59	1.06	58.69
12.60	1.06	58.88
12.61	1.06	59.02
12.62	1.06	59.16
12.63	1.06	59.34
12.64	1.06	59.52
12.65	1.06	59.65
12.66	1.06	59.80
12.67	1.06	59.97
12.68	1.07	60.13
12.69	1.07	60.27
12.70	1.07	60.44
12.71	1.07	60.62
12.72	1.07	60.78
12.73	1.07	60.94
12.74	1.07	61.10
12.75	1.07	61.26
12.76	1.07	61.40
12.77	1.07	61.58
12.78	1.07	61.74
12.79	1.07	61.88
12.80	1.08	62.06
12.81	1.08	62.20
12.82	1.08	62.33
12.83	1.08	62.50
12.84	1.08	62.69
12.85	1.08	62.85
12.86	1.08	63.01
12.87	1.08	63.17
12.88	1.08	63.35
12.89	1.08	63.52
12.90	1.08	63.69
12.91	1.08	63.83
12.92	1.09	63.99
12.93	1.09	64.14
12.94	1.09	64.30
12.95	1.09	64.45
12.96	1.09	64.59
12.97	1.09	64.76
12.98	1.09	64.94
12.99	1.09	65.12
13.00	1.09	65.27
13.01	1.09	65.42
13.02	1.09	65.56
13.03	1.09	65.71
13.04	1.10	65.86
13.05	1.10	66.05
13.06	1.10	66.23
13.07	1.10	66.35
13.08	1.10	66.48
13.09	1.10	66.65
13.10	1.10	66.81
13.11	1.10	66.95
13.12	1.10	67.11
13.13	1.10	67.27
13.14	1.10	67.40
13.15	1.10	67.56
13.16	1.11	67.71
13.17	1.11	67.84
13.18	1.11	68.00
13.19	1.11	68.16
13.20	1.11	68.33
13.21	1.11	68.46
13.22	1.11	68.60
13.23	1.11	68.78
13.24	1.11	68.93
13.25	1.11	69.06
13.26	1.11	69.20
13.27	1.11	69.35
13.28	1.12	69.49
13.29	1.12	69.63
13.30	1.12	69.79
13.31	1.12	69.94
13.32	1.12	70.09
13.33	1.12	70.23
13.34	1.12	70.41
13.35	1.12	70.58
13.36	1.12	70.72
13.37	1.12	70.86
13.38	1.12	71.00
13.39	1.12	71.15
13.40	1.13	71.30
13.41	1.13	71.46
13.42	1.13	71.59
13.43	1.13	71.73
13.44	1.13	71.89
13.45	1.13	72.04
13.46	1.13	72.21
13.47	1.13	72.39
13.48	1.13	72.53
13.49	1.13	72.65
13.50	1.13	72.80
13.51	1.13	72.97
13.52	1.14	73.11
13.53	1.14	73.25
13.54	1.14	73.40
13.55	1.14	73.55
13.56	1.14	73.69
13.57	1.14	73.82
13.58	1.14	73.96
13.59	1.14	74.13
13.60	1.14	74.28
13.61	1.14	74.40
13.62	1.14	74.55
13.63	1.14	74.72
13.64	1.15	74.86
13.65	1.15	75.00
13.66	1.15	75.16
13.67	1.15	75.31
13.68	1.15	75.45
13.69	1.15	75.59
13.70	1.15	75.75
13.71	1.15	75.86
13.72	1.15	75.99
13.73	1.15	76.12
13.74	1.15	76.26
13.75	1.15	76.41
13.76	1.16	76.55
13.77	1.16	76.70
13.78	1.16	76.85
13.79	1.16	76.98
13.80	1.16	77.12
13.81	1.16	77.28
13.82	1.16	77.39
13.83	1.16	77.52
13.84	1.16	77.65
13.85	1.16	77.80
13.86	1.16	77.96
13.87	1.16	78.06
13.88	1.17	78.20
13.89	1.17	78.33
13.90	1.17	78.47
13.91	1.17	78.61
13.92	1.17	78.74
13.93	1.17	78.87
13.94	1.17	79.01
13.95	1.17	79.17
13.96	1.17	79.29
13.97	1.17	79.44
13.98	1.17	79.61
13.99	1.17	79.69
14.00	1.18	79.82
14.01	1.18	79.96
14.02	1.18	80.11
14.03	1.18	80.26
14.04	1.18	80.37
14.05	1.18	80.47
14.06	1.18	80.62
14.07	1.18	80.78
14.08	1.18	80.88
14.09	1.18	81.05
14.10	1.18	81.20
14.11	1.18	81.33
14.12	1.19	81.49
14.13	1.19	81.62
14.14	1.19	81.73
14.15	1.19	81.85
14.16	1.19	82.01
14.17	1.19	82.16
14.18	1.19	82.29
14.19	1.19	82.41
14.20	1.19	82.52
14.21	1.19	82.65
14.22	1.19	82.78
14.23	1.19	82.92
14.24	1.20	83.04
14.25	1.20	83.18
14.26	1.20	83.35
14.27	1.20	83.47
14.28	1.20	83.60
14.29	1.20	83.74
14.30	1.20	83.88
14.31	1.20	84.03
14.32	1.20	84.16
14.33	1.20	84.26
14.34	1.20	84.36
14.35	1.20	84.51
14.36	1.21	84.64
14.37	1.21	84.74
14.38	1.21	84.86
14.39	1.21	84.98
14.40	1.21	85.13
14.41	1.21	85.28
14.42	1.21	85.38
14.43	1.21	85.49
14.44	1.21	85.64
14.45	1.21	85.78
14.46	1.21	85.88
14.47	1.21	85.98
14.48	1.22	86.12
14.49	1.22	86.27
14.50	1.22	86.39
14.51	1.22	86.51
14.52	1.22	86.61
14.53	1.22	86.73
14.54	1.22	86.88
14.55	1.22	87.01
14.56	1.22	87.12
14.57	1.22	87.24
14.58	1.22	87.39
14.59	1.22	87.51
14.60	1.23	87.63
14.61	1.23	87.77
14.62	1.23	87.89
14.63	1.23	88.02
14.64	1.23	88.15
14.65	1.23	88.25
14.66	1.23	88.37
14.67	1.23	88.50
14.68	1.23	88.62
14.69	1.23	88.74
14.70	1.23	88.86
14.71	1.23	88.98
14.72	1.24	89.09
14.73	1.24	89.21
14.74	1.24	89.34
14.75	1.24	89.48
14.76	1.24	89.59
14.77	1.24	89.71
14.78	1.24	89.84
14.79	1.24	89.95
14.80	1.24	90.07
14.81	1.24	90.18
14.82	1.24	90.31
14.83	1.24	90.43
14.84	1.25	90.52
14.85	1.25	90.61
14.86	1.25	90.71
14.87	1.25	90.83
14.88	1.25	90.95
14.89	1.25	91.07
14.90	1.25	91.18
14.91	1.25	91.29
14.92	1.25	91.42
14.93	1.25	91.53
14.94	1.25	91.65
14.95	1.25	91.76
14.96	1.26	91.85
14.97	1.26	91.97
14.98	1.26	92.07
14.99	1.26	92.17
15.00	1.26	92.29
15.01	1.26	92.42
15.02	1.26	92.52
15.03	1.26	92.61
15.04	1.26	92.73
15.05	1.26	92.87
15.06	1.26	92.99
15.07	1.26	93.06
15.08	1.27	93.18
15.09	1.27	93.29
15.10	1.27	93.38
15.11	1.27	93.50
15.12	1.27	93.61
15.13	1.27	93.70
15.14	1.27	93.81
15.15	1.27	93.93
15.16	1.27	94.05
15.17	1.27	94.15
15.18	1.27	94.27
15.19	1.27	94.38
15.20	1.28	94.50
15.21	1.28	94.61
15.22	1.28	94.74
15.23	1.28	94.87
15.24	1.28	94.98
15.25	1.28	95.05
15.26	1.28	95.15
15.27	1.28	95.25
15.28	1.28	95.31
15.29	1.28	95.40
15.30	1.28	95.49
15.31	1.28	95.58
15.32	1.29	95.68
15.33	1.29	95.79
15.34	1.29	95.91
15.35	1.29	96.02
15.36	1.29	86.23
15.37	1.29	39.40
