0.01	0.01	0.63
0.02	0.01	0.68
0.03	0.01	0.71
0.04	0.01	0.75
0.05	0.01	0.79
0.06	0.01	0.85
0.07	0.01	0.90
0.08	0.02	0.94
0.09	0.02	0.99
0.10	0.02	1.03
0.11	0.02	1.04
0.12	0.02	1.07
0.13	0.02	1.11
0.14	0.02	1.14
0.15	0.02	1.17
0.16	0.02	1.20
0.17	0.02	1.24
0.18	0.02	1.27
0.19	0.02	1.28
0.20	0.03	1.33
0.21	0.03	1.38
0.22	0.03	1.43
0.23	0.03	1.47
0.24	0.03	1.55
0.25	0.03	1.65
0.26	0.03	1.68
0.27	0.03	1.70
0.28	0.03	1.75
0.29	0.03	1.83
0.30	0.03	1.89
0.31	0.03	1.92
0.32	0.04	1.96
0.33	0.04	2.01
0.34	0.04	2.03
0.35	0.04	2.06
0.36	0.04	2.12
0.37	0.04	2.16
0.38	0.04	2.17
0.39	0.04	2.20
0.40	0.04	2.26
0.41	0.04	2.30
0.42	0.04	2.32
0.43	0.04	2.34
0.44	0.05	2.39
0.45	0.05	2.48
0.46	0.05	2.54
0.47	0.05	2.56
0.48	0.05	2.59
0.49	0.05	2.59
0.50	0.05	2.54
0.51	0.05	2.48
0.52	0.05	2.47
0.53	0.05	2.49
0.54	0.05	2.52
0.55	0.05	2.58
0.56	0.06	2.66
0.57	0.06	2.75
0.58	0.06	2.83
0.59	0.06	2.91
0.60	0.06	2.94
0.61	0.06	2.95
0.62	0.06	2.96
0.63	0.06	2.95
0.64	0.06	2.93
0.65	0.06	2.89
0.66	0.06	2.88
0.67	0.06	2.91
0.68	0.07	2.97
0.69	0.07	3.03
0.70	0.07	3.07
0.71	0.07	3.13
0.72	0.07	3.15
0.73	0.07	3.16
0.74	0.07	3.23
0.75	0.07	3.25
0.76	0.07	3.25
0.77	0.07	3.28
0.78	0.07	3.29
0.79	0.07	3.30
0.80	0.08	3.30
0.81	0.08	3.29
0.82	0.08	3.33
0.83	0.08	3.39
0.84	0.08	3.42
0.85	0.08	3.50
0.86	0.08	3.63
0.87	0.08	3.73
0.88	0.08	3.73
0.89	0.08	3.71
0.90	0.08	3.71
0.91	0.08	3.73
0.92	0.09	3.76
0.93	0.09	3.78
0.94	0.09	3.81
0.95	0.09	3.87
0.96	0.09	3.93
0.97	0.09	3.96
0.98	0.09	4.00
0.99	0.09	4.07
1.00	0.09	4.11
1.01	0.09	4.13
1.02	0.09	4.17
1.03	0.09	4.22
1.04	0.10	4.28
1.05	0.10	4.33
1.06	0.10	4.40
1.07	0.10	4.45
1.08	0.10	4.50
1.09	0.10	4.56
1.10	0.10	4.63
1.11	0.10	4.73
1.12	0.10	4.79
1.13	0.10	4.83
1.14	0.10	4.85
1.15	0.10	4.87
1.16	0.11	4.92
1.17	0.11	5.00
1.18	0.11	5.07
1.19	0.11	5.18
1.20	0.11	5.28
1.21	0.11	5.31
1.22	0.11	5.38
1.23	0.11	5.49
1.24	0.11	5.65
1.25	0.11	5.81
1.26	0.11	5.91
1.27	0.11	6.03
1.28	0.12	6.16
1.29	0.12	6.29
1.30	0.12	6.48
1.31	0.12	6.68
1.32	0.12	6.83
1.33	0.12	6.98
1.34	0.12	7.14
1.35	0.12	7.28
1.36	0.12	7.42
1.37	0.12	7.60
1.38	0.12	7.77
1.39	0.12	7.90
1.40	0.13	8.02
1.41	0.13	8.16
1.42	0.13	8.30
1.43	0.13	8.44
1.44	0.13	8.60
1.45	0.13	8.78
1.46	0.13	8.96
1.47	0.13	9.13
1.48	0.13	9.25
1.49	0.13	9.30
1.50	0.13	9.32
1.51	0.13	9.33
1.52	0.14	9.32
1.53	0.14	9.33
1.54	0.14	9.40
1.55	0.14	9.53
1.56	0.14	9.72
1.57	0.14	9.90
1.58	0.14	10.05
1.59	0.14	10.13
1.60	0.14	10.18
1.61	0.14	10.15
1.62	0.14	10.07
1.63	0.14	10.03
1.64	0.15	10.01
1.65	0.15	10.08
1.66	0.15	10.22
1.67	0.15	10.38
1.68	0.15	10.53
1.69	0.15	10.67
1.70	0.15	10.78
1.71	0.15	10.82
1.72	0.15	10.84
1.73	0.15	10.84
1.74	0.15	10.84
1.75	0.15	10.83
1.76	0.16	10.84
1.77	0.16	10.95
1.78	0.16	11.08
1.79	0.16	11.23
1.80	0.16	11.43
1.81	0.16	11.56
1.82	0.16	11.60
1.83	0.16	11.64
1.84	0.16	11.69
1.85	0.16	11.72
1.86	0.16	11.75
1.87	0.16	11.79
1.88	0.17	11.85
1.89	0.17	11.90
1.90	0.17	11.97
1.91	0.17	12.05
1.92	0.17	11.95
1.93	0.17	11.81
1.94	0.17	11.75
1.95	0.17	11.74
1.96	0.17	11.79
1.97	0.17	11.86
1.98	0.17	11.93
1.99	0.17	11.95
2.00	0.18	11.96
2.01	0.18	11.98
2.02	0.18	11.98
2.03	0.18	12.01
2.04	0.18	12.03
2.05	0.18	12.04
2.06	0.18	12.05
2.07	0.18	12.06
2.08	0.18	12.05
2.09	0.18	12.03
2.10	0.18	12.06
2.11	0.18	12.06
2.12	0.19	12.05
2.13	0.19	12.04
2.14	0.19	12.04
2.15	0.19	12.08
2.16	0.19	12.05
2.17	0.19	12.05
2.18	0.19	12.09
2.19	0.19	12.08
2.20	0.19	12.05
2.21	0.19	12.04
2.22	0.19	12.05
2.23	0.19	12.02
2.24	0.20	12.00
2.25	0.20	12.00
2.26	0.20	12.00
2.27	0.20	12.05
2.28	0.20	12.06
2.29	0.20	12.07
2.30	0.20	12.09
2.31	0.20	12.06
2.32	0.20	12.06
2.33	0.20	12.04
2.34	0.20	12.02
2.35	0.20	12.02
2.36	0.21	12.01
2.37	0.21	12.00
2.38	0.21	11.99
2.39	0.21	12.02
2.40	0.21	12.06
2.41	0.21	12.07
2.42	0.21	12.11
2.43	0.21	12.13
2.44	0.21	12.12
2.45	0.21	12.13
2.46	0.21	12.14
2.47	0.21	12.11
2.48	0.22	12.07
2.49	0.22	12.07
2.50	0.22	12.07
2.51	0.22	12.06
2.52	0.22	12.05
2.53	0.22	12.07
2.54	0.22	12.09
2.55	0.22	12.11
2.56	0.22	12.14
2.57	0.22	12.17
2.58	0.22	12.19
2.59	0.22	12.14
2.60	0.23	12.12
2.61	0.23	12.07
2.62	0.23	12.04
2.63	0.23	12.05
2.64	0.23	12.07
2.65	0.23	12.08
2.66	0.23	12.09
2.67	0.23	12.11
2.68	0.23	12.14
2.69	0.23	12.17
2.70	0.23	12.16
2.71	0.23	12.16
2.72	0.24	12.17
2.73	0.24	12.16
2.74	0.24	12.14
2.75	0.24	12.14
2.76	0.24	12.14
2.77	0.24	12.13
2.78	0.24	12.14
2.79	0.24	12.14
2.80	0.24	12.12
2.81	0.24	12.12
2.82	0.24	12.12
2.83	0.24	12.13
2.84	0.25	12.10
2.85	0.25	12.08
2.86	0.25	12.10
2.87	0.25	12.14
2.88	0.25	12.20
2.89	0.25	12.27
2.90	0.25	12.38
2.91	0.25	12.47
2.92	0.25	12.58
2.93	0.25	12.71
2.94	0.25	12.85
2.95	0.25	12.95
2.96	0.26	13.00
2.97	0.26	13.04
2.98	0.26	13.03
2.99	0.26	13.06
3.00	0.26	13.12
3.01	0.26	13.14
3.02	0.26	13.17
3.03	0.26	13.15
3.04	0.26	13.12
3.05	0.26	13.13
3.06	0.26	13.13
3.07	0.26	13.12
3.08	0.27	13.12
3.09	0.27	13.11
3.10	0.27	13.09
3.11	0.27	13.08
3.12	0.27	13.07
3.13	0.27	13.09
3.14	0.27	13.13
3.15	0.27	13.15
3.16	0.27	13.16
3.17	0.27	13.18
3.18	0.27	13.19
3.19	0.27	13.14
3.20	0.28	13.12
3.21	0.28	13.13
3.22	0.28	13.09
3.23	0.28	13.06
3.24	0.28	13.08
3.25	0.28	13.08
3.26	0.28	13.08
3.27	0.28	13.12
3.28	0.28	13.15
3.29	0.28	13.17
3.30	0.28	13.17
3.31	0.28	13.19
3.32	0.29	13.17
3.33	0.29	13.13
3.34	0.29	13.10
3.35	0.29	13.07
3.36	0.29	13.07
3.37	0.29	13.10
3.38	0.29	13.12
3.39	0.29	13.13
3.40	0.29	13.15
3.41	0.29	13.16
3.42	0.29	13.19
3.43	0.29	13.21
3.44	0.30	13.18
3.45	0.30	13.16
3.46	0.30	13.16
3.47	0.30	13.13
3.48	0.30	13.07
3.49	0.30	13.09
3.50	0.30	13.12
3.51	0.30	13.13
3.52	0.30	13.14
3.53	0.30	13.15
3.54	0.30	13.20
3.55	0.30	13.23
3.56	0.31	13.22
3.57	0.31	13.20
3.58	0.31	13.19
3.59	0.31	13.19
3.60	0.31	13.15
3.61	0.31	13.13
3.62	0.31	13.16
3.63	0.31	13.14
3.64	0.31	13.15
3.65	0.31	13.18
3.66	0.31	13.22
3.67	0.31	13.25
3.68	0.32	13.23
3.69	0.32	13.21
3.70	0.32	13.22
3.71	0.32	13.19
3.72	0.32	13.16
3.73	0.32	13.17
3.74	0.32	13.15
3.75	0.32	13.16
3.76	0.32	13.13
3.77	0.32	13.14
3.78	0.32	13.20
3.79	0.32	13.23
3.80	0.33	13.23
3.81	0.33	13.24
3.82	0.33	13.25
3.83	0.33	13.21
3.84	0.33	13.19
3.85	0.33	13.17
3.86	0.33	13.14
3.87	0.33	13.14
3.88	0.33	13.14
3.89	0.33	13.17
3.90	0.33	13.18
3.91	0.33	13.21
3.92	0.34	13.25
3.93	0.34	13.23
3.94	0.34	13.23
3.95	0.34	13.22
3.96	0.34	13.19
3.97	0.34	13.19
3.98	0.34	13.19
3.99	0.34	13.15
4.00	0.34	13.11
4.01	0.34	13.13
4.02	0.34	13.14
4.03	0.34	13.17
4.04	0.35	13.19
4.05	0.35	13.21
4.06	0.35	13.26
4.07	0.35	13.25
4.08	0.35	13.21
4.09	0.35	13.21
4.10	0.35	13.20
4.11	0.35	13.17
4.12	0.35	13.15
4.13	0.35	13.15
4.14	0.35	13.15
4.15	0.35	13.16
4.16	0.36	13.18
4.17	0.36	13.19
4.18	0.36	13.23
4.19	0.36	13.24
4.20	0.36	13.22
4.21	0.36	13.21
4.22	0.36	13.19
4.23	0.36	13.15
4.24	0.36	13.13
4.25	0.36	13.12
4.26	0.36	13.10
4.27	0.36	13.11
4.28	0.37	13.15
4.29	0.37	13.20
4.30	0.37	13.21
4.31	0.37	13.23
4.32	0.37	13.22
4.33	0.37	13.20
4.34	0.37	13.20
4.35	0.37	13.18
4.36	0.37	13.14
4.37	0.37	13.11
4.38	0.37	13.11
4.39	0.37	13.12
4.40	0.38	13.14
4.41	0.38	13.16
4.42	0.38	13.15
4.43	0.38	13.19
4.44	0.38	13.22
4.45	0.38	13.20
4.46	0.38	13.18
4.47	0.38	13.15
4.48	0.38	13.18
4.49	0.38	13.17
4.50	0.38	13.13
4.51	0.38	13.14
4.52	0.39	13.13
4.53	0.39	13.13
4.54	0.39	13.15
4.55	0.39	13.16
4.56	0.39	13.17
4.57	0.39	13.18
4.58	0.39	13.19
4.59	0.39	13.17
4.60	0.39	13.15
4.61	0.39	13.14
4.62	0.39	13.13
4.63	0.39	13.12
4.64	0.40	13.14
4.65	0.40	13.15
4.66	0.40	13.15
4.67	0.40	13.17
4.68	0.40	13.18
4.69	0.40	13.21
4.70	0.40	13.22
4.71	0.40	13.19
4.72	0.40	13.18
4.73	0.40	13.16
4.74	0.40	13.15
4.75	0.40	13.15
4.76	0.41	13.13
4.77	0.41	13.12
4.78	0.41	13.13
4.79	0.41	13.15
4.80	0.41	13.16
4.81	0.41	13.19
4.82	0.41	13.19
4.83	0.41	13.20
4.84	0.41	13.19
4.85	0.41	13.18
4.86	0.41	13.16
4.87	0.41	13.12
4.88	0.42	13.12
4.89	0.42	13.12
4.90	0.42	13.10
4.91	0.42	13.13
4.92	0.42	13.15
4.93	0.42	13.17
4.94	0.42	13.18
4.95	0.42	13.19
4.96	0.42	13.19
4.97	0.42	13.19
4.98	0.42	13.17
4.99	0.42	13.14
5.00	0.43	13.15
5.01	0.43	13.14
5.02	0.43	13.15
5.03	0.43	13.14
5.04	0.43	13.13
5.05	0.43	13.15
5.06	0.43	13.17
5.07	0.43	13.18
5.08	0.43	13.19
5.09	0.43	13.19
5.10	0.43	13.17
5.11	0.43	13.17
5.12	0.44	13.16
5.13	0.44	13.14
5.14	0.44	13.14
5.15	0.44	13.13
5.16	0.44	13.15
5.17	0.44	13.17
5.18	0.44	13.17
5.19	0.44	13.18
5.20	0.44	13.20
5.21	0.44	13.21
5.22	0.44	13.19
5.23	0.44	13.18
5.24	0.45	13.19
5.25	0.45	13.17
5.26	0.45	13.15
5.27	0.45	13.15
5.28	0.45	13.15
5.29	0.45	13.14
5.30	0.45	13.17
5.31	0.45	13.17
5.32	0.45	13.17
5.33	0.45	13.20
5.34	0.45	13.21
5.35	0.45	13.21
5.36	0.46	13.20
5.37	0.46	13.20
5.38	0.46	13.20
5.39	0.46	13.18
5.40	0.46	13.17
5.41	0.46	13.17
5.42	0.46	13.17
5.43	0.46	13.17
5.44	0.46	13.18
5.45	0.46	13.23
5.46	0.46	13.21
5.47	0.46	13.21
5.48	0.47	13.24
5.49	0.47	13.25
5.50	0.47	13.22
5.51	0.47	13.19
5.52	0.47	13.19
5.53	0.47	13.18
5.54	0.47	13.21
5.55	0.47	13.22
5.56	0.47	13.23
5.57	0.47	13.23
5.58	0.47	13.25
5.59	0.47	13.26
5.60	0.48	13.26
5.61	0.48	13.27
5.62	0.48	13.23
5.63	0.48	13.21
5.64	0.48	13.22
5.65	0.48	13.21
5.66	0.48	13.21
5.67	0.48	13.22
5.68	0.48	13.23
5.69	0.48	13.27
5.70	0.48	13.31
5.71	0.48	13.31
5.72	0.49	13.31
5.73	0.49	13.30
5.74	0.49	13.26
5.75	0.49	13.25
5.76	0.49	13.25
5.77	0.49	13.23
5.78	0.49	13.21
5.79	0.49	13.21
5.80	0.49	13.22
5.81	0.49	13.23
5.82	0.49	13.26
5.83	0.49	13.27
5.84	0.50	13.29
5.85	0.50	13.31
5.86	0.50	13.31
5.87	0.50	13.32
5.88	0.50	13.31
5.89	0.50	13.32
5.90	0.50	13.31
5.91	0.50	13.30
5.92	0.50	13.32
5.93	0.50	13.32
5.94	0.50	13.32
5.95	0.50	13.34
5.96	0.51	13.35
5.97	0.51	13.38
5.98	0.51	13.39
5.99	0.51	13.38
6.00	0.51	13.37
6.01	0.51	13.36
6.02	0.51	13.33
6.03	0.51	13.29
6.04	0.51	13.29
6.05	0.51	13.29
6.06	0.51	13.29
6.07	0.51	13.31
6.08	0.52	13.34
6.09	0.52	13.38
6.10	0.52	13.38
6.11	0.52	13.35
6.12	0.52	13.33
6.13	0.52	13.33
6.14	0.52	13.32
6.15	0.52	13.29
6.16	0.52	13.29
6.17	0.52	13.26
6.18	0.52	13.26
6.19	0.52	13.28
6.20	0.53	13.27
6.21	0.53	13.30
6.22	0.53	13.34
6.23	0.53	13.32
6.24	0.53	13.32
6.25	0.53	13.32
6.26	0.53	13.32
6.27	0.53	13.33
6.28	0.53	13.31
6.29	0.53	13.29
6.30	0.53	13.26
6.31	0.53	13.27
6.32	0.54	13.26
6.33	0.54	13.26
6.34	0.54	13.31
6.35	0.54	13.34
6.36	0.54	13.32
6.37	0.54	13.34
6.38	0.54	13.34
6.39	0.54	13.32
6.40	0.54	13.31
6.41	0.54	13.29
6.42	0.54	13.28
6.43	0.54	13.29
6.44	0.55	13.31
6.45	0.55	13.31
6.46	0.55	13.30
6.47	0.55	13.28
6.48	0.55	13.31
6.49	0.55	13.34
6.50	0.55	13.33
6.51	0.55	13.35
6.52	0.55	13.36
6.53	0.55	13.34
6.54	0.55	13.31
6.55	0.55	13.30
6.56	0.56	13.32
6.57	0.56	13.30
6.58	0.56	13.30
6.59	0.56	13.30
6.60	0.56	13.31
6.61	0.56	13.32
6.62	0.56	13.34
6.63	0.56	13.36
6.64	0.56	13.35
6.65	0.56	13.34
6.66	0.56	13.35
6.67	0.56	13.34
6.68	0.57	13.33
6.69	0.57	13.32
6.70	0.57	13.33
6.71	0.57	13.34
6.72	0.57	13.32
6.73	0.57	13.36
6.74	0.57	13.37
6.75	0.57	13.37
6.76	0.57	13.37
6.77	0.57	13.35
6.78	0.57	13.35
6.79	0.57	13.36
6.80	0.58	13.35
6.81	0.58	13.35
6.82	0.58	13.35
6.83	0.58	13.36
6.84	0.58	13.37
6.85	0.58	13.37
6.86	0.58	13.39
6.87	0.58	13.40
6.88	0.58	13.42
6.89	0.58	13.42
6.90	0.58	13.42
6.91	0.58	13.45
6.92	0.59	13.45
6.93	0.59	13.45
6.94	0.59	13.47
6.95	0.59	13.46
6.96	0.59	13.46
6.97	0.59	13.47
6.98	0.59	13.49
6.99	0.59	13.51
7.00	0.59	13.53
7.01	0.59	13.55
7.02	0.59	13.54
7.03	0.59	13.56
7.04	0.60	13.60
7.05	0.60	13.62
7.06	0.60	13.66
7.07	0.60	13.66
7.08	0.60	13.67
7.09	0.60	13.70
7.10	0.60	13.72
7.11	0.60	13.73
7.12	0.60	13.78
7.13	0.60	13.82
7.14	0.60	13.84
7.15	0.60	13.86
7.16	0.61	13.86
7.17	0.61	13.87
7.18	0.61	13.90
7.19	0.61	13.90
7.20	0.61	13.92
7.21	0.61	13.91
7.22	0.61	13.90
7.23	0.61	13.90
7.24	0.61	13.89
7.25	0.61	13.88
7.26	0.61	13.89
7.27	0.61	13.91
7.28	0.62	13.91
7.29	0.62	13.94
7.30	0.62	13.97
7.31	0.62	13.97
7.32	0.62	13.96
7.33	0.62	13.97
7.34	0.62	13.97
7.35	0.62	13.99
7.36	0.62	14.02
7.37	0.62	14.01
7.38	0.62	13.98
7.39	0.62	13.99
7.40	0.63	14.01
7.41	0.63	14.02
7.42	0.63	14.04
7.43	0.63	14.06
7.44	0.63	14.05
7.45	0.63	14.04
7.46	0.63	14.03
7.47	0.63	14.04
7.48	0.63	14.07
7.49	0.63	14.09
7.50	0.63	14.10
7.51	0.63	14.10
7.52	0.64	14.10
7.53	0.64	14.10
7.54	0.64	14.10
7.55	0.64	14.11
7.56	0.64	14.12
7.57	0.64	14.09
7.58	0.64	14.12
7.59	0.64	14.16
7.60	0.64	14.16
7.61	0.64	14.18
7.62	0.64	14.22
7.63	0.64	14.24
7.64	0.65	14.24
7.65	0.65	14.28
7.66	0.65	14.28
7.67	0.65	14.31
7.68	0.65	14.33
7.69	0.65	14.32
7.70	0.65	14.39
7.71	0.65	14.45
7.72	0.65	14.48
7.73	0.65	14.52
7.74	0.65	14.58
7.75	0.65	14.61
7.76	0.66	14.66
7.77	0.66	14.74
7.78	0.66	14.78
7.79	0.66	14.83
7.80	0.66	14.89
7.81	0.66	14.95
7.82	0.66	15.01
7.83	0.66	15.06
7.84	0.66	15.13
7.85	0.66	15.21
7.86	0.66	15.25
7.87	0.66	15.29
7.88	0.67	15.34
7.89	0.67	15.38
7.90	0.67	15.43
7.91	0.67	15.48
7.92	0.67	15.49
7.93	0.67	15.49
7.94	0.67	15.50
7.95	0.67	15.52
7.96	0.67	15.53
7.97	0.67	15.53
7.98	0.67	15.52
7.99	0.67	15.54
8.00	0.68	15.57
8.01	0.68	15.55
8.02	0.68	15.55
8.03	0.68	15.58
8.04	0.68	15.60
8.05	0.68	15.58
8.06	0.68	15.58
8.07	0.68	15.62
8.08	0.68	15.66
8.09	0.68	15.66
8.10	0.68	15.65
8.11	0.68	15.65
8.12	0.69	15.65
8.13	0.69	15.66
8.14	0.69	15.67
8.15	0.69	15.64
8.16	0.69	15.66
8.17	0.69	15.67
8.18	0.69	15.66
8.19	0.69	15.68
8.20	0.69	15.68
8.21	0.69	15.70
8.22	0.69	15.71
8.23	0.69	15.70
8.24	0.70	15.72
8.25	0.70	15.72
8.26	0.70	15.74
8.27	0.70	15.76
8.28	0.70	15.80
8.29	0.70	15.80
8.30	0.70	15.81
8.31	0.70	15.83
8.32	0.70	15.84
8.33	0.70	15.83
8.34	0.70	15.83
8.35	0.70	15.84
8.36	0.71	15.85
8.37	0.71	15.86
8.38	0.71	15.85
8.39	0.71	15.84
8.40	0.71	15.85
8.41	0.71	15.86
8.42	0.71	15.84
8.43	0.71	15.84
8.44	0.71	15.86
8.45	0.71	15.87
8.46	0.71	15.85
8.47	0.71	15.85
8.48	0.72	15.86
8.49	0.72	15.88
8.50	0.72	15.88
8.51	0.72	15.85
8.52	0.72	15.84
8.53	0.72	15.82
8.54	0.72	15.83
8.55	0.72	15.85
8.56	0.72	15.85
8.57	0.72	15.86
8.58	0.72	15.89
8.59	0.72	15.88
8.60	0.73	15.85
8.61	0.73	15.87
8.62	0.73	15.89
8.63	0.73	15.87
8.64	0.73	15.89
8.65	0.73	15.91
8.66	0.73	15.91
8.67	0.73	15.90
8.68	0.73	15.90
8.69	0.73	15.92
8.70	0.73	15.94
8.71	0.73	15.96
8.72	0.74	15.94
8.73	0.74	15.95
8.74	0.74	15.97
8.75	0.74	15.95
8.76	0.74	15.95
8.77	0.74	15.96
8.78	0.74	15.94
8.79	0.74	15.95
8.80	0.74	15.96
8.81	0.74	15.97
8.82	0.74	15.96
8.83	0.74	16.00
8.84	0.75	16.00
8.85	0.75	15.98
8.86	0.75	15.98
8.87	0.75	15.98
8.88	0.75	15.99
8.89	0.75	16.00
8.90	0.75	15.99
8.91	0.75	15.98
8.92	0.75	15.99
8.93	0.75	15.98
8.94	0.75	15.99
8.95	0.75	16.01
8.96	0.76	16.00
8.97	0.76	16.03
8.98	0.76	16.05
8.99	0.76	16.06
9.00	0.76	16.06
9.01	0.76	16.05
9.02	0.76	16.07
9.03	0.76	16.08
9.04	0.76	16.11
9.05	0.76	16.13
9.06	0.76	16.14
9.07	0.76	16.14
9.08	0.77	16.15
9.09	0.77	16.16
9.10	0.77	16.16
9.11	0.77	16.16
9.12	0.77	16.17
9.13	0.77	16.18
9.14	0.77	16.17
9.15	0.77	16.17
9.16	0.77	16.19
9.17	0.77	16.18
9.18	0.77	16.17
9.19	0.77	16.21
9.20	0.78	16.19
9.21	0.78	16.19
9.22	0.78	16.22
9.23	0.78	16.22
9.24	0.78	16.22
9.25	0.78	16.23
9.26	0.78	16.25
9.27	0.78	16.23
9.28	0.78	16.22
9.29	0.78	16.25
9.30	0.78	16.28
9.31	0.78	16.26
9.32	0.79	16.23
9.33	0.79	16.25
9.34	0.79	16.24
9.35	0.79	16.24
9.36	0.79	16.25
9.37	0.79	16.25
9.38	0.79	16.24
9.39	0.79	16.24
9.40	0.79	16.25
9.41	0.79	16.28
9.42	0.79	16.31
9.43	0.79	16.33
9.44	0.80	16.35
9.45	0.80	16.35
9.46	0.80	16.39
9.47	0.80	16.42
9.48	0.80	16.41
9.49	0.80	16.42
9.50	0.80	16.42
9.51	0.80	16.44
9.52	0.80	16.46
9.53	0.80	16.47
9.54	0.80	16.49
9.55	0.80	16.50
9.56	0.81	16.50
9.57	0.81	16.51
9.58	0.81	16.52
9.59	0.81	16.51
9.60	0.81	16.52
9.61	0.81	16.53
9.62	0.81	16.53
9.63	0.81	16.54
9.64	0.81	16.53
9.65	0.81	16.54
9.66	0.81	16.55
9.67	0.81	16.57
9.68	0.82	16.59
9.69	0.82	16.57
9.70	0.82	16.59
9.71	0.82	16.61
9.72	0.82	16.64
9.73	0.82	16.64
9.74	0.82	16.63
9.75	0.82	16.66
9.76	0.82	16.70
9.77	0.82	16.71
9.78	0.82	16.70
9.79	0.82	16.72
9.80	0.83	16.73
9.81	0.83	16.73
9.82	0.83	16.75
9.83	0.83	16.76
9.84	0.83	16.75
9.85	0.83	16.76
9.86	0.83	16.79
9.87	0.83	16.82
9.88	0.83	16.78
9.89	0.83	16.78
9.90	0.83	16.80
9.91	0.83	16.79
9.92	0.84	16.76
9.93	0.84	16.75
9.94	0.84	16.77
9.95	0.84	16.79
9.96	0.84	16.81
9.97	0.84	16.80
9.98	0.84	16.80
9.99	0.84	16.80
10.00	0.84	16.79
10.01	0.84	16.80
10.02	0.84	16.81
10.03	0.84	16.81
10.04	0.85	16.82
10.05	0.85	16.83
10.06	0.85	16.84
10.07	0.85	16.85
10.08	0.85	16.87
10.09	0.85	16.88
10.10	0.85	16.88
10.11	0.85	16.88
10.12	0.85	16.89
10.13	0.85	16.89
10.14	0.85	16.88
10.15	0.85	16.89
10.16	0.86	16.88
10.17	0.86	16.90
10.18	0.86	16.89
10.19	0.86	16.87
10.20	0.86	16.87
10.21	0.86	16.86
10.22	0.86	16.87
10.23	0.86	16.87
10.24	0.86	16.89
10.25	0.86	16.91
10.26	0.86	16.90
10.27	0.86	16.91
10.28	0.87	16.89
10.29	0.87	16.91
10.30	0.87	16.92
10.31	0.87	16.92
10.32	0.87	16.92
10.33	0.87	16.92
10.34	0.87	16.93
10.35	0.87	16.94
10.36	0.87	16.95
10.37	0.87	16.98
10.38	0.87	17.02
10.39	0.87	17.05
10.40	0.88	17.06
10.41	0.88	17.06
10.42	0.88	17.05
10.43	0.88	17.03
10.44	0.88	17.05
10.45	0.88	17.08
10.46	0.88	17.09
10.47	0.88	17.09
10.48	0.88	17.10
10.49	0.88	17.10
10.50	0.88	17.08
10.51	0.88	17.11
10.52	0.89	17.15
10.53	0.89	17.19
10.54	0.89	17.23
10.55	0.89	17.29
10.56	0.89	17.32
10.57	0.89	17.32
10.58	0.89	17.35
10.59	0.89	17.34
10.60	0.89	17.34
10.61	0.89	17.36
10.62	0.89	17.37
10.63	0.89	17.37
10.64	0.90	17.36
10.65	0.90	17.38
10.66	0.90	17.40
10.67	0.90	17.42
10.68	0.90	17.44
10.69	0.90	17.46
10.70	0.90	17.47
10.71	0.90	17.53
10.72	0.90	17.60
10.73	0.90	17.63
10.74	0.90	17.68
10.75	0.90	17.73
10.76	0.91	17.76
10.77	0.91	17.79
10.78	0.91	17.81
10.79	0.91	17.85
10.80	0.91	17.89
10.81	0.91	17.93
10.82	0.91	17.97
10.83	0.91	17.99
10.84	0.91	18.02
10.85	0.91	18.08
10.86	0.91	18.14
10.87	0.91	18.25
10.88	0.92	18.40
10.89	0.92	18.50
10.90	0.92	18.59
10.91	0.92	18.65
10.92	0.92	18.66
10.93	0.92	18.71
10.94	0.92	18.73
10.95	0.92	18.75
10.96	0.92	18.81
10.97	0.92	18.87
10.98	0.92	18.95
10.99	0.92	19.06
11.00	0.93	19.20
11.01	0.93	19.33
11.02	0.93	19.48
11.03	0.93	19.65
11.04	0.93	19.79
11.05	0.93	19.95
11.06	0.93	20.12
11.07	0.93	20.26
11.08	0.93	20.45
11.09	0.93	20.63
11.10	0.93	20.82
11.11	0.93	20.97
11.12	0.94	21.11
11.13	0.94	21.26
11.14	0.94	21.40
11.15	0.94	21.52
11.16	0.94	21.64
11.17	0.94	21.77
11.18	0.94	21.90
11.19	0.94	22.05
11.20	0.94	22.19
11.21	0.94	22.35
11.22	0.94	22.51
11.23	0.94	22.66
11.24	0.95	22.82
11.25	0.95	22.97
11.26	0.95	23.14
11.27	0.95	23.29
11.28	0.95	23.47
11.29	0.95	23.68
11.30	0.95	23.90
11.31	0.95	24.09
11.32	0.95	24.32
11.33	0.95	24.54
11.34	0.95	24.75
11.35	0.95	24.95
11.36	0.96	25.15
11.37	0.96	25.38
11.38	0.96	25.60
11.39	0.96	25.78
11.40	0.96	25.99
11.41	0.96	26.21
11.42	0.96	26.41
11.43	0.96	26.60
11.44	0.96	26.80
11.45	0.96	27.01
11.46	0.96	27.21
11.47	0.96	27.41
11.48	0.97	27.61
11.49	0.97	27.84
11.50	0.97	28.07
11.51	0.97	28.28
11.52	0.97	28.51
11.53	0.97	28.73
11.54	0.97	28.92
11.55	0.97	29.14
11.56	0.97	29.37
11.57	0.97	29.57
11.58	0.97	29.75
11.59	0.97	29.94
11.60	0.98	30.17
11.61	0.98	30.40
11.62	0.98	30.58
11.63	0.98	30.78
11.64	0.98	31.01
11.65	0.98	31.21
11.66	0.98	31.42
11.67	0.98	31.63
11.68	0.98	31.84
11.69	0.98	32.07
11.70	0.98	32.30
11.71	0.98	32.52
11.72	0.99	32.71
11.73	0.99	32.90
11.74	0.99	33.12
11.75	0.99	33.34
11.76	0.99	33.56
11.77	0.99	33.76
11.78	0.99	33.98
11.79	0.99	34.18
11.80	0.99	34.38
11.81	0.99	34.63
11.82	0.99	34.85
11.83	0.99	35.07
11.84	1.00	35.29
11.85	1.00	35.53
11.86	1.00	35.76
11.87	1.00	35.95
11.88	1.00	36.15
11.89	1.00	36.35
11.90	1.00	36.58
11.91	1.00	36.81
11.92	1.00	37.02
11.93	1.00	37.24
11.94	1.00	37.42
11.95	1.00	37.63
11.96	1.01	37.86
11.97	1.01	38.10
11.98	1.01	38.34
11.99	1.01	38.54
12.00	1.01	38.76
12.01	1.01	39.00
12.02	1.01	39.20
12.03	1.01	39.40
12.04	1.01	39.61
12.05	1.01	39.83
12.06	1.01	40.05
12.07	1.01	40.24
12.08	1.02	40.46
12.09	1.02	40.67
12.10	1.02	40.87
12.11	1.02	41.08
12.12	1.02	41.32
12.13	1.02	41.52
12.14	1.02	41.72
12.15	1.02	41.96
12.16	1.02	42.18
12.17	1.02	42.39
12.18	1.02	42.61
12.19	1.02	42.80
12.20	1.03	43.00
12.21	1.03	43.22
12.22	1.03	43.44
12.23	1.03	43.62
12.24	1.03	43.83
12.25	1.03	44.04
12.26	1.03	44.24
12.27	1.03	44.46
12.28	1.03	44.70
12.29	1.03	44.91
12.30	1.03	45.08
12.31	1.03	45.31
12.32	1.04	45.53
12.33	1.04	45.74
12.34	1.04	45.95
12.35	1.04	46.15
12.36	1.04	46.35
12.37	1.04	46.54
12.38	1.04	46.75
12.39	1.04	46.98
12.40	1.04	47.20
12.41	1.04	47.44
12.42	1.04	47.66
12.43	1.04	47.86
12.44	1.05	48.11
12.45	1.05	48.35
12.46	1.05	48.54
12.47	1.05	48.76
12.48	1.05	48.97
12.49	1.05	49.17
12.50	1.05	49.38
12.51	1.05	49.61
12.52	1.05	49.83
12.53	1.05	50.03
12.54	1.05	50.23
12.55	1.05	50.44
12.56	1.06	50.67
12.57	1.06	50.90
12.58	1.06	51.11
12.59	1.06	51.35
12.60	1.06	51.57
12.61	1.06	51.79
12.62	1.06	52.02
12.63	1.06	52.21
12.64	1.06	52.40
12.65	1.06	52.62
12.66	1.06	52.84
12.67	1.06	53.06
12.68	1.07	53.25
12.69	1.07	53.47
12.70	1.07	53.68
12.71	1.07	53.90
12.72	1.07	54.12
12.73	1.07	54.32
12.74	1.07	54.51
12.75	1.07	54.76
12.76	1.07	55.01
12.77	1.07	55.22
12.78	1.07	55.42
12.79	1.07	55.61
12.80	1.08	55.83
12.81	1.08	56.03
12.82	1.08	56.23
12.83	1.08	56.43
12.84	1.08	56.65
12.85	1.08	56.85
12.86	1.08	57.05
12.87	1.08	57.27
12.88	1.08	57.48
12.89	1.08	57.68
12.90	1.08	57.91
12.91	1.08	58.15
12.92	1.09	58.35
12.93	1.09	58.56
12.94	1.09	58.75
12.95	1.09	58.93
12.96	1.09	59.13
12.97	1.09	59.35
12.98	1.09	59.56
12.99	1.09	59.75
13.00	1.09	59.94
13.01	1.09	60.17
13.02	1.09	60.37
13.03	1.09	60.57
13.04	1.10	60.81
13.05	1.10	61.04
13.06	1.10	61.22
13.07	1.10	61.43
13.08	1.10	61.66
13.09	1.10	61.86
13.10	1.10	62.09
13.11	1.10	62.26
13.12	1.10	62.43
13.13	1.10	62.65
13.14	1.10	62.85
13.15	1.10	63.06
13.16	1.11	63.29
13.17	1.11	63.50
13.18	1.11	63.70
13.19	1.11	63.90
13.20	1.11	64.09
13.21	1.11	64.31
13.22	1.11	64.52
13.23	1.11	64.72
13.24	1.11	64.93
13.25	1.11	65.14
13.26	1.11	65.34
13.27	1.11	65.53
13.28	1.12	65.71
13.29	1.12	65.89
13.30	1.12	66.10
13.31	1.12	66.31
13.32	1.12	66.50
13.33	1.12	66.66
13.34	1.12	66.83
13.35	1.12	67.01
13.36	1.12	67.22
13.37	1.12	67.40
13.38	1.12	67.60
13.39	1.12	67.82
13.40	1.13	68.00
13.41	1.13	68.18
13.42	1.13	68.37
13.43	1.13	68.56
13.44	1.13	68.72
13.45	1.13	68.91
13.46	1.13	69.12
13.47	1.13	69.32
13.48	1.13	69.49
13.49	1.13	69.68
13.50	1.13	69.92
13.51	1.13	70.14
13.52	1.14	70.33
13.53	1.14	70.51
13.54	1.14	70.70
13.55	1.14	70.90
13.56	1.14	71.08
13.57	1.14	71.28
13.58	1.14	71.49
13.59	1.14	71.68
13.60	1.14	71.86
13.61	1.14	72.03
13.62	1.14	72.23
13.63	1.14	72.42
13.64	1.15	72.61
13.65	1.15	72.80
13.66	1.15	73.00
13.67	1.15	73.20
13.68	1.15	73.40
13.69	1.15	73.59
13.70	1.15	73.78
13.71	1.15	73.97
13.72	1.15	74.15
13.73	1.15	74.31
13.74	1.15	74.50
13.75	1.15	74.72
13.76	1.16	74.88
13.77	1.16	75.04
13.78	1.16	75.23
13.79	1.16	75.43
13.80	1.16	75.62
13.81	1.16	75.82
13.82	1.16	76.02
13.83	1.16	76.20
13.84	1.16	76.39
13.85	1.16	76.60
13.86	1.16	76.79
13.87	1.16	76.96
13.88	1.17	77.15
13.89	1.17	77.33
13.90	1.17	77.50
13.91	1.17	77.67
13.92	1.17	77.83
13.93	1.17	78.00
13.94	1.17	78.20
13.95	1.17	78.37
13.96	1.17	78.55
13.97	1.17	78.74
13.98	1.17	78.90
13.99	1.17	79.10
14.00	1.18	79.31
14.01	1.18	79.51
14.02	1.18	79.68
14.03	1.18	79.81
14.04	1.18	80.01
14.05	1.18	80.20
14.06	1.18	80.35
14.07	1.18	80.53
14.08	1.18	80.70
14.09	1.18	80.88
14.10	1.18	81.05
14.11	1.18	81.23
14.12	1.19	81.43
14.13	1.19	81.61
14.14	1.19	81.79
14.15	1.19	81.98
14.16	1.19	82.18
14.17	1.19	82.35
14.18	1.19	82.50
14.19	1.19	82.66
14.20	1.19	82.82
14.21	1.19	83.03
14.22	1.19	83.21
14.23	1.19	83.37
14.24	1.20	83.55
14.25	1.20	83.71
14.26	1.20	83.88
14.27	1.20	84.06
14.28	1.20	84.25
14.29	1.20	84.44
14.30	1.20	84.63
14.31	1.20	84.78
14.32	1.20	84.97
14.33	1.20	85.16
14.34	1.20	85.34
14.35	1.20	85.48
14.36	1.21	85.62
14.37	1.21	85.79
14.38	1.21	85.97
14.39	1.21	86.15
14.40	1.21	86.31
14.41	1.21	86.44
14.42	1.21	86.58
14.43	1.21	86.75
14.44	1.21	86.92
14.45	1.21	87.06
14.46	1.21	87.20
14.47	1.21	87.37
14.48	1.22	84.39
14.49	1.22	42.23
