0.01	0.01	2.04
0.02	0.01	2.32
0.03	0.01	2.71
0.04	0.01	3.08
0.05	0.01	3.46
0.06	0.01	3.82
0.07	0.01	4.13
0.08	0.01	4.41
0.09	0.02	4.66
0.10	0.02	4.88
0.11	0.02	5.09
0.12	0.02	5.28
0.13	0.02	5.46
0.14	0.02	5.64
0.15	0.02	5.86
0.16	0.02	6.07
0.17	0.02	6.24
0.18	0.02	6.37
0.19	0.02	6.51
0.20	0.02	6.67
0.21	0.03	6.84
0.22	0.03	7.00
0.23	0.03	7.18
0.24	0.03	7.45
0.25	0.03	7.70
0.26	0.03	7.87
0.27	0.03	8.01
0.28	0.03	8.10
0.29	0.03	8.16
0.30	0.03	8.27
0.31	0.03	8.39
0.32	0.03	8.51
0.33	0.04	8.72
0.34	0.04	8.96
0.35	0.04	9.10
0.36	0.04	9.24
0.37	0.04	9.34
0.38	0.04	9.39
0.39	0.04	9.47
0.40	0.04	9.57
0.41	0.04	9.72
0.42	0.04	9.88
0.43	0.04	9.97
0.44	0.04	10.02
0.45	0.05	10.04
0.46	0.05	10.05
0.47	0.05	10.06
0.48	0.05	10.06
0.49	0.05	10.05
0.50	0.05	10.08
0.51	0.05	10.11
0.52	0.05	10.10
0.53	0.05	10.10
0.54	0.05	10.11
0.55	0.05	10.09
0.56	0.05	10.09
0.57	0.06	10.11
0.58	0.06	10.10
0.59	0.06	10.10
0.60	0.06	10.11
0.61	0.06	10.12
0.62	0.06	10.11
0.63	0.06	10.13
0.64	0.06	10.15
0.65	0.06	10.14
0.66	0.06	10.13
0.67	0.06	10.12
0.68	0.06	10.15
0.69	0.07	10.15
0.70	0.07	10.15
0.71	0.07	10.15
0.72	0.07	10.13
0.73	0.07	10.14
0.74	0.07	10.16
0.75	0.07	10.15
0.76	0.07	10.18
0.77	0.07	10.17
0.78	0.07	10.16
0.79	0.07	10.17
0.80	0.07	10.17
0.81	0.08	10.18
0.82	0.08	10.17
0.83	0.08	10.16
0.84	0.08	10.20
0.85	0.08	10.21
0.86	0.08	10.19
0.87	0.08	10.19
0.88	0.08	10.21
0.89	0.08	10.20
0.90	0.08	10.19
0.91	0.08	10.22
0.92	0.08	10.24
0.93	0.09	10.22
0.94	0.09	10.20
0.95	0.09	10.21
0.96	0.09	10.22
0.97	0.09	10.20
0.98	0.09	10.20
0.99	0.09	10.22
1.00	0.09	10.26
1.01	0.09	10.24
1.02	0.09	10.21
1.03	0.09	10.21
1.04	0.09	10.23
1.05	0.10	10.27
1.06	0.10	10.25
1.07	0.10	10.21
1.08	0.10	10.18
1.09	0.10	10.20
1.10	0.10	10.24
1.11	0.10	10.21
1.12	0.10	10.22
1.13	0.10	10.26
1.14	0.10	10.27
1.15	0.10	10.28
1.16	0.10	10.24
1.17	0.11	10.22
1.18	0.11	10.25
1.19	0.11	10.25
1.20	0.11	10.23
1.21	0.11	10.22
1.22	0.11	10.22
1.23	0.11	10.23
1.24	0.11	10.24
1.25	0.11	10.23
1.26	0.11	10.22
1.27	0.11	10.22
1.28	0.11	10.25
1.29	0.12	10.26
1.30	0.12	10.23
1.31	0.12	10.26
1.32	0.12	10.27
1.33	0.12	10.24
1.34	0.12	10.23
1.35	0.12	10.23
1.36	0.12	10.24
1.37	0.12	10.22
1.38	0.12	10.23
1.39	0.12	10.25
1.40	0.12	10.25
1.41	0.13	10.27
1.42	0.13	10.27
1.43	0.13	10.25
1.44	0.13	10.23
1.45	0.13	10.24
1.46	0.13	10.24
1.47	0.13	10.24
1.48	0.13	10.25
1.49	0.13	10.24
1.50	0.13	10.26
1.51	0.13	10.26
1.52	0.13	10.26
1.53	0.14	10.25
1.54	0.14	10.24
1.55	0.14	10.26
1.56	0.14	10.25
1.57	0.14	10.26
1.58	0.14	10.27
1.59	0.14	10.25
1.60	0.14	10.23
1.61	0.14	10.23
1.62	0.14	10.24
1.63	0.14	10.25
1.64	0.14	10.23
1.65	0.15	10.21
1.66	0.15	10.24
1.67	0.15	10.24
1.68	0.15	10.22
1.69	0.15	10.23
1.70	0.15	10.22
1.71	0.15	10.21
1.72	0.15	10.19
1.73	0.15	10.21
1.74	0.15	10.23
1.75	0.15	10.22
1.76	0.15	10.20
1.77	0.16	10.19
1.78	0.16	10.22
1.79	0.16	10.23
1.80	0.16	10.20
1.81	0.16	10.23
1.82	0.16	10.21
1.83	0.16	10.20
1.84	0.16	10.22
1.85	0.16	10.23
1.86	0.16	10.24
1.87	0.16	10.23
1.88	0.16	10.21
1.89	0.17	10.22
1.90	0.17	10.22
1.91	0.17	10.22
1.92	0.17	10.23
1.93	0.17	10.23
1.94	0.17	10.22
1.95	0.17	10.21
1.96	0.17	10.21
1.97	0.17	10.20
1.98	0.17	10.21
1.99	0.17	10.20
2.00	0.17	10.22
2.01	0.18	10.23
2.02	0.18	10.21
2.03	0.18	10.19
2.04	0.18	10.21
2.05	0.18	10.23
2.06	0.18	10.23
2.07	0.18	10.23
2.08	0.18	10.24
2.09	0.18	10.24
2.10	0.18	10.22
2.11	0.18	10.20
2.12	0.18	10.20
2.13	0.19	10.22
2.14	0.19	10.23
2.15	0.19	10.22
2.16	0.19	10.20
2.17	0.19	10.21
2.18	0.19	10.22
2.19	0.19	10.23
2.20	0.19	10.24
2.21	0.19	10.24
2.22	0.19	10.23
2.23	0.19	10.21
2.24	0.19	10.21
2.25	0.20	10.22
2.26	0.20	10.20
2.27	0.20	10.20
2.28	0.20	10.20
2.29	0.20	10.20
2.30	0.20	10.23
2.31	0.20	10.25
2.32	0.20	10.23
2.33	0.20	10.23
2.34	0.20	10.22
2.35	0.20	10.23
2.36	0.20	10.22
2.37	0.21	10.18
2.38	0.21	10.21
2.39	0.21	10.22
2.40	0.21	10.21
2.41	0.21	10.22
2.42	0.21	10.20
2.43	0.21	10.22
2.44	0.21	10.23
2.45	0.21	10.23
2.46	0.21	10.23
2.47	0.21	10.22
2.48	0.21	10.23
2.49	0.22	10.23
2.50	0.22	10.23
2.51	0.22	10.21
2.52	0.22	10.21
2.53	0.22	10.22
2.54	0.22	10.22
2.55	0.22	10.22
2.56	0.22	10.22
2.57	0.22	10.22
2.58	0.22	10.22
2.59	0.22	10.22
2.60	0.22	10.21
2.61	0.23	10.23
2.62	0.23	10.23
2.63	0.23	10.23
2.64	0.23	10.25
2.65	0.23	10.23
2.66	0.23	10.23
2.67	0.23	10.24
2.68	0.23	10.23
2.69	0.23	10.24
2.70	0.23	10.26
2.71	0.23	10.26
2.72	0.23	10.23
2.73	0.24	10.23
2.74	0.24	10.22
2.75	0.24	10.21
2.76	0.24	10.24
2.77	0.24	10.24
2.78	0.24	10.23
2.79	0.24	10.21
2.80	0.24	10.23
2.81	0.24	10.25
2.82	0.24	10.25
2.83	0.24	10.24
2.84	0.24	10.23
2.85	0.25	10.25
2.86	0.25	10.22
2.87	0.25	10.20
2.88	0.25	10.24
2.89	0.25	10.25
2.90	0.25	10.22
2.91	0.25	10.21
2.92	0.25	10.23
2.93	0.25	10.22
2.94	0.25	10.24
2.95	0.25	10.23
2.96	0.25	10.23
2.97	0.26	10.25
2.98	0.26	10.22
2.99	0.26	10.23
3.00	0.26	10.21
3.01	0.26	10.19
3.02	0.26	10.19
3.03	0.26	10.20
3.04	0.26	10.22
3.05	0.26	10.22
3.06	0.26	10.23
3.07	0.26	10.22
3.08	0.26	10.24
3.09	0.27	10.22
3.10	0.27	10.20
3.11	0.27	10.23
3.12	0.27	10.23
3.13	0.27	10.22
3.14	0.27	10.24
3.15	0.27	10.28
3.16	0.27	10.29
3.17	0.27	10.30
3.18	0.27	10.30
3.19	0.27	10.32
3.20	0.27	10.33
3.21	0.28	10.32
3.22	0.28	10.33
3.23	0.28	10.31
3.24	0.28	10.30
3.25	0.28	10.33
3.26	0.28	10.33
3.27	0.28	10.32
3.28	0.28	10.31
3.29	0.28	10.30
3.30	0.28	10.30
3.31	0.28	10.30
3.32	0.28	10.33
3.33	0.29	10.32
3.34	0.29	10.28
3.35	0.29	10.31
3.36	0.29	10.32
3.37	0.29	10.30
3.38	0.29	10.31
3.39	0.29	10.34
3.40	0.29	10.33
3.41	0.29	10.33
3.42	0.29	10.33
3.43	0.29	10.31
3.44	0.29	10.32
3.45	0.30	10.33
3.46	0.30	10.33
3.47	0.30	10.31
3.48	0.30	10.31
3.49	0.30	10.32
3.50	0.30	10.33
3.51	0.30	10.33
3.52	0.30	10.30
3.53	0.30	10.29
3.54	0.30	10.31
3.55	0.30	10.32
3.56	0.30	10.32
3.57	0.31	10.29
3.58	0.31	10.29
3.59	0.31	10.30
3.60	0.31	10.31
3.61	0.31	10.32
3.62	0.31	10.31
3.63	0.31	10.29
3.64	0.31	10.30
3.65	0.31	10.32
3.66	0.31	10.33
3.67	0.31	10.33
3.68	0.31	10.35
3.69	0.32	10.34
3.70	0.32	10.34
3.71	0.32	10.33
3.72	0.32	10.30
3.73	0.32	10.33
3.74	0.32	10.32
3.75	0.32	10.33
3.76	0.32	10.33
3.77	0.32	10.33
3.78	0.32	10.32
3.79	0.32	10.31
3.80	0.32	10.34
3.81	0.33	10.37
3.82	0.33	10.34
3.83	0.33	10.32
3.84	0.33	10.36
3.85	0.33	10.36
3.86	0.33	10.34
3.87	0.33	10.33
3.88	0.33	10.35
3.89	0.33	10.34
3.90	0.33	10.31
3.91	0.33	10.33
3.92	0.33	10.34
3.93	0.34	10.35
3.94	0.34	10.35
3.95	0.34	10.32
3.96	0.34	10.32
3.97	0.34	10.34
3.98	0.34	10.35
3.99	0.34	10.37
4.00	0.34	10.36
4.01	0.34	10.34
4.02	0.34	10.37
4.03	0.34	10.39
4.04	0.34	10.38
4.05	0.35	10.37
4.06	0.35	10.37
4.07	0.35	10.38
4.08	0.35	10.39
4.09	0.35	10.35
4.10	0.35	10.35
4.11	0.35	10.37
4.12	0.35	10.36
4.13	0.35	10.38
4.14	0.35	10.38
4.15	0.35	10.37
4.16	0.35	10.38
4.17	0.36	10.38
4.18	0.36	10.39
4.19	0.36	10.38
4.20	0.36	10.42
4.21	0.36	10.42
4.22	0.36	10.41
4.23	0.36	10.41
4.24	0.36	10.42
4.25	0.36	10.41
4.26	0.36	10.42
4.27	0.36	10.44
4.28	0.36	10.42
4.29	0.37	10.45
4.30	0.37	10.48
4.31	0.37	10.50
4.32	0.37	10.55
4.33	0.37	10.55
4.34	0.37	10.56
4.35	0.37	10.58
4.36	0.37	10.61
4.37	0.37	10.61
4.38	0.37	10.60
4.39	0.37	10.60
4.40	0.37	10.58
4.41	0.38	10.59
4.42	0.38	10.63
4.43	0.38	10.66
4.44	0.38	10.68
4.45	0.38	10.66
4.46	0.38	10.67
4.47	0.38	10.72
4.48	0.38	10.77
4.49	0.38	10.79
4.50	0.38	10.82
4.51	0.38	10.85
4.52	0.38	10.86
4.53	0.39	10.59
4.54	0.39	10.30
4.55	0.39	10.31
4.56	0.39	10.32
4.57	0.39	10.30
4.58	0.39	10.29
4.59	0.39	10.26
4.60	0.39	10.25
4.61	0.39	10.25
4.62	0.39	10.23
4.63	0.39	10.22
4.64	0.39	10.22
4.65	0.40	10.20
4.66	0.40	10.19
4.67	0.40	10.20
4.68	0.40	10.20
4.69	0.40	10.20
4.70	0.40	10.18
4.71	0.40	10.18
4.72	0.40	10.18
4.73	0.40	10.17
4.74	0.40	10.18
4.75	0.40	10.17
4.76	0.40	10.17
4.77	0.41	10.16
4.78	0.41	10.18
4.79	0.41	10.17
4.80	0.41	10.15
4.81	0.41	10.16
4.82	0.41	10.16
4.83	0.41	10.15
4.84	0.41	10.13
4.85	0.41	10.13
4.86	0.41	10.14
4.87	0.41	10.11
4.88	0.42	10.09
4.89	0.42	10.08
4.90	0.42	10.08
4.91	0.42	10.09
4.92	0.42	10.07
4.93	0.42	10.08
4.94	0.42	10.08
4.95	0.42	10.06
4.96	0.42	10.04
4.97	0.42	10.05
4.98	0.42	10.06
4.99	0.42	10.06
5.00	0.42	10.06
5.01	0.43	10.06
5.02	0.43	10.05
5.03	0.43	10.09
5.04	0.43	10.10
5.05	0.43	10.10
5.06	0.43	10.12
5.07	0.43	10.11
5.08	0.43	10.10
5.09	0.43	10.11
5.10	0.43	10.09
5.11	0.43	10.07
5.12	0.43	10.06
5.13	0.44	10.05
5.14	0.44	10.02
5.15	0.44	10.01
5.16	0.44	10.00
5.17	0.44	9.97
5.18	0.44	9.97
5.19	0.44	9.98
5.20	0.44	9.96
5.21	0.44	9.91
5.22	0.44	9.92
5.23	0.44	9.93
5.24	0.44	9.89
5.25	0.45	9.88
5.26	0.45	9.89
5.27	0.45	9.91
5.28	0.45	9.92
5.29	0.45	9.90
5.30	0.45	9.90
5.31	0.45	9.91
5.32	0.45	9.92
5.33	0.45	9.92
5.34	0.45	9.91
5.35	0.45	9.91
5.36	0.45	9.93
5.37	0.46	9.97
5.38	0.46	10.03
5.39	0.46	10.11
5.40	0.46	10.28
5.41	0.46	10.46
5.42	0.46	10.68
5.43	0.46	10.88
5.44	0.46	10.98
5.45	0.46	11.02
5.46	0.46	11.06
5.47	0.46	11.11
5.48	0.46	11.11
5.49	0.47	11.15
5.50	0.47	11.19
5.51	0.47	11.20
5.52	0.47	11.23
5.53	0.47	11.26
5.54	0.47	11.27
5.55	0.47	11.30
5.56	0.47	11.36
5.57	0.47	11.37
5.58	0.47	11.35
5.59	0.47	11.36
5.60	0.47	11.39
5.61	0.48	11.39
5.62	0.48	11.38
5.63	0.48	11.36
5.64	0.48	11.35
5.65	0.48	11.33
5.66	0.48	11.35
5.67	0.48	11.37
5.68	0.48	11.36
5.69	0.48	11.36
5.70	0.48	11.36
5.71	0.48	11.37
5.72	0.48	11.37
5.73	0.49	11.40
5.74	0.49	11.42
5.75	0.49	11.38
5.76	0.49	11.39
5.77	0.49	11.42
5.78	0.49	11.42
5.79	0.49	11.41
5.80	0.49	11.43
5.81	0.49	11.45
5.82	0.49	11.45
5.83	0.49	11.45
5.84	0.49	11.45
5.85	0.50	11.49
5.86	0.50	11.51
5.87	0.50	11.50
5.88	0.50	11.54
5.89	0.50	11.59
5.90	0.50	11.62
5.91	0.50	11.62
5.92	0.50	11.63
5.93	0.50	11.65
5.94	0.50	11.69
5.95	0.50	11.71
5.96	0.50	11.73
5.97	0.51	11.80
5.98	0.51	11.85
5.99	0.51	11.89
6.00	0.51	11.93
6.01	0.51	11.97
6.02	0.51	12.00
6.03	0.51	12.03
6.04	0.51	12.09
6.05	0.51	12.11
6.06	0.51	12.13
6.07	0.51	12.17
6.08	0.51	12.20
6.09	0.52	12.26
6.10	0.52	12.31
6.11	0.52	12.36
6.12	0.52	12.40
6.13	0.52	12.44
6.14	0.52	12.48
6.15	0.52	12.54
6.16	0.52	12.62
6.17	0.52	12.68
6.18	0.52	12.75
6.19	0.52	12.77
6.20	0.53	12.80
6.21	0.53	12.85
6.22	0.53	12.88
6.23	0.53	12.91
6.24	0.53	12.91
6.25	0.53	12.94
6.26	0.53	12.96
6.27	0.53	12.99
6.28	0.53	12.98
6.29	0.53	12.97
6.30	0.53	13.01
6.31	0.53	12.98
6.32	0.53	12.98
6.33	0.54	13.00
6.34	0.54	13.00
6.35	0.54	13.01
6.36	0.54	12.99
6.37	0.54	13.00
6.38	0.54	13.02
6.39	0.54	13.03
6.40	0.54	13.03
6.41	0.54	13.05
6.42	0.54	13.07
6.43	0.54	13.09
6.44	0.54	13.13
6.45	0.55	13.14
6.46	0.55	13.14
6.47	0.55	13.12
6.48	0.55	13.10
6.49	0.55	13.12
6.50	0.55	13.13
6.51	0.55	13.11
6.52	0.55	13.12
6.53	0.55	13.14
6.54	0.55	13.14
6.55	0.55	13.14
6.56	0.55	13.16
6.57	0.56	13.19
6.58	0.56	13.19
6.59	0.56	13.19
6.60	0.56	13.20
6.61	0.56	13.19
6.62	0.56	13.20
6.63	0.56	13.21
6.64	0.56	13.18
6.65	0.56	13.19
6.66	0.56	13.19
6.67	0.56	13.21
6.68	0.56	13.21
6.69	0.57	13.20
6.70	0.57	13.20
6.71	0.57	13.19
6.72	0.57	13.18
6.73	0.57	13.19
6.74	0.57	13.22
6.75	0.57	13.20
6.76	0.57	13.19
6.77	0.57	13.20
6.78	0.57	13.19
6.79	0.57	13.17
6.80	0.57	13.18
6.81	0.58	13.19
6.82	0.58	13.19
6.83	0.58	13.20
6.84	0.58	13.21
6.85	0.58	13.21
6.86	0.58	13.22
6.87	0.58	13.24
6.88	0.58	13.24
6.89	0.58	13.27
6.90	0.58	13.29
6.91	0.58	13.32
6.92	0.58	13.33
6.93	0.59	13.31
6.94	0.59	13.31
6.95	0.59	13.32
6.96	0.59	13.32
6.97	0.59	13.31
6.98	0.59	13.32
6.99	0.59	13.33
7.00	0.59	13.32
7.01	0.59	13.32
7.02	0.59	13.31
7.03	0.59	13.32
7.04	0.59	13.32
7.05	0.60	13.34
7.06	0.60	13.31
7.07	0.60	13.29
7.08	0.60	13.31
7.09	0.60	13.31
7.10	0.60	13.30
7.11	0.60	13.33
7.12	0.60	13.37
7.13	0.60	13.35
7.14	0.60	13.34
7.15	0.60	13.36
7.16	0.60	13.37
7.17	0.61	13.38
7.18	0.61	13.37
7.19	0.61	13.37
7.20	0.61	13.35
7.21	0.61	13.35
7.22	0.61	13.38
7.23	0.61	13.38
7.24	0.61	13.39
7.25	0.61	13.39
7.26	0.61	13.38
7.27	0.61	13.38
7.28	0.61	13.43
7.29	0.62	13.45
7.30	0.62	13.42
7.31	0.62	13.42
7.32	0.62	13.42
7.33	0.62	13.44
7.34	0.62	13.45
7.35	0.62	13.46
7.36	0.62	13.45
7.37	0.62	13.44
7.38	0.62	13.48
7.39	0.62	13.47
7.40	0.62	13.47
7.41	0.63	13.48
7.42	0.63	13.47
7.43	0.63	13.49
7.44	0.63	13.49
7.45	0.63	13.47
7.46	0.63	13.49
7.47	0.63	13.52
7.48	0.63	13.52
7.49	0.63	13.50
7.50	0.63	13.52
7.51	0.63	13.48
7.52	0.63	13.48
7.53	0.64	13.52
7.54	0.64	13.51
7.55	0.64	13.53
7.56	0.64	13.54
7.57	0.64	13.56
7.58	0.64	13.57
7.59	0.64	13.57
7.60	0.64	13.60
7.61	0.64	13.59
7.62	0.64	13.59
7.63	0.64	13.59
7.64	0.64	13.59
7.65	0.65	13.60
7.66	0.65	13.61
7.67	0.65	13.63
7.68	0.65	13.63
7.69	0.65	13.62
7.70	0.65	13.62
7.71	0.65	13.65
7.72	0.65	13.65
7.73	0.65	13.68
7.74	0.65	13.71
7.75	0.65	13.72
7.76	0.65	13.71
7.77	0.66	13.72
7.78	0.66	13.72
7.79	0.66	13.72
7.80	0.66	13.75
7.81	0.66	13.76
7.82	0.66	13.76
7.83	0.66	13.77
7.84	0.66	13.76
7.85	0.66	13.76
7.86	0.66	13.78
7.87	0.66	13.79
7.88	0.66	13.78
7.89	0.67	13.80
7.90	0.67	13.83
7.91	0.67	13.85
7.92	0.67	13.85
7.93	0.67	13.84
7.94	0.67	13.85
7.95	0.67	13.90
7.96	0.67	13.91
7.97	0.67	13.92
7.98	0.67	13.96
7.99	0.67	13.97
8.00	0.67	13.94
8.01	0.68	13.95
8.02	0.68	13.97
8.03	0.68	13.98
8.04	0.68	14.00
8.05	0.68	14.00
8.06	0.68	13.98
8.07	0.68	13.99
8.08	0.68	13.99
8.09	0.68	14.00
8.10	0.68	13.99
8.11	0.68	13.99
8.12	0.68	14.00
8.13	0.69	14.01
8.14	0.69	14.02
8.15	0.69	14.02
8.16	0.69	14.02
8.17	0.69	14.04
8.18	0.69	14.04
8.19	0.69	14.03
8.20	0.69	14.04
8.21	0.69	14.07
8.22	0.69	14.08
8.23	0.69	14.06
8.24	0.69	14.05
8.25	0.70	14.07
8.26	0.70	14.08
8.27	0.70	14.09
8.28	0.70	14.10
8.29	0.70	14.11
8.30	0.70	14.14
8.31	0.70	14.14
8.32	0.70	14.16
8.33	0.70	14.17
8.34	0.70	14.18
8.35	0.70	14.21
8.36	0.70	14.19
8.37	0.71	14.21
8.38	0.71	14.25
8.39	0.71	14.26
8.40	0.71	14.24
8.41	0.71	14.24
8.42	0.71	14.25
8.43	0.71	14.24
8.44	0.71	14.24
8.45	0.71	14.25
8.46	0.71	14.26
8.47	0.71	14.27
8.48	0.71	14.28
8.49	0.72	14.30
8.50	0.72	14.30
8.51	0.72	14.29
8.52	0.72	14.28
8.53	0.72	14.28
8.54	0.72	14.30
8.55	0.72	14.31
8.56	0.72	14.32
8.57	0.72	14.31
8.58	0.72	14.30
8.59	0.72	14.31
8.60	0.72	14.32
8.61	0.73	14.33
8.62	0.73	14.32
8.63	0.73	14.32
8.64	0.73	14.35
8.65	0.73	14.38
8.66	0.73	14.38
8.67	0.73	14.35
8.68	0.73	14.36
8.69	0.73	14.39
8.70	0.73	14.41
8.71	0.73	14.43
8.72	0.73	14.44
8.73	0.74	14.45
8.74	0.74	14.45
8.75	0.74	14.46
8.76	0.74	14.45
8.77	0.74	14.47
8.78	0.74	14.49
8.79	0.74	14.52
8.80	0.74	14.56
8.81	0.74	14.55
8.82	0.74	14.55
8.83	0.74	14.56
8.84	0.74	14.56
8.85	0.75	14.58
8.86	0.75	14.60
8.87	0.75	14.60
8.88	0.75	14.60
8.89	0.75	14.59
8.90	0.75	14.60
8.91	0.75	14.63
8.92	0.75	14.65
8.93	0.75	14.68
8.94	0.75	14.67
8.95	0.75	14.66
8.96	0.75	14.70
8.97	0.76	14.72
8.98	0.76	14.79
8.99	0.76	14.86
9.00	0.76	14.88
9.01	0.76	14.93
9.02	0.76	15.00
9.03	0.76	15.05
9.04	0.76	15.07
9.05	0.76	15.09
9.06	0.76	15.11
9.07	0.76	15.16
9.08	0.76	15.30
9.09	0.77	15.41
9.10	0.77	15.50
9.11	0.77	15.54
9.12	0.77	15.56
9.13	0.77	15.61
9.14	0.77	15.69
9.15	0.77	15.77
9.16	0.77	15.82
9.17	0.77	15.92
9.18	0.77	16.01
9.19	0.77	16.08
9.20	0.77	16.14
9.21	0.78	16.22
9.22	0.78	16.29
9.23	0.78	16.31
9.24	0.78	16.36
9.25	0.78	16.45
9.26	0.78	16.53
9.27	0.78	16.61
9.28	0.78	16.70
9.29	0.78	16.78
9.30	0.78	16.86
9.31	0.78	17.01
9.32	0.78	17.14
9.33	0.79	17.30
9.34	0.79	17.48
9.35	0.79	17.67
9.36	0.79	17.83
9.37	0.79	17.92
9.38	0.79	18.07
9.39	0.79	18.25
9.40	0.79	18.42
9.41	0.79	18.62
9.42	0.79	18.86
9.43	0.79	19.08
9.44	0.79	19.27
9.45	0.80	19.50
9.46	0.80	19.72
9.47	0.80	19.85
9.48	0.80	19.96
9.49	0.80	20.13
9.50	0.80	20.32
9.51	0.80	20.48
9.52	0.80	20.64
9.53	0.80	20.84
9.54	0.80	21.01
9.55	0.80	21.20
9.56	0.80	21.45
9.57	0.81	21.65
9.58	0.81	21.85
9.59	0.81	22.09
9.60	0.81	22.35
9.61	0.81	22.57
9.62	0.81	22.79
9.63	0.81	23.03
9.64	0.81	23.27
9.65	0.81	23.51
9.66	0.81	23.77
9.67	0.81	24.03
9.68	0.81	24.28
9.69	0.82	24.55
9.70	0.82	24.79
9.71	0.82	25.07
9.72	0.82	25.35
9.73	0.82	25.62
9.74	0.82	25.87
9.75	0.82	26.11
9.76	0.82	26.45
9.77	0.82	26.77
9.78	0.82	27.05
9.79	0.82	27.33
9.80	0.82	27.65
9.81	0.83	27.99
9.82	0.83	28.29
9.83	0.83	28.59
9.84	0.83	28.88
9.85	0.83	29.18
9.86	0.83	29.49
9.87	0.83	29.76
9.88	0.83	30.04
9.89	0.83	30.36
9.90	0.83	30.65
9.91	0.83	30.96
9.92	0.83	31.29
9.93	0.84	31.61
9.94	0.84	31.96
9.95	0.84	32.33
9.96	0.84	32.69
9.97	0.84	33.05
9.98	0.84	33.39
9.99	0.84	33.74
10.00	0.84	34.11
10.01	0.84	34.45
10.02	0.84	34.79
10.03	0.84	35.14
10.04	0.84	35.51
10.05	0.85	35.85
10.06	0.85	36.21
10.07	0.85	36.61
10.08	0.85	36.98
10.09	0.85	37.30
10.10	0.85	37.67
10.11	0.85	38.07
10.12	0.85	38.45
10.13	0.85	38.79
10.14	0.85	39.17
10.15	0.85	39.54
10.16	0.85	39.88
10.17	0.86	40.26
10.18	0.86	40.64
10.19	0.86	41.00
10.20	0.86	41.31
10.21	0.86	41.64
10.22	0.86	42.03
10.23	0.86	42.40
10.24	0.86	42.75
10.25	0.86	43.14
10.26	0.86	43.54
10.27	0.86	43.90
10.28	0.86	44.22
10.29	0.87	44.58
10.30	0.87	44.94
10.31	0.87	45.28
10.32	0.87	45.64
10.33	0.87	45.97
10.34	0.87	46.31
10.35	0.87	46.68
10.36	0.87	47.03
10.37	0.87	47.38
10.38	0.87	47.72
10.39	0.87	48.09
10.40	0.87	48.44
10.41	0.88	48.76
10.42	0.88	49.14
10.43	0.88	49.52
10.44	0.88	49.86
10.45	0.88	50.20
10.46	0.88	50.56
10.47	0.88	50.92
10.48	0.88	51.25
10.49	0.88	51.60
10.50	0.88	51.95
10.51	0.88	52.28
10.52	0.88	52.60
10.53	0.89	52.97
10.54	0.89	53.38
10.55	0.89	53.73
10.56	0.89	54.08
10.57	0.89	54.44
10.58	0.89	54.81
10.59	0.89	55.19
10.60	0.89	55.54
10.61	0.89	55.85
10.62	0.89	56.18
10.63	0.89	56.55
10.64	0.89	56.90
10.65	0.90	57.23
10.66	0.90	57.56
10.67	0.90	57.90
10.68	0.90	58.25
10.69	0.90	58.60
10.70	0.90	58.96
10.71	0.90	59.29
10.72	0.90	59.65
10.73	0.90	60.01
10.74	0.90	60.34
10.75	0.90	60.71
10.76	0.90	61.07
10.77	0.91	61.39
10.78	0.91	61.75
10.79	0.91	62.12
10.80	0.91	62.40
10.81	0.91	62.72
10.82	0.91	63.08
10.83	0.91	63.40
10.84	0.91	63.74
10.85	0.91	64.08
10.86	0.91	64.43
10.87	0.91	64.79
10.88	0.91	65.11
10.89	0.92	65.44
10.90	0.92	65.81
10.91	0.92	66.16
10.92	0.92	66.47
10.93	0.92	66.79
10.94	0.92	67.12
10.95	0.92	67.44
10.96	0.92	67.74
10.97	0.92	68.06
10.98	0.92	68.40
10.99	0.92	68.73
11.00	0.92	69.06
11.01	0.93	69.39
11.02	0.93	69.73
11.03	0.93	70.09
11.04	0.93	70.40
11.05	0.93	70.74
11.06	0.93	71.09
11.07	0.93	71.42
11.08	0.93	71.74
11.09	0.93	72.06
11.10	0.93	72.41
11.11	0.93	72.74
11.12	0.93	73.06
11.13	0.94	73.41
11.14	0.94	73.76
11.15	0.94	74.05
11.16	0.94	74.36
11.17	0.94	74.72
11.18	0.94	75.08
11.19	0.94	75.39
11.20	0.94	75.69
11.21	0.94	76.02
11.22	0.94	76.36
11.23	0.94	76.69
11.24	0.94	77.01
11.25	0.95	77.31
11.26	0.95	77.62
11.27	0.95	77.92
11.28	0.95	78.25
11.29	0.95	78.58
11.30	0.95	78.90
11.31	0.95	79.23
11.32	0.95	79.54
11.33	0.95	79.86
11.34	0.95	80.20
11.35	0.95	80.53
11.36	0.95	80.85
11.37	0.96	81.15
11.38	0.96	81.48
11.39	0.96	81.79
11.40	0.96	82.08
11.41	0.96	82.35
11.42	0.96	82.66
11.43	0.96	82.98
11.44	0.96	83.29
11.45	0.96	83.55
11.46	0.96	83.86
11.47	0.96	84.18
11.48	0.96	84.47
11.49	0.97	84.82
11.50	0.97	85.16
11.51	0.97	85.45
11.52	0.97	85.76
11.53	0.97	86.08
11.54	0.97	86.36
11.55	0.97	86.64
11.56	0.97	86.96
11.57	0.97	87.24
11.58	0.97	87.51
11.59	0.97	87.82
11.60	0.97	88.13
11.61	0.98	88.43
11.62	0.98	88.73
11.63	0.98	89.04
11.64	0.98	89.32
11.65	0.98	89.63
11.66	0.98	89.95
11.67	0.98	90.23
11.68	0.98	90.53
11.69	0.98	90.88
11.70	0.98	91.18
11.71	0.98	91.47
11.72	0.98	91.74
11.73	0.99	91.99
11.74	0.99	92.27
11.75	0.99	92.56
11.76	0.99	92.86
11.77	0.99	93.19
11.78	0.99	93.49
11.79	0.99	93.77
11.80	0.99	94.07
11.81	0.99	94.38
11.82	0.99	94.67
11.83	0.99	94.94
11.84	0.99	95.23
11.85	1.00	95.55
11.86	1.00	95.85
11.87	1.00	96.13
11.88	1.00	96.40
11.89	1.00	96.66
11.90	1.00	96.95
11.91	1.00	97.25
11.92	1.00	97.53
11.93	1.00	97.81
11.94	1.00	98.10
11.95	1.00	98.41
11.96	1.00	98.68
11.97	1.01	98.97
11.98	1.01	99.26
11.99	1.01	99.55
12.00	1.01	99.80
12.01	1.01	100.07
12.02	1.01	100.35
12.03	1.01	100.61
12.04	1.01	100.89
12.05	1.01	101.14
12.06	1.01	101.40
12.07	1.01	101.70
12.08	1.01	101.98
12.09	1.02	102.25
12.10	1.02	102.52
12.11	1.02	102.81
12.12	1.02	103.07
12.13	1.02	103.36
12.14	1.02	103.63
12.15	1.02	103.89
12.16	1.02	104.17
12.17	1.02	104.43
12.18	1.02	104.69
12.19	1.02	104.95
12.20	1.02	105.18
12.21	1.03	105.46
12.22	1.03	105.75
12.23	1.03	106.01
12.24	1.03	106.27
12.25	1.03	106.55
12.26	1.03	106.85
12.27	1.03	107.14
12.28	1.03	107.43
12.29	1.03	107.71
12.30	1.03	107.97
12.31	1.03	108.22
12.32	1.03	108.46
12.33	1.04	108.73
12.34	1.04	109.00
12.35	1.04	109.24
12.36	1.04	109.52
12.37	1.04	109.76
12.38	1.04	109.98
12.39	1.04	110.26
12.40	1.04	110.54
12.41	1.04	110.83
12.42	1.04	111.10
12.43	1.04	111.38
12.44	1.04	111.67
12.45	1.05	111.90
12.46	1.05	112.16
12.47	1.05	112.42
12.48	1.05	112.67
12.49	1.05	112.92
12.50	1.05	113.14
12.51	1.05	113.37
12.52	1.05	113.61
12.53	1.05	113.85
12.54	1.05	114.09
12.55	1.05	114.35
12.56	1.05	114.65
12.57	1.06	114.89
12.58	1.06	115.12
12.59	1.06	115.36
12.60	1.06	115.59
12.61	1.06	115.84
12.62	1.06	116.08
12.63	1.06	116.34
12.64	1.06	116.58
12.65	1.06	116.82
12.66	1.06	117.06
12.67	1.06	117.28
12.68	1.06	117.51
12.69	1.07	117.75
12.70	1.07	117.99
12.71	1.07	118.25
12.72	1.07	118.51
12.73	1.07	118.77
12.74	1.07	119.03
12.75	1.07	119.26
12.76	1.07	119.49
12.77	1.07	119.74
12.78	1.07	119.95
12.79	1.07	120.19
12.80	1.07	120.44
12.81	1.08	120.66
12.82	1.08	120.91
12.83	1.08	121.19
12.84	1.08	121.44
12.85	1.08	121.62
12.86	1.08	121.86
12.87	1.08	122.11
12.88	1.08	122.36
12.89	1.08	122.62
12.90	1.08	122.86
12.91	1.08	123.10
12.92	1.08	123.35
12.93	1.09	123.57
12.94	1.09	123.79
12.95	1.09	124.02
12.96	1.09	124.24
12.97	1.09	124.44
12.98	1.09	124.67
12.99	1.09	124.93
13.00	1.09	125.17
13.01	1.09	125.40
13.02	1.09	125.60
13.03	1.09	125.85
13.04	1.09	126.11
13.05	1.10	126.32
13.06	1.10	126.54
13.07	1.10	126.77
13.08	1.10	127.02
13.09	1.10	127.24
13.10	1.10	127.44
13.11	1.10	127.69
13.12	1.10	127.89
13.13	1.10	128.08
13.14	1.10	128.31
13.15	1.10	128.53
13.16	1.10	128.73
13.17	1.11	128.96
13.18	1.11	129.19
13.19	1.11	129.39
13.20	1.11	129.62
13.21	1.11	129.84
13.22	1.11	130.04
13.23	1.11	130.27
13.24	1.11	130.51
13.25	1.11	130.72
13.26	1.11	130.92
13.27	1.11	131.10
13.28	1.11	131.32
13.29	1.12	131.52
13.30	1.12	131.72
13.31	1.12	131.94
13.32	1.12	132.14
13.33	1.12	132.35
13.34	1.12	132.57
13.35	1.12	132.77
13.36	1.12	132.98
13.37	1.12	133.25
13.38	1.12	133.48
13.39	1.12	133.60
13.40	1.12	133.80
13.41	1.13	134.03
13.42	1.13	134.22
13.43	1.13	134.43
13.44	1.13	134.63
13.45	1.13	134.82
13.46	1.13	135.03
13.47	1.13	135.24
13.48	1.13	135.45
13.49	1.13	135.67
13.50	1.13	135.89
13.51	1.13	136.08
13.52	1.13	136.27
13.53	1.14	136.51
13.54	1.14	136.71
13.55	1.14	136.88
13.56	1.14	137.08
13.57	1.14	137.29
13.58	1.14	137.50
13.59	1.14	137.68
13.60	1.14	137.85
13.61	1.14	138.00
13.62	1.14	138.19
13.63	1.14	138.41
13.64	1.14	138.64
13.65	1.15	138.84
13.66	1.15	139.02
13.67	1.15	139.23
13.68	1.15	139.44
13.69	1.15	139.65
13.70	1.15	139.83
13.71	1.15	139.98
13.72	1.15	140.15
13.73	1.15	140.35
13.74	1.15	140.52
13.75	1.15	140.66
13.76	1.15	140.85
13.77	1.16	141.05
13.78	1.16	141.22
13.79	1.16	141.41
13.80	1.16	141.59
13.81	1.16	141.78
13.82	1.16	141.97
13.83	1.16	142.15
13.84	1.16	142.35
13.85	1.16	142.54
13.86	1.16	142.68
13.87	1.16	142.84
13.88	1.16	143.05
13.89	1.17	143.24
13.90	1.17	143.43
13.91	1.17	143.57
13.92	1.17	143.72
13.93	1.17	143.91
13.94	1.17	144.09
13.95	1.17	144.28
13.96	1.17	144.48
13.97	1.17	144.67
13.98	1.17	144.82
13.99	1.17	145.01
14.00	1.17	145.21
14.01	1.18	145.40
14.02	1.18	145.57
14.03	1.18	145.71
14.04	1.18	145.89
14.05	1.18	146.07
14.06	1.18	146.23
14.07	1.18	146.37
14.08	1.18	146.54
14.09	1.18	146.72
14.10	1.18	146.88
14.11	1.18	147.06
14.12	1.18	147.23
14.13	1.19	147.41
14.14	1.19	147.58
14.15	1.19	147.73
14.16	1.19	147.90
14.17	1.19	148.06
14.18	1.19	148.22
14.19	1.19	148.38
14.20	1.19	148.53
14.21	1.19	148.67
14.22	1.19	148.81
14.23	1.19	148.96
14.24	1.19	149.13
14.25	1.20	149.29
14.26	1.20	149.44
14.27	1.20	149.63
14.28	1.20	149.80
14.29	1.20	149.95
14.30	1.20	150.10
14.31	1.20	150.23
14.32	1.20	150.39
14.33	1.20	150.55
14.34	1.20	150.68
14.35	1.20	150.84
14.36	1.20	150.96
14.37	1.21	151.12
14.38	1.21	151.25
14.39	1.21	151.36
14.40	1.21	151.52
14.41	1.21	151.67
14.42	1.21	151.82
14.43	1.21	151.95
14.44	1.21	152.11
14.45	1.21	152.26
14.46	1.21	152.38
14.47	1.21	152.54
14.48	1.21	152.70
14.49	1.22	152.83
14.50	1.22	152.96
14.51	1.22	153.09
14.52	1.22	153.22
14.53	1.22	153.34
14.54	1.22	153.48
14.55	1.22	153.62
14.56	1.22	153.76
14.57	1.22	153.89
14.58	1.22	154.05
14.59	1.22	154.23
14.60	1.22	154.35
14.61	1.23	154.47
14.62	1.23	154.61
14.63	1.23	154.77
14.64	1.23	154.90
14.65	1.23	155.01
14.66	1.23	155.12
14.67	1.23	155.22
14.68	1.23	155.36
14.69	1.23	155.47
14.70	1.23	155.59
14.71	1.23	155.74
14.72	1.23	155.89
14.73	1.24	156.01
14.74	1.24	156.13
14.75	1.24	156.27
14.76	1.24	156.39
14.77	1.24	156.50
14.78	1.24	156.61
14.79	1.24	156.73
14.80	1.24	156.82
14.81	1.24	156.94
14.82	1.24	157.07
14.83	1.24	157.19
14.84	1.24	157.29
14.85	1.25	157.37
14.86	1.25	157.49
14.87	1.25	157.61
14.88	1.25	157.74
14.89	1.25	157.87
14.90	1.25	157.98
14.91	1.25	158.08
14.92	1.25	158.21
14.93	1.25	158.34
14.94	1.25	158.42
14.95	1.25	158.50
14.96	1.25	158.61
14.97	1.26	158.72
14.98	1.26	158.85
14.99	1.26	158.96
15.00	1.26	159.01
15.01	1.26	159.10
15.02	1.26	159.23
15.03	1.26	159.35
15.04	1.26	159.45
15.05	1.26	159.55
15.06	1.26	159.67
15.07	1.26	159.79
15.08	1.26	159.91
15.09	1.27	159.99
15.10	1.27	160.05
15.11	1.27	160.17
15.12	1.27	160.26
15.13	1.27	160.31
15.14	1.27	160.41
15.15	1.27	160.52
15.16	1.27	160.61
15.17	1.27	160.73
15.18	1.27	160.84
15.19	1.27	160.94
15.20	1.27	161.04
15.21	1.28	160.22
15.22	1.28	159.25
15.23	1.28	97.80
15.24	1.28	20.39
