0.01	0.01	0.07
0.02	0.01	0.08
0.03	0.01	0.08
0.04	0.01	0.08
0.05	0.01	0.09
0.06	0.01	0.11
0.07	0.01	0.11
0.08	0.02	0.13
0.09	0.02	0.13
0.10	0.02	0.14
0.11	0.02	0.16
0.12	0.02	0.16
0.13	0.02	0.15
0.14	0.02	0.15
0.15	0.02	0.17
0.16	0.02	0.18
0.17	0.02	0.18
0.18	0.02	0.20
0.19	0.02	0.20
0.20	0.03	0.21
0.21	0.03	0.24
0.22	0.03	0.21
0.23	0.03	0.21
0.24	0.03	0.25
0.25	0.03	0.24
0.26	0.03	0.22
0.27	0.03	0.25
0.28	0.03	0.27
0.29	0.03	0.27
0.30	0.03	0.27
0.31	0.03	0.31
0.32	0.04	0.34
0.33	0.04	0.38
0.34	0.04	0.41
0.35	0.04	0.41
0.36	0.04	0.41
0.37	0.04	0.44
0.38	0.04	0.46
0.39	0.04	0.44
0.40	0.04	0.45
0.41	0.04	0.45
0.42	0.04	0.46
0.43	0.04	0.50
0.44	0.05	0.51
0.45	0.05	0.55
0.46	0.05	0.63
0.47	0.05	0.66
0.48	0.05	0.67
0.49	0.05	0.72
0.50	0.05	0.78
0.51	0.05	0.83
0.52	0.05	0.93
0.53	0.05	1.05
0.54	0.05	1.18
0.55	0.05	1.26
0.56	0.06	1.39
0.57	0.06	1.52
0.58	0.06	1.64
0.59	0.06	1.78
0.60	0.06	1.84
0.61	0.06	1.89
0.62	0.06	1.96
0.63	0.06	2.03
0.64	0.06	2.09
0.65	0.06	2.19
0.66	0.06	2.32
0.67	0.06	2.43
0.68	0.07	2.51
0.69	0.07	2.54
0.70	0.07	2.55
0.71	0.07	2.62
0.72	0.07	2.75
0.73	0.07	2.88
0.74	0.07	3.02
0.75	0.07	3.19
0.76	0.07	3.34
0.77	0.07	3.48
0.78	0.07	3.63
0.79	0.07	3.81
0.80	0.08	3.97
0.81	0.08	4.12
0.82	0.08	4.30
0.83	0.08	4.44
0.84	0.08	4.58
0.85	0.08	4.72
0.86	0.08	4.82
0.87	0.08	4.87
0.88	0.08	4.85
0.89	0.08	4.78
0.90	0.08	4.74
0.91	0.08	4.76
0.92	0.09	4.86
0.93	0.09	4.97
0.94	0.09	5.10
0.95	0.09	5.23
0.96	0.09	5.32
0.97	0.09	5.41
0.98	0.09	5.49
0.99	0.09	5.57
1.00	0.09	5.67
1.01	0.09	5.80
1.02	0.09	5.93
1.03	0.09	6.03
1.04	0.10	6.12
1.05	0.10	6.23
1.06	0.10	6.28
1.07	0.10	6.31
1.08	0.10	6.34
1.09	0.10	6.34
1.10	0.10	6.37
1.11	0.10	6.44
1.12	0.10	6.52
1.13	0.10	6.62
1.14	0.10	6.75
1.15	0.10	6.90
1.16	0.11	7.01
1.17	0.11	7.10
1.18	0.11	7.20
1.19	0.11	7.28
1.20	0.11	7.36
1.21	0.11	7.42
1.22	0.11	7.49
1.23	0.11	7.61
1.24	0.11	7.73
1.25	0.11	7.83
1.26	0.11	7.93
1.27	0.11	8.02
1.28	0.12	8.11
1.29	0.12	8.21
1.30	0.12	8.33
1.31	0.12	8.45
1.32	0.12	8.54
1.33	0.12	8.63
1.34	0.12	8.74
1.35	0.12	8.85
1.36	0.12	8.91
1.37	0.12	8.97
1.38	0.12	9.07
1.39	0.12	9.14
1.40	0.13	9.22
1.41	0.13	9.30
1.42	0.13	9.39
1.43	0.13	9.44
1.44	0.13	9.49
1.45	0.13	9.58
1.46	0.13	9.67
1.47	0.13	9.72
1.48	0.13	9.78
1.49	0.13	9.85
1.50	0.13	9.92
1.51	0.13	9.98
1.52	0.14	10.02
1.53	0.14	10.05
1.54	0.14	10.10
1.55	0.14	10.16
1.56	0.14	10.23
1.57	0.14	10.28
1.58	0.14	10.35
1.59	0.14	10.45
1.60	0.14	10.51
1.61	0.14	10.59
1.62	0.14	10.65
1.63	0.14	10.71
1.64	0.15	10.78
1.65	0.15	10.84
1.66	0.15	10.93
1.67	0.15	11.02
1.68	0.15	11.10
1.69	0.15	11.20
1.70	0.15	11.31
1.71	0.15	11.41
1.72	0.15	11.47
1.73	0.15	11.41
1.74	0.15	11.24
1.75	0.15	11.12
1.76	0.16	11.17
1.77	0.16	11.36
1.78	0.16	11.49
1.79	0.16	11.46
1.80	0.16	11.40
1.81	0.16	11.46
1.82	0.16	11.66
1.83	0.16	11.76
1.84	0.16	11.66
1.85	0.16	11.61
1.86	0.16	11.73
1.87	0.16	11.82
1.88	0.17	11.72
1.89	0.17	11.66
1.90	0.17	11.74
1.91	0.17	11.86
1.92	0.17	11.78
1.93	0.17	11.69
1.94	0.17	11.81
1.95	0.17	11.94
1.96	0.17	11.87
1.97	0.17	11.79
1.98	0.17	11.90
1.99	0.17	12.03
2.00	0.18	11.97
2.01	0.18	11.92
2.02	0.18	12.05
2.03	0.18	12.07
2.04	0.18	12.01
2.05	0.18	12.10
2.06	0.18	12.10
2.07	0.18	12.05
2.08	0.18	12.14
2.09	0.18	12.15
2.10	0.18	12.11
2.11	0.18	12.20
2.12	0.19	12.22
2.13	0.19	12.16
2.14	0.19	12.23
2.15	0.19	12.26
2.16	0.19	12.24
2.17	0.19	12.25
2.18	0.19	12.25
2.19	0.19	12.30
2.20	0.19	12.30
2.21	0.19	12.31
2.22	0.19	12.32
2.23	0.19	12.32
2.24	0.20	12.36
2.25	0.20	12.36
2.26	0.20	12.35
2.27	0.20	12.37
2.28	0.20	12.38
2.29	0.20	12.40
2.30	0.20	12.39
2.31	0.20	12.40
2.32	0.20	12.42
2.33	0.20	12.40
2.34	0.20	12.41
2.35	0.20	12.40
2.36	0.21	12.41
2.37	0.21	12.43
2.38	0.21	12.45
2.39	0.21	12.44
2.40	0.21	12.44
2.41	0.21	12.44
2.42	0.21	12.45
2.43	0.21	12.48
2.44	0.21	12.48
2.45	0.21	12.49
2.46	0.21	12.51
2.47	0.21	12.50
2.48	0.22	12.50
2.49	0.22	12.52
2.50	0.22	12.54
2.51	0.22	12.54
2.52	0.22	12.53
2.53	0.22	12.55
2.54	0.22	12.55
2.55	0.22	12.54
2.56	0.22	12.55
2.57	0.22	12.55
2.58	0.22	12.55
2.59	0.22	12.55
2.60	0.23	12.58
2.61	0.23	12.60
2.62	0.23	12.62
2.63	0.23	12.67
2.64	0.23	12.71
2.65	0.23	12.82
2.66	0.23	12.95
2.67	0.23	13.08
2.68	0.23	13.22
2.69	0.23	13.40
2.70	0.23	13.56
2.71	0.23	13.63
2.72	0.24	13.72
2.73	0.24	13.78
2.74	0.24	13.80
2.75	0.24	13.84
2.76	0.24	13.87
2.77	0.24	13.90
2.78	0.24	13.93
2.79	0.24	13.96
2.80	0.24	13.97
2.81	0.24	13.96
2.82	0.24	13.98
2.83	0.24	13.99
2.84	0.25	13.98
2.85	0.25	14.00
2.86	0.25	14.01
2.87	0.25	13.99
2.88	0.25	14.01
2.89	0.25	14.03
2.90	0.25	14.03
2.91	0.25	14.06
2.92	0.25	14.07
2.93	0.25	14.05
2.94	0.25	14.04
2.95	0.25	14.05
2.96	0.26	14.02
2.97	0.26	13.99
2.98	0.26	14.01
2.99	0.26	13.98
3.00	0.26	14.01
3.01	0.26	14.03
3.02	0.26	13.99
3.03	0.26	14.02
3.04	0.26	14.00
3.05	0.26	14.02
3.06	0.26	14.04
3.07	0.26	14.00
3.08	0.27	14.03
3.09	0.27	14.03
3.10	0.27	14.01
3.11	0.27	14.03
3.12	0.27	14.02
3.13	0.27	14.01
3.14	0.27	14.05
3.15	0.27	14.06
3.16	0.27	14.07
3.17	0.27	14.08
3.18	0.27	14.08
3.19	0.27	14.09
3.20	0.28	14.08
3.21	0.28	14.05
3.22	0.28	14.05
3.23	0.28	14.07
3.24	0.28	14.08
3.25	0.28	14.07
3.26	0.28	14.06
3.27	0.28	14.06
3.28	0.28	14.08
3.29	0.28	14.08
3.30	0.28	14.09
3.31	0.28	14.10
3.32	0.29	14.09
3.33	0.29	14.09
3.34	0.29	14.08
3.35	0.29	14.08
3.36	0.29	14.08
3.37	0.29	14.08
3.38	0.29	14.07
3.39	0.29	14.06
3.40	0.29	14.05
3.41	0.29	14.05
3.42	0.29	14.06
3.43	0.29	14.10
3.44	0.30	14.09
3.45	0.30	14.09
3.46	0.30	14.11
3.47	0.30	14.09
3.48	0.30	14.08
3.49	0.30	14.10
3.50	0.30	14.09
3.51	0.30	14.09
3.52	0.30	14.09
3.53	0.30	14.09
3.54	0.30	14.10
3.55	0.30	14.08
3.56	0.31	14.06
3.57	0.31	14.05
3.58	0.31	14.08
3.59	0.31	14.08
3.60	0.31	14.08
3.61	0.31	14.07
3.62	0.31	14.06
3.63	0.31	14.07
3.64	0.31	14.04
3.65	0.31	14.05
3.66	0.31	14.07
3.67	0.31	14.05
3.68	0.32	14.06
3.69	0.32	14.07
3.70	0.32	14.08
3.71	0.32	14.10
3.72	0.32	14.09
3.73	0.32	14.09
3.74	0.32	14.09
3.75	0.32	14.05
3.76	0.32	14.06
3.77	0.32	14.09
3.78	0.32	14.07
3.79	0.32	14.06
3.80	0.33	14.08
3.81	0.33	14.10
3.82	0.33	14.09
3.83	0.33	14.08
3.84	0.33	14.08
3.85	0.33	14.08
3.86	0.33	14.07
3.87	0.33	14.06
3.88	0.33	14.05
3.89	0.33	14.05
3.90	0.33	14.05
3.91	0.33	14.02
3.92	0.34	14.05
3.93	0.34	14.09
3.94	0.34	14.08
3.95	0.34	14.05
3.96	0.34	14.04
3.97	0.34	14.05
3.98	0.34	14.07
3.99	0.34	14.03
4.00	0.34	14.03
4.01	0.34	14.04
4.02	0.34	14.02
4.03	0.34	14.03
4.04	0.35	14.04
4.05	0.35	14.05
4.06	0.35	14.06
4.07	0.35	14.06
4.08	0.35	14.06
4.09	0.35	14.09
4.10	0.35	14.08
4.11	0.35	14.04
4.12	0.35	14.05
4.13	0.35	14.05
4.14	0.35	14.05
4.15	0.35	14.07
4.16	0.36	14.05
4.17	0.36	14.04
4.18	0.36	14.08
4.19	0.36	14.08
4.20	0.36	14.06
4.21	0.36	14.06
4.22	0.36	14.07
4.23	0.36	14.06
4.24	0.36	14.08
4.25	0.36	14.10
4.26	0.36	14.09
4.27	0.36	14.08
4.28	0.37	14.06
4.29	0.37	14.06
4.30	0.37	14.09
4.31	0.37	14.11
4.32	0.37	14.11
4.33	0.37	14.13
4.34	0.37	14.12
4.35	0.37	14.14
4.36	0.37	14.14
4.37	0.37	14.12
4.38	0.37	14.11
4.39	0.37	14.10
4.40	0.38	14.11
4.41	0.38	14.10
4.42	0.38	14.11
4.43	0.38	14.12
4.44	0.38	14.13
4.45	0.38	14.11
4.46	0.38	14.09
4.47	0.38	14.12
4.48	0.38	14.14
4.49	0.38	14.11
4.50	0.38	14.09
4.51	0.38	14.08
4.52	0.39	14.08
4.53	0.39	14.08
4.54	0.39	14.10
4.55	0.39	14.11
4.56	0.39	14.12
4.57	0.39	14.13
4.58	0.39	14.13
4.59	0.39	14.12
4.60	0.39	14.09
4.61	0.39	14.07
4.62	0.39	14.04
4.63	0.39	14.05
4.64	0.40	14.07
4.65	0.40	14.07
4.66	0.40	14.09
4.67	0.40	14.07
4.68	0.40	14.06
4.69	0.40	14.09
4.70	0.40	14.09
4.71	0.40	14.08
4.72	0.40	14.07
4.73	0.40	14.08
4.74	0.40	14.07
4.75	0.40	14.05
4.76	0.41	14.04
4.77	0.41	14.04
4.78	0.41	14.06
4.79	0.41	14.07
4.80	0.41	14.06
4.81	0.41	14.05
4.82	0.41	14.06
4.83	0.41	14.06
4.84	0.41	14.07
4.85	0.41	14.10
4.86	0.41	14.08
4.87	0.41	14.07
4.88	0.42	14.05
4.89	0.42	14.06
4.90	0.42	14.06
4.91	0.42	14.05
4.92	0.42	14.07
4.93	0.42	14.07
4.94	0.42	14.11
4.95	0.42	14.11
4.96	0.42	14.10
4.97	0.42	14.11
4.98	0.42	14.10
4.99	0.42	14.11
5.00	0.43	14.10
5.01	0.43	14.08
5.02	0.43	14.07
5.03	0.43	14.09
5.04	0.43	14.11
5.05	0.43	14.08
5.06	0.43	14.07
5.07	0.43	14.07
5.08	0.43	14.06
5.09	0.43	14.07
5.10	0.43	14.07
5.11	0.43	14.06
5.12	0.44	14.06
5.13	0.44	14.06
5.14	0.44	14.06
5.15	0.44	14.06
5.16	0.44	14.04
5.17	0.44	14.05
5.18	0.44	14.06
5.19	0.44	14.06
5.20	0.44	14.07
5.21	0.44	14.07
5.22	0.44	14.07
5.23	0.44	14.06
5.24	0.45	14.08
5.25	0.45	14.09
5.26	0.45	14.09
5.27	0.45	14.08
5.28	0.45	14.10
5.29	0.45	14.11
5.30	0.45	14.10
5.31	0.45	14.11
5.32	0.45	14.11
5.33	0.45	14.10
5.34	0.45	14.11
5.35	0.45	14.14
5.36	0.46	14.15
5.37	0.46	14.14
5.38	0.46	14.14
5.39	0.46	14.14
5.40	0.46	14.15
5.41	0.46	14.17
5.42	0.46	14.18
5.43	0.46	14.20
5.44	0.46	14.20
5.45	0.46	14.19
5.46	0.46	14.23
5.47	0.46	14.27
5.48	0.47	14.22
5.49	0.47	14.19
5.50	0.47	14.21
5.51	0.47	14.21
5.52	0.47	14.18
5.53	0.47	14.20
5.54	0.47	14.23
5.55	0.47	14.23
5.56	0.47	14.22
5.57	0.47	14.22
5.58	0.47	14.22
5.59	0.47	14.21
5.60	0.48	14.22
5.61	0.48	14.19
5.62	0.48	14.21
5.63	0.48	14.23
5.64	0.48	14.20
5.65	0.48	14.17
5.66	0.48	14.18
5.67	0.48	14.21
5.68	0.48	14.18
5.69	0.48	14.17
5.70	0.48	14.20
5.71	0.48	14.23
5.72	0.49	14.21
5.73	0.49	14.17
5.74	0.49	14.18
5.75	0.49	14.23
5.76	0.49	14.21
5.77	0.49	14.19
5.78	0.49	14.18
5.79	0.49	14.21
5.80	0.49	14.22
5.81	0.49	14.21
5.82	0.49	14.22
5.83	0.49	14.24
5.84	0.50	14.22
5.85	0.50	14.23
5.86	0.50	14.26
5.87	0.50	14.23
5.88	0.50	14.23
5.89	0.50	14.23
5.90	0.50	14.22
5.91	0.50	14.21
5.92	0.50	14.22
5.93	0.50	14.21
5.94	0.50	14.20
5.95	0.50	14.21
5.96	0.51	14.18
5.97	0.51	14.19
5.98	0.51	14.24
5.99	0.51	14.24
6.00	0.51	14.18
6.01	0.51	14.19
6.02	0.51	14.23
6.03	0.51	14.21
6.04	0.51	14.19
6.05	0.51	14.20
6.06	0.51	14.22
6.07	0.51	14.23
6.08	0.52	14.19
6.09	0.52	14.16
6.10	0.52	14.19
6.11	0.52	14.22
6.12	0.52	14.22
6.13	0.52	14.17
6.14	0.52	14.17
6.15	0.52	14.19
6.16	0.52	14.18
6.17	0.52	14.16
6.18	0.52	14.15
6.19	0.52	14.16
6.20	0.53	14.18
6.21	0.53	14.17
6.22	0.53	14.15
6.23	0.53	14.18
6.24	0.53	14.17
6.25	0.53	14.13
6.26	0.53	14.11
6.27	0.53	14.10
6.28	0.53	14.13
6.29	0.53	14.14
6.30	0.53	14.14
6.31	0.53	14.15
6.32	0.54	14.18
6.33	0.54	14.19
6.34	0.54	14.17
6.35	0.54	14.14
6.36	0.54	14.15
6.37	0.54	14.17
6.38	0.54	14.17
6.39	0.54	14.14
6.40	0.54	14.12
6.41	0.54	14.14
6.42	0.54	14.17
6.43	0.54	14.16
6.44	0.55	14.15
6.45	0.55	14.15
6.46	0.55	14.20
6.47	0.55	14.24
6.48	0.55	14.22
6.49	0.55	14.21
6.50	0.55	14.21
6.51	0.55	14.25
6.52	0.55	14.24
6.53	0.55	14.20
6.54	0.55	14.23
6.55	0.55	14.25
6.56	0.56	14.23
6.57	0.56	14.23
6.58	0.56	14.24
6.59	0.56	14.24
6.60	0.56	14.26
6.61	0.56	14.27
6.62	0.56	14.26
6.63	0.56	14.25
6.64	0.56	14.24
6.65	0.56	14.25
6.66	0.56	14.25
6.67	0.56	14.25
6.68	0.57	14.26
6.69	0.57	14.28
6.70	0.57	14.30
6.71	0.57	14.29
6.72	0.57	14.27
6.73	0.57	14.30
6.74	0.57	14.31
6.75	0.57	14.30
6.76	0.57	14.30
6.77	0.57	14.31
6.78	0.57	14.31
6.79	0.57	14.31
6.80	0.58	14.31
6.81	0.58	14.32
6.82	0.58	14.32
6.83	0.58	14.32
6.84	0.58	14.33
6.85	0.58	14.35
6.86	0.58	14.36
6.87	0.58	14.36
6.88	0.58	14.36
6.89	0.58	14.35
6.90	0.58	14.36
6.91	0.58	14.37
6.92	0.59	14.37
6.93	0.59	14.35
6.94	0.59	14.38
6.95	0.59	14.41
6.96	0.59	14.40
6.97	0.59	14.39
6.98	0.59	14.40
6.99	0.59	14.42
7.00	0.59	14.42
7.01	0.59	14.43
7.02	0.59	14.44
7.03	0.59	14.46
7.04	0.60	14.45
7.05	0.60	14.42
7.06	0.60	14.47
7.07	0.60	14.51
7.08	0.60	14.52
7.09	0.60	14.54
7.10	0.60	14.58
7.11	0.60	14.62
7.12	0.60	14.65
7.13	0.60	14.72
7.14	0.60	14.82
7.15	0.60	14.89
7.16	0.61	14.96
7.17	0.61	15.01
7.18	0.61	15.09
7.19	0.61	15.16
7.20	0.61	15.21
7.21	0.61	15.28
7.22	0.61	15.31
7.23	0.61	15.32
7.24	0.61	15.35
7.25	0.61	15.40
7.26	0.61	15.40
7.27	0.61	15.42
7.28	0.62	15.49
7.29	0.62	15.52
7.30	0.62	15.53
7.31	0.62	15.57
7.32	0.62	15.62
7.33	0.62	15.64
7.34	0.62	15.66
7.35	0.62	15.71
7.36	0.62	15.72
7.37	0.62	15.72
7.38	0.62	15.73
7.39	0.62	15.75
7.40	0.63	15.77
7.41	0.63	15.76
7.42	0.63	15.76
7.43	0.63	15.78
7.44	0.63	15.81
7.45	0.63	15.83
7.46	0.63	15.84
7.47	0.63	15.85
7.48	0.63	15.86
7.49	0.63	15.87
7.50	0.63	15.87
7.51	0.63	15.88
7.52	0.64	15.89
7.53	0.64	15.90
7.54	0.64	15.90
7.55	0.64	15.91
7.56	0.64	15.92
7.57	0.64	15.91
7.58	0.64	15.92
7.59	0.64	15.90
7.60	0.64	15.91
7.61	0.64	15.94
7.62	0.64	15.97
7.63	0.64	16.01
7.64	0.65	16.00
7.65	0.65	16.02
7.66	0.65	16.08
7.67	0.65	16.10
7.68	0.65	16.13
7.69	0.65	16.16
7.70	0.65	16.15
7.71	0.65	16.15
7.72	0.65	16.17
7.73	0.65	16.17
7.74	0.65	16.19
7.75	0.65	16.21
7.76	0.66	16.22
7.77	0.66	16.25
7.78	0.66	16.26
7.79	0.66	16.28
7.80	0.66	16.30
7.81	0.66	16.30
7.82	0.66	16.32
7.83	0.66	16.32
7.84	0.66	16.33
7.85	0.66	16.34
7.86	0.66	16.36
7.87	0.66	16.34
7.88	0.67	16.34
7.89	0.67	16.38
7.90	0.67	16.39
7.91	0.67	16.39
7.92	0.67	16.39
7.93	0.67	16.39
7.94	0.67	16.40
7.95	0.67	16.42
7.96	0.67	16.43
7.97	0.67	16.43
7.98	0.67	16.47
7.99	0.67	16.48
8.00	0.68	16.48
8.01	0.68	16.49
8.02	0.68	16.48
8.03	0.68	16.50
8.04	0.68	16.53
8.05	0.68	16.53
8.06	0.68	16.51
8.07	0.68	16.50
8.08	0.68	16.50
8.09	0.68	16.50
8.10	0.68	16.51
8.11	0.68	16.53
8.12	0.69	16.53
8.13	0.69	16.54
8.14	0.69	16.55
8.15	0.69	16.55
8.16	0.69	16.55
8.17	0.69	16.56
8.18	0.69	16.55
8.19	0.69	16.56
8.20	0.69	16.57
8.21	0.69	16.57
8.22	0.69	16.58
8.23	0.69	16.60
8.24	0.70	16.61
8.25	0.70	16.61
8.26	0.70	16.62
8.27	0.70	16.63
8.28	0.70	16.65
8.29	0.70	16.66
8.30	0.70	16.66
8.31	0.70	16.68
8.32	0.70	16.69
8.33	0.70	16.69
8.34	0.70	16.69
8.35	0.70	16.71
8.36	0.71	16.72
8.37	0.71	16.74
8.38	0.71	16.75
8.39	0.71	16.72
8.40	0.71	16.71
8.41	0.71	16.72
8.42	0.71	16.74
8.43	0.71	16.76
8.44	0.71	16.74
8.45	0.71	16.73
8.46	0.71	16.73
8.47	0.71	16.74
8.48	0.72	16.76
8.49	0.72	16.77
8.50	0.72	16.77
8.51	0.72	16.76
8.52	0.72	16.76
8.53	0.72	16.79
8.54	0.72	16.81
8.55	0.72	16.81
8.56	0.72	16.78
8.57	0.72	16.79
8.58	0.72	16.82
8.59	0.72	16.81
8.60	0.73	16.80
8.61	0.73	16.80
8.62	0.73	16.80
8.63	0.73	16.82
8.64	0.73	16.82
8.65	0.73	16.80
8.66	0.73	16.80
8.67	0.73	16.79
8.68	0.73	16.78
8.69	0.73	16.80
8.70	0.73	16.81
8.71	0.73	16.81
8.72	0.74	16.83
8.73	0.74	16.82
8.74	0.74	16.82
8.75	0.74	16.84
8.76	0.74	16.85
8.77	0.74	16.86
8.78	0.74	16.86
8.79	0.74	16.86
8.80	0.74	16.85
8.81	0.74	16.87
8.82	0.74	16.87
8.83	0.74	16.87
8.84	0.75	16.88
8.85	0.75	16.90
8.86	0.75	16.88
8.87	0.75	16.88
8.88	0.75	16.89
8.89	0.75	16.89
8.90	0.75	16.91
8.91	0.75	16.88
8.92	0.75	16.88
8.93	0.75	16.90
8.94	0.75	16.92
8.95	0.75	16.95
8.96	0.76	16.93
8.97	0.76	16.93
8.98	0.76	16.96
8.99	0.76	16.94
9.00	0.76	16.94
9.01	0.76	16.95
9.02	0.76	16.96
9.03	0.76	16.96
9.04	0.76	16.98
9.05	0.76	16.98
9.06	0.76	16.98
9.07	0.76	17.01
9.08	0.77	17.01
9.09	0.77	17.00
9.10	0.77	17.00
9.11	0.77	17.02
9.12	0.77	17.04
9.13	0.77	17.04
9.14	0.77	17.04
9.15	0.77	17.06
9.16	0.77	17.07
9.17	0.77	17.06
9.18	0.77	17.07
9.19	0.77	17.09
9.20	0.78	17.15
9.21	0.78	17.16
9.22	0.78	17.14
9.23	0.78	17.16
9.24	0.78	17.16
9.25	0.78	17.17
9.26	0.78	17.18
9.27	0.78	17.16
9.28	0.78	17.19
9.29	0.78	17.22
9.30	0.78	17.20
9.31	0.78	17.21
9.32	0.79	17.25
9.33	0.79	17.23
9.34	0.79	17.24
9.35	0.79	17.24
9.36	0.79	17.25
9.37	0.79	17.28
9.38	0.79	17.27
9.39	0.79	17.26
9.40	0.79	17.27
9.41	0.79	17.29
9.42	0.79	17.32
9.43	0.79	17.34
9.44	0.80	17.36
9.45	0.80	17.39
9.46	0.80	17.45
9.47	0.80	17.48
9.48	0.80	17.48
9.49	0.80	17.50
9.50	0.80	17.50
9.51	0.80	17.50
9.52	0.80	17.52
9.53	0.80	17.51
9.54	0.80	17.51
9.55	0.80	17.53
9.56	0.81	17.55
9.57	0.81	17.54
9.58	0.81	17.53
9.59	0.81	17.55
9.60	0.81	17.55
9.61	0.81	17.56
9.62	0.81	17.55
9.63	0.81	17.57
9.64	0.81	17.59
9.65	0.81	17.57
9.66	0.81	17.57
9.67	0.81	17.58
9.68	0.82	17.59
9.69	0.82	17.62
9.70	0.82	17.62
9.71	0.82	17.61
9.72	0.82	17.62
9.73	0.82	17.61
9.74	0.82	17.62
9.75	0.82	17.62
9.76	0.82	17.60
9.77	0.82	17.59
9.78	0.82	17.62
9.79	0.82	17.62
9.80	0.83	17.64
9.81	0.83	17.66
9.82	0.83	17.66
9.83	0.83	17.67
9.84	0.83	17.65
9.85	0.83	17.64
9.86	0.83	17.65
9.87	0.83	17.65
9.88	0.83	17.66
9.89	0.83	17.68
9.90	0.83	17.66
9.91	0.83	17.67
9.92	0.84	17.68
9.93	0.84	17.69
9.94	0.84	17.69
9.95	0.84	17.71
9.96	0.84	17.73
9.97	0.84	17.72
9.98	0.84	17.74
9.99	0.84	17.76
10.00	0.84	17.79
10.01	0.84	17.83
10.02	0.84	17.89
10.03	0.84	17.92
10.04	0.85	17.92
10.05	0.85	17.92
10.06	0.85	17.92
10.07	0.85	17.95
10.08	0.85	18.00
10.09	0.85	18.00
10.10	0.85	18.04
10.11	0.85	18.05
10.12	0.85	18.06
10.13	0.85	18.08
10.14	0.85	18.08
10.15	0.85	18.10
10.16	0.86	18.13
10.17	0.86	18.14
10.18	0.86	18.15
10.19	0.86	18.12
10.20	0.86	18.10
10.21	0.86	18.11
10.22	0.86	18.10
10.23	0.86	18.15
10.24	0.86	18.18
10.25	0.86	18.16
10.26	0.86	18.18
10.27	0.86	18.21
10.28	0.87	18.26
10.29	0.87	18.38
10.30	0.87	18.53
10.31	0.87	18.69
10.32	0.87	18.80
10.33	0.87	18.85
10.34	0.87	18.87
10.35	0.87	18.89
10.36	0.87	18.92
10.37	0.87	18.95
10.38	0.87	19.02
10.39	0.87	19.06
10.40	0.88	19.09
10.41	0.88	19.14
10.42	0.88	19.17
10.43	0.88	19.23
10.44	0.88	19.28
10.45	0.88	19.34
10.46	0.88	19.43
10.47	0.88	19.53
10.48	0.88	19.65
10.49	0.88	19.79
10.50	0.88	19.97
10.51	0.88	20.10
10.52	0.89	20.22
10.53	0.89	20.32
10.54	0.89	20.42
10.55	0.89	20.53
10.56	0.89	20.64
10.57	0.89	20.77
10.58	0.89	20.88
10.59	0.89	20.98
10.60	0.89	21.10
10.61	0.89	21.23
10.62	0.89	21.38
10.63	0.89	21.51
10.64	0.90	21.66
10.65	0.90	21.83
10.66	0.90	22.02
10.67	0.90	22.19
10.68	0.90	22.32
10.69	0.90	22.50
10.70	0.90	22.68
10.71	0.90	22.86
10.72	0.90	23.05
10.73	0.90	23.25
10.74	0.90	23.43
10.75	0.90	23.58
10.76	0.91	23.75
10.77	0.91	23.91
10.78	0.91	24.10
10.79	0.91	24.32
10.80	0.91	24.52
10.81	0.91	24.68
10.82	0.91	24.84
10.83	0.91	25.06
10.84	0.91	25.28
10.85	0.91	25.44
10.86	0.91	25.63
10.87	0.91	25.83
10.88	0.92	26.02
10.89	0.92	26.20
10.90	0.92	26.38
10.91	0.92	26.59
10.92	0.92	26.80
10.93	0.92	26.99
10.94	0.92	27.19
10.95	0.92	27.43
10.96	0.92	27.65
10.97	0.92	27.85
10.98	0.92	28.09
10.99	0.92	28.33
11.00	0.93	28.56
11.01	0.93	28.76
11.02	0.93	28.99
11.03	0.93	29.25
11.04	0.93	29.49
11.05	0.93	29.73
11.06	0.93	29.97
11.07	0.93	30.23
11.08	0.93	30.47
11.09	0.93	30.65
11.10	0.93	30.88
11.11	0.93	31.16
11.12	0.94	31.37
11.13	0.94	31.56
11.14	0.94	31.80
11.15	0.94	32.08
11.16	0.94	32.29
11.17	0.94	32.51
11.18	0.94	32.78
11.19	0.94	33.03
11.20	0.94	33.28
11.21	0.94	33.53
11.22	0.94	33.75
11.23	0.94	34.00
11.24	0.95	34.24
11.25	0.95	34.48
11.26	0.95	34.71
11.27	0.95	34.93
11.28	0.95	35.16
11.29	0.95	35.41
11.30	0.95	35.64
11.31	0.95	35.85
11.32	0.95	36.09
11.33	0.95	36.33
11.34	0.95	36.56
11.35	0.95	36.84
11.36	0.96	37.09
11.37	0.96	37.32
11.38	0.96	37.53
11.39	0.96	37.77
11.40	0.96	38.00
11.41	0.96	38.22
11.42	0.96	38.46
11.43	0.96	38.68
11.44	0.96	38.91
11.45	0.96	39.14
11.46	0.96	39.39
11.47	0.96	39.64
11.48	0.97	39.85
11.49	0.97	40.07
11.50	0.97	40.32
11.51	0.97	40.57
11.52	0.97	40.79
11.53	0.97	41.01
11.54	0.97	41.29
11.55	0.97	41.52
11.56	0.97	41.71
11.57	0.97	41.91
11.58	0.97	42.15
11.59	0.97	42.40
11.60	0.98	42.64
11.61	0.98	42.88
11.62	0.98	43.12
11.63	0.98	43.35
11.64	0.98	43.56
11.65	0.98	43.79
11.66	0.98	44.05
11.67	0.98	44.29
11.68	0.98	44.53
11.69	0.98	44.78
11.70	0.98	45.01
11.71	0.98	45.23
11.72	0.99	45.48
11.73	0.99	45.72
11.74	0.99	45.94
11.75	0.99	46.17
11.76	0.99	46.40
11.77	0.99	46.65
11.78	0.99	46.89
11.79	0.99	47.12
11.80	0.99	47.39
11.81	0.99	47.65
11.82	0.99	47.87
11.83	0.99	48.12
11.84	1.00	48.36
11.85	1.00	48.59
11.86	1.00	48.83
11.87	1.00	49.07
11.88	1.00	49.31
11.89	1.00	49.52
11.90	1.00	49.74
11.91	1.00	49.96
11.92	1.00	50.20
11.93	1.00	50.45
11.94	1.00	50.69
11.95	1.00	50.94
11.96	1.01	51.16
11.97	1.01	51.38
11.98	1.01	51.62
11.99	1.01	51.88
12.00	1.01	52.10
12.01	1.01	52.34
12.02	1.01	52.57
12.03	1.01	52.81
12.04	1.01	53.04
12.05	1.01	53.25
12.06	1.01	53.48
12.07	1.01	53.70
12.08	1.02	53.93
12.09	1.02	54.15
12.10	1.02	54.36
12.11	1.02	54.62
12.12	1.02	54.86
12.13	1.02	55.05
12.14	1.02	55.29
12.15	1.02	55.54
12.16	1.02	55.74
12.17	1.02	55.97
12.18	1.02	56.21
12.19	1.02	56.41
12.20	1.03	56.63
12.21	1.03	56.86
12.22	1.03	57.09
12.23	1.03	57.32
12.24	1.03	57.52
12.25	1.03	57.74
12.26	1.03	57.99
12.27	1.03	58.23
12.28	1.03	58.46
12.29	1.03	58.67
12.30	1.03	58.90
12.31	1.03	59.14
12.32	1.04	59.34
12.33	1.04	59.56
12.34	1.04	59.81
12.35	1.04	60.04
12.36	1.04	60.26
12.37	1.04	60.47
12.38	1.04	60.71
12.39	1.04	60.94
12.40	1.04	61.16
12.41	1.04	61.38
12.42	1.04	61.61
12.43	1.04	61.85
12.44	1.05	62.07
12.45	1.05	62.30
12.46	1.05	62.52
12.47	1.05	62.76
12.48	1.05	62.99
12.49	1.05	63.20
12.50	1.05	63.43
12.51	1.05	63.63
12.52	1.05	63.85
12.53	1.05	64.07
12.54	1.05	64.29
12.55	1.05	64.51
12.56	1.06	64.68
12.57	1.06	64.92
12.58	1.06	65.19
12.59	1.06	65.42
12.60	1.06	65.60
12.61	1.06	65.85
12.62	1.06	66.08
12.63	1.06	66.28
12.64	1.06	66.48
12.65	1.06	66.66
12.66	1.06	66.82
12.67	1.06	67.04
12.68	1.07	67.30
12.69	1.07	67.51
12.70	1.07	67.68
12.71	1.07	67.80
12.72	1.07	67.83
12.73	1.07	67.94
12.74	1.07	68.15
12.75	1.07	68.33
12.76	1.07	68.54
12.77	1.07	68.76
12.78	1.07	68.98
12.79	1.07	69.19
12.80	1.08	69.38
12.81	1.08	69.58
12.82	1.08	69.79
12.83	1.08	70.01
12.84	1.08	70.20
12.85	1.08	70.41
12.86	1.08	70.63
12.87	1.08	70.82
12.88	1.08	71.05
12.89	1.08	71.26
12.90	1.08	71.46
12.91	1.08	71.67
12.92	1.09	71.87
12.93	1.09	72.10
12.94	1.09	72.31
12.95	1.09	72.51
12.96	1.09	72.70
12.97	1.09	72.91
12.98	1.09	73.11
12.99	1.09	73.31
13.00	1.09	73.52
13.01	1.09	73.71
13.02	1.09	73.94
13.03	1.09	74.13
13.04	1.10	74.35
13.05	1.10	74.54
13.06	1.10	74.73
13.07	1.10	74.95
13.08	1.10	75.17
13.09	1.10	75.37
13.10	1.10	75.59
13.11	1.10	75.77
13.12	1.10	75.95
13.13	1.10	76.16
13.14	1.10	76.36
13.15	1.10	76.54
13.16	1.11	76.72
13.17	1.11	76.93
13.18	1.11	77.14
13.19	1.11	77.33
13.20	1.11	77.52
13.21	1.11	77.71
13.22	1.11	77.94
13.23	1.11	78.16
13.24	1.11	78.30
13.25	1.11	78.48
13.26	1.11	78.70
13.27	1.11	78.90
13.28	1.12	79.10
13.29	1.12	79.29
13.30	1.12	79.45
13.31	1.12	79.61
13.32	1.12	79.83
13.33	1.12	80.04
13.34	1.12	80.21
13.35	1.12	80.41
13.36	1.12	80.65
13.37	1.12	80.83
13.38	1.12	81.00
13.39	1.12	81.20
13.40	1.13	81.39
13.41	1.13	81.57
13.42	1.13	81.75
13.43	1.13	81.95
13.44	1.13	82.13
13.45	1.13	82.27
13.46	1.13	82.47
13.47	1.13	82.68
13.48	1.13	82.85
13.49	1.13	83.05
13.50	1.13	83.24
13.51	1.13	83.44
13.52	1.14	83.63
13.53	1.14	83.83
13.54	1.14	84.03
13.55	1.14	84.22
13.56	1.14	84.39
13.57	1.14	84.58
13.58	1.14	84.76
13.59	1.14	84.93
13.60	1.14	85.10
13.61	1.14	85.29
13.62	1.14	85.50
13.63	1.14	85.68
13.64	1.15	85.87
13.65	1.15	86.06
13.66	1.15	86.26
13.67	1.15	86.43
13.68	1.15	86.62
13.69	1.15	86.81
13.70	1.15	86.96
13.71	1.15	87.14
13.72	1.15	87.34
13.73	1.15	87.53
13.74	1.15	87.68
13.75	1.15	87.84
13.76	1.16	88.02
13.77	1.16	88.20
13.78	1.16	88.37
13.79	1.16	88.55
13.80	1.16	88.76
13.81	1.16	88.91
13.82	1.16	89.05
13.83	1.16	89.25
13.84	1.16	89.47
13.85	1.16	89.62
13.86	1.16	89.77
13.87	1.16	89.96
13.88	1.17	90.11
13.89	1.17	90.28
13.90	1.17	90.43
13.91	1.17	90.62
13.92	1.17	90.79
13.93	1.17	90.95
13.94	1.17	91.11
13.95	1.17	91.26
13.96	1.17	91.48
13.97	1.17	91.66
13.98	1.17	91.81
13.99	1.17	91.97
14.00	1.18	92.14
14.01	1.18	92.29
14.02	1.18	92.45
14.03	1.18	92.62
14.04	1.18	92.80
14.05	1.18	92.96
14.06	1.18	93.10
14.07	1.18	93.25
14.08	1.18	93.43
14.09	1.18	93.61
14.10	1.18	93.79
14.11	1.18	93.96
14.12	1.19	94.12
14.13	1.19	94.31
14.14	1.19	94.47
14.15	1.19	94.65
14.16	1.19	94.83
14.17	1.19	94.99
14.18	1.19	95.15
14.19	1.19	95.28
14.20	1.19	95.44
14.21	1.19	95.60
14.22	1.19	95.75
14.23	1.19	95.93
14.24	1.20	96.11
14.25	1.20	96.26
14.26	1.20	96.41
14.27	1.20	96.59
14.28	1.20	96.74
14.29	1.20	96.91
14.30	1.20	97.10
14.31	1.20	97.25
14.32	1.20	97.40
14.33	1.20	97.58
14.34	1.20	97.72
14.35	1.20	97.85
14.36	1.21	98.00
14.37	1.21	98.19
14.38	1.21	98.34
14.39	1.21	98.48
14.40	1.21	98.63
14.41	1.21	98.78
14.42	1.21	98.94
14.43	1.21	99.10
14.44	1.21	99.24
14.45	1.21	99.39
14.46	1.21	99.54
14.47	1.21	99.69
14.48	1.22	99.86
14.49	1.22	100.00
14.50	1.22	100.13
14.51	1.22	100.30
14.52	1.22	100.45
14.53	1.22	100.59
14.54	1.22	100.73
14.55	1.22	100.86
14.56	1.22	101.00
14.57	1.22	101.14
14.58	1.22	101.30
14.59	1.22	101.46
14.60	1.23	101.62
14.61	1.23	101.78
14.62	1.23	101.93
14.63	1.23	102.08
14.64	1.23	102.23
14.65	1.23	102.38
14.66	1.23	102.52
14.67	1.23	102.63
14.68	1.23	102.79
14.69	1.23	102.95
14.70	1.23	103.08
14.71	1.23	103.25
14.72	1.24	103.40
14.73	1.24	103.54
14.74	1.24	103.69
14.75	1.24	103.84
14.76	1.24	103.99
14.77	1.24	104.14
14.78	1.24	104.28
14.79	1.24	104.40
14.80	1.24	104.53
14.81	1.24	104.68
14.82	1.24	104.82
14.83	1.24	104.96
14.84	1.25	105.10
14.85	1.25	105.23
14.86	1.25	105.35
14.87	1.25	105.50
14.88	1.25	105.67
14.89	1.25	105.80
14.90	1.25	105.92
14.91	1.25	106.06
14.92	1.25	106.23
14.93	1.25	106.37
14.94	1.25	106.50
14.95	1.25	106.65
14.96	1.26	106.76
14.97	1.26	106.88
14.98	1.26	107.00
14.99	1.26	107.14
15.00	1.26	107.26
15.01	1.26	107.37
15.02	1.26	107.52
15.03	1.26	107.68
15.04	1.26	107.77
15.05	1.26	107.92
15.06	1.26	108.05
15.07	1.26	108.17
15.08	1.27	108.33
15.09	1.27	108.47
15.10	1.27	108.59
15.11	1.27	108.71
15.12	1.27	108.83
15.13	1.27	108.93
15.14	1.27	109.05
15.15	1.27	109.20
15.16	1.27	109.33
15.17	1.27	109.44
15.18	1.27	109.57
15.19	1.27	109.72
15.20	1.28	109.87
15.21	1.28	110.01
15.22	1.28	110.14
15.23	1.28	110.27
15.24	1.28	110.41
15.25	1.28	110.53
15.26	1.28	110.63
15.27	1.28	110.76
15.28	1.28	110.89
15.29	1.28	111.00
15.30	1.28	111.13
15.31	1.28	111.26
15.32	1.29	111.39
15.33	1.29	111.53
15.34	1.29	111.64
15.35	1.29	111.77
15.36	1.29	111.89
15.37	1.29	112.03
15.38	1.29	112.17
15.39	1.29	112.30
15.40	1.29	112.44
15.41	1.29	112.56
15.42	1.29	112.67
15.43	1.29	112.77
15.44	1.30	112.87
15.45	1.30	112.99
15.46	1.30	113.14
15.47	1.30	113.26
15.48	1.30	113.36
15.49	1.30	113.49
15.50	1.30	113.61
15.51	1.30	113.72
15.52	1.30	113.86
15.53	1.30	113.97
15.54	1.30	114.08
15.55	1.30	114.22
15.56	1.31	114.31
15.57	1.31	114.40
15.58	1.31	114.51
15.59	1.31	114.63
15.60	1.31	114.73
15.61	1.31	114.86
15.62	1.31	114.98
15.63	1.31	115.06
15.64	1.31	115.16
15.65	1.31	115.29
15.66	1.31	115.43
15.67	1.31	115.52
15.68	1.32	115.62
15.69	1.32	115.76
15.70	1.32	115.87
15.71	1.32	115.98
15.72	1.32	116.10
15.73	1.32	116.18
15.74	1.32	116.27
15.75	1.32	116.38
15.76	1.32	116.46
15.77	1.32	116.56
15.78	1.32	116.70
15.79	1.32	116.82
15.80	1.33	116.91
15.81	1.33	117.02
15.82	1.33	117.17
15.83	1.33	117.28
15.84	1.33	117.38
15.85	1.33	117.47
15.86	1.33	117.58
15.87	1.33	117.70
15.88	1.33	117.79
15.89	1.33	117.90
15.90	1.33	117.99
15.91	1.33	118.10
15.92	1.34	118.19
15.93	1.34	118.29
15.94	1.34	118.42
15.95	1.34	118.54
15.96	1.34	118.64
15.97	1.34	118.73
15.98	1.34	118.84
15.99	1.34	118.96
16.00	1.34	119.05
16.01	1.34	119.16
16.02	1.34	119.26
16.03	1.34	119.35
16.04	1.35	119.45
16.05	1.35	119.55
16.06	1.35	119.64
16.07	1.35	119.70
16.08	1.35	119.80
16.09	1.35	119.92
16.10	1.35	120.02
16.11	1.35	120.10
16.12	1.35	120.21
16.13	1.35	120.33
16.14	1.35	120.42
16.15	1.35	120.49
16.16	1.36	120.59
16.17	1.36	120.69
16.18	1.36	120.79
16.19	1.36	120.90
16.20	1.36	120.99
16.21	1.36	121.06
16.22	1.36	121.14
16.23	1.36	121.23
16.24	1.36	121.32
16.25	1.36	121.41
16.26	1.36	121.52
16.27	1.36	121.63
16.28	1.37	121.72
16.29	1.37	121.79
16.30	1.37	121.88
16.31	1.37	121.98
16.32	1.37	122.08
16.33	1.37	122.17
16.34	1.37	122.25
16.35	1.37	122.33
16.36	1.37	122.44
16.37	1.37	122.54
16.38	1.37	122.61
16.39	1.37	122.69
16.40	1.38	122.80
16.41	1.38	122.89
16.42	1.38	122.99
16.43	1.38	123.07
16.44	1.38	123.15
16.45	1.38	123.26
16.46	1.38	123.35
16.47	1.38	123.45
16.48	1.38	123.54
16.49	1.38	123.61
16.50	1.38	123.72
16.51	1.38	123.83
16.52	1.39	123.86
16.53	1.39	123.95
16.54	1.39	124.06
16.55	1.39	124.14
16.56	1.39	124.21
16.57	1.39	124.31
16.58	1.39	124.41
16.59	1.39	124.48
16.60	1.39	124.57
16.61	1.39	124.64
16.62	1.39	124.73
16.63	1.39	124.84
16.64	1.40	124.94
16.65	1.40	125.02
16.66	1.40	125.09
16.67	1.40	125.18
16.68	1.40	125.24
16.69	1.40	125.32
16.70	1.40	125.40
16.71	1.40	125.49
16.72	1.40	125.58
16.73	1.40	125.65
16.74	1.40	125.74
16.75	1.40	125.82
16.76	1.41	125.90
16.77	1.41	126.00
16.78	1.41	126.07
16.79	1.41	126.13
16.80	1.41	126.22
16.81	1.41	126.33
16.82	1.41	126.41
16.83	1.41	126.47
16.84	1.41	126.52
16.85	1.41	126.60
16.86	1.41	126.69
16.87	1.41	126.77
16.88	1.42	126.85
16.89	1.42	126.93
16.90	1.42	127.01
16.91	1.42	127.10
16.92	1.42	127.20
16.93	1.42	127.28
16.94	1.42	127.34
16.95	1.42	127.42
16.96	1.42	127.48
16.97	1.42	127.55
16.98	1.42	127.64
16.99	1.42	127.72
17.00	1.43	127.78
17.01	1.43	127.85
17.02	1.43	127.95
17.03	1.43	128.04
17.04	1.43	128.08
17.05	1.43	128.18
17.06	1.43	128.28
17.07	1.43	128.35
17.08	1.43	128.42
17.09	1.43	128.50
17.10	1.43	128.60
17.11	1.43	128.67
17.12	1.44	128.74
17.13	1.44	128.81
17.14	1.44	128.87
17.15	1.44	128.93
17.16	1.44	129.02
17.17	1.44	129.10
17.18	1.44	129.15
17.19	1.44	129.23
17.20	1.44	129.30
17.21	1.44	129.39
17.22	1.44	129.49
17.23	1.44	129.57
17.24	1.45	129.63
17.25	1.45	129.68
17.26	1.45	129.75
17.27	1.45	129.81
17.28	1.45	129.87
17.29	1.45	129.97
17.30	1.45	130.03
17.31	1.45	130.09
17.32	1.45	130.16
17.33	1.45	130.24
17.34	1.45	130.30
17.35	1.45	130.36
17.36	1.46	130.44
17.37	1.46	130.49
17.38	1.46	130.56
17.39	1.46	130.67
17.40	1.46	130.74
17.41	1.46	130.78
17.42	1.46	130.84
17.43	1.46	130.91
17.44	1.46	130.97
17.45	1.46	131.03
17.46	1.46	131.10
17.47	1.46	131.18
17.48	1.47	131.23
17.49	1.47	131.30
17.50	1.47	131.39
17.51	1.47	131.45
17.52	1.47	131.50
17.53	1.47	131.58
17.54	1.47	131.66
17.55	1.47	131.72
17.56	1.47	131.80
17.57	1.47	131.84
17.58	1.47	131.92
17.59	1.47	132.00
17.60	1.48	132.03
17.61	1.48	132.09
17.62	1.48	132.14
17.63	1.48	132.21
17.64	1.48	132.30
17.65	1.48	132.37
17.66	1.48	132.44
17.67	1.48	132.52
17.68	1.48	132.59
17.69	1.48	132.62
17.70	1.48	132.70
17.71	1.48	132.78
17.72	1.49	132.83
17.73	1.49	132.91
17.74	1.49	132.96
17.75	1.49	133.00
17.76	1.49	133.06
17.77	1.49	133.13
17.78	1.49	133.20
17.79	1.49	133.26
17.80	1.49	133.29
17.81	1.49	133.35
17.82	1.49	133.41
17.83	1.49	133.50
17.84	1.50	133.56
17.85	1.50	133.60
17.86	1.50	133.66
17.87	1.50	133.72
17.88	1.50	133.76
17.89	1.50	133.82
17.90	1.50	133.87
17.91	1.50	133.90
17.92	1.50	133.97
17.93	1.50	134.03
17.94	1.50	134.10
17.95	1.50	134.17
17.96	1.51	134.19
17.97	1.51	134.25
17.98	1.51	134.33
17.99	1.51	134.38
18.00	1.51	134.44
18.01	1.51	134.50
18.02	1.51	134.54
18.03	1.51	134.59
18.04	1.51	134.64
18.05	1.51	134.70
18.06	1.51	134.77
18.07	1.51	134.82
18.08	1.52	134.86
18.09	1.52	134.90
18.10	1.52	134.97
18.11	1.52	135.03
18.12	1.52	135.08
18.13	1.52	135.15
18.14	1.52	135.23
18.15	1.52	135.27
18.16	1.52	135.32
18.17	1.52	135.38
18.18	1.52	135.43
18.19	1.52	135.48
18.20	1.53	135.55
18.21	1.53	135.58
18.22	1.53	135.61
18.23	1.53	135.69
18.24	1.53	135.71
18.25	1.53	135.77
18.26	1.53	135.84
18.27	1.53	135.88
18.28	1.53	135.95
18.29	1.53	136.02
18.30	1.53	136.07
18.31	1.53	136.12
18.32	1.54	136.19
18.33	1.54	136.23
18.34	1.54	136.28
18.35	1.54	136.34
18.36	1.54	136.38
18.37	1.54	136.41
18.38	1.54	136.45
18.39	1.54	136.50
18.40	1.54	136.53
18.41	1.54	136.59
18.42	1.54	136.65
18.43	1.54	136.68
18.44	1.55	136.76
18.45	1.55	136.81
18.46	1.55	136.86
18.47	1.55	136.90
18.48	1.55	136.96
18.49	1.55	137.01
18.50	1.55	137.04
18.51	1.55	137.08
18.52	1.55	137.12
18.53	1.55	137.15
18.54	1.55	137.19
18.55	1.55	137.24
18.56	1.56	137.29
18.57	1.56	137.34
18.58	1.56	137.37
18.59	1.56	137.43
18.60	1.56	137.49
18.61	1.56	137.53
18.62	1.56	137.57
18.63	1.56	137.61
18.64	1.56	137.66
18.65	1.56	137.70
18.66	1.56	137.76
18.67	1.56	137.80
18.68	1.57	137.81
18.69	1.57	137.87
18.70	1.57	137.92
18.71	1.57	137.95
18.72	1.57	137.99
18.73	1.57	138.04
18.74	1.57	138.12
18.75	1.57	138.17
18.76	1.57	138.20
18.77	1.57	138.27
18.78	1.57	138.32
18.79	1.57	138.35
18.80	1.58	138.39
18.81	1.58	138.43
18.82	1.58	138.46
18.83	1.58	138.50
18.84	1.58	138.54
18.85	1.58	138.58
18.86	1.58	138.61
18.87	1.58	138.67
18.88	1.58	138.71
18.89	1.58	138.74
18.90	1.58	138.78
18.91	1.58	138.84
18.92	1.59	138.87
18.93	1.59	138.93
18.94	1.59	138.99
18.95	1.59	139.02
18.96	1.59	139.05
18.97	1.59	139.07
18.98	1.59	139.11
18.99	1.59	139.15
19.00	1.59	139.18
19.01	1.59	139.20
19.02	1.59	139.21
19.03	1.59	139.25
19.04	1.60	139.32
19.05	1.60	139.36
19.06	1.60	139.39
19.07	1.60	139.40
19.08	1.60	139.46
19.09	1.60	139.51
19.10	1.60	139.52
19.11	1.60	139.54
19.12	1.60	139.59
19.13	1.60	139.61
19.14	1.60	139.64
19.15	1.60	139.68
19.16	1.61	139.69
19.17	1.61	139.73
19.18	1.61	139.79
19.19	1.61	139.81
19.20	1.61	139.85
19.21	1.61	139.88
19.22	1.61	139.90
19.23	1.61	139.94
19.24	1.61	139.99
19.25	1.61	140.04
19.26	1.61	140.07
19.27	1.61	140.08
19.28	1.62	140.10
19.29	1.62	140.14
19.30	1.62	140.19
19.31	1.62	140.21
19.32	1.62	140.23
19.33	1.62	140.25
19.34	1.62	140.28
19.35	1.62	140.34
19.36	1.62	140.36
19.37	1.62	140.41
19.38	1.62	140.46
19.39	1.62	140.47
19.40	1.63	140.51
19.41	1.63	140.54
19.42	1.63	140.57
19.43	1.63	140.59
19.44	1.63	140.61
19.45	1.63	140.64
19.46	1.63	140.66
19.47	1.63	140.69
19.48	1.63	140.73
19.49	1.63	140.75
19.50	1.63	140.77
19.51	1.63	140.81
19.52	1.64	140.85
19.53	1.64	140.88
19.54	1.64	140.93
19.55	1.64	140.95
19.56	1.64	140.96
19.57	1.64	141.00
19.58	1.64	141.01
19.59	1.64	141.02
19.60	1.64	141.05
19.61	1.64	141.08
19.62	1.64	141.10
19.63	1.64	141.10
19.64	1.65	141.10
19.65	1.65	141.14
19.66	1.65	141.17
19.67	1.65	141.20
19.68	1.65	141.25
19.69	1.65	141.28
19.70	1.65	141.30
19.71	1.65	141.33
19.72	1.65	141.34
19.73	1.65	141.34
19.74	1.65	141.35
19.75	1.65	141.40
19.76	1.66	141.43
19.77	1.66	141.44
19.78	1.66	141.47
19.79	1.66	141.49
19.80	1.66	141.52
19.81	1.66	141.57
19.82	1.66	141.57
19.83	1.66	141.60
19.84	1.66	141.65
19.85	1.66	141.67
19.86	1.66	141.69
19.87	1.66	141.70
19.88	1.67	141.73
19.89	1.67	141.77
19.90	1.67	141.77
19.91	1.67	141.78
19.92	1.67	141.79
19.93	1.67	141.82
19.94	1.67	141.84
19.95	1.67	141.87
19.96	1.67	141.90
19.97	1.67	141.91
19.98	1.67	141.94
19.99	1.67	141.97
20.00	1.68	142.00
20.01	1.68	142.02
20.02	1.68	142.05
20.03	1.68	142.08
20.04	1.68	142.09
20.05	1.68	142.08
20.06	1.68	142.09
20.07	1.68	142.12
20.08	1.68	142.13
20.09	1.68	142.17
20.10	1.68	142.21
20.11	1.68	142.22
20.12	1.69	142.25
20.13	1.69	142.25
20.14	1.69	142.26
20.15	1.69	142.31
20.16	1.69	142.35
20.17	1.69	142.32
20.18	1.69	142.32
20.19	1.69	142.37
20.20	1.69	142.39
20.21	1.69	142.40
20.22	1.69	142.39
20.23	1.69	142.39
20.24	1.70	142.38
20.25	1.70	142.41
20.26	1.70	142.44
20.27	1.70	142.44
20.28	1.70	142.45
20.29	1.70	142.45
20.30	1.70	142.46
20.31	1.70	142.51
20.32	1.70	142.54
20.33	1.70	142.51
20.34	1.70	142.50
20.35	1.70	142.50
20.36	1.71	142.50
20.37	1.71	142.53
20.38	1.71	142.55
20.39	1.71	142.53
20.40	1.71	142.53
20.41	1.71	142.54
20.42	1.71	142.55
20.43	1.71	142.53
20.44	1.71	142.50
20.45	1.71	142.53
20.46	1.71	142.54
20.47	1.71	142.54
20.48	1.72	142.55
20.49	1.72	142.52
20.50	1.72	142.50
20.51	1.72	142.50
20.52	1.72	142.46
20.53	1.72	142.42
20.54	1.72	142.40
20.55	1.72	142.39
20.56	1.72	142.36
20.57	1.72	142.33
20.58	1.72	142.30
20.59	1.72	142.28
20.60	1.73	142.27
20.61	1.73	142.23
20.62	1.73	142.19
20.63	1.73	142.14
20.64	1.73	142.07
20.65	1.73	141.99
20.66	1.73	141.91
20.67	1.73	141.79
20.68	1.73	141.47
20.69	1.73	73.89
20.70	1.73	5.89
