0.01	0.01	0.81
0.02	0.01	0.90
0.03	0.01	0.97
0.04	0.01	1.03
0.05	0.01	1.08
0.06	0.01	1.11
0.07	0.01	1.10
0.08	0.02	1.08
0.09	0.02	1.10
0.10	0.02	1.12
0.11	0.02	1.14
0.12	0.02	1.16
0.13	0.02	1.16
0.14	0.02	1.14
0.15	0.02	1.13
0.16	0.02	1.16
0.17	0.02	1.17
0.18	0.02	1.17
0.19	0.02	1.17
0.20	0.03	1.16
0.21	0.03	1.17
0.22	0.03	1.16
0.23	0.03	1.18
0.24	0.03	1.23
0.25	0.03	1.32
0.26	0.03	1.37
0.27	0.03	1.36
0.28	0.03	1.36
0.29	0.03	1.34
0.30	0.03	1.29
0.31	0.03	1.29
0.32	0.04	1.34
0.33	0.04	1.40
0.34	0.04	1.43
0.35	0.04	1.45
0.36	0.04	1.50
0.37	0.04	1.51
0.38	0.04	1.53
0.39	0.04	1.59
0.40	0.04	1.63
0.41	0.04	1.67
0.42	0.04	1.70
0.43	0.04	1.72
0.44	0.05	1.76
0.45	0.05	1.78
0.46	0.05	1.78
0.47	0.05	1.79
0.48	0.05	1.84
0.49	0.05	1.88
0.50	0.05	1.93
0.51	0.05	1.96
0.52	0.05	2.00
0.53	0.05	2.03
0.54	0.05	2.08
0.55	0.05	2.13
0.56	0.06	2.14
0.57	0.06	2.19
0.58	0.06	2.23
0.59	0.06	2.26
0.60	0.06	2.29
0.61	0.06	2.32
0.62	0.06	2.38
0.63	0.06	2.45
0.64	0.06	2.54
0.65	0.06	2.65
0.66	0.06	2.73
0.67	0.06	2.80
0.68	0.07	2.84
0.69	0.07	2.92
0.70	0.07	2.99
0.71	0.07	3.05
0.72	0.07	3.15
0.73	0.07	3.23
0.74	0.07	3.30
0.75	0.07	3.38
0.76	0.07	3.44
0.77	0.07	3.50
0.78	0.07	3.55
0.79	0.07	3.61
0.80	0.08	3.66
0.81	0.08	3.74
0.82	0.08	3.81
0.83	0.08	3.87
0.84	0.08	3.89
0.85	0.08	3.92
0.86	0.08	3.98
0.87	0.08	4.03
0.88	0.08	4.08
0.89	0.08	4.12
0.90	0.08	4.17
0.91	0.08	4.22
0.92	0.09	4.27
0.93	0.09	4.35
0.94	0.09	4.42
0.95	0.09	4.50
0.96	0.09	4.59
0.97	0.09	4.67
0.98	0.09	4.74
0.99	0.09	4.81
1.00	0.09	4.89
1.01	0.09	4.95
1.02	0.09	5.00
1.03	0.09	5.06
1.04	0.10	5.13
1.05	0.10	5.18
1.06	0.10	5.21
1.07	0.10	5.26
1.08	0.10	5.30
1.09	0.10	5.35
1.10	0.10	5.39
1.11	0.10	5.39
1.12	0.10	5.42
1.13	0.10	5.45
1.14	0.10	5.46
1.15	0.10	5.52
1.16	0.11	5.63
1.17	0.11	5.73
1.18	0.11	5.80
1.19	0.11	5.91
1.20	0.11	5.98
1.21	0.11	6.03
1.22	0.11	6.10
1.23	0.11	6.18
1.24	0.11	6.25
1.25	0.11	6.31
1.26	0.11	6.41
1.27	0.11	6.48
1.28	0.12	6.51
1.29	0.12	6.54
1.30	0.12	6.59
1.31	0.12	6.64
1.32	0.12	6.67
1.33	0.12	6.73
1.34	0.12	6.78
1.35	0.12	6.85
1.36	0.12	6.96
1.37	0.12	7.02
1.38	0.12	7.06
1.39	0.12	7.13
1.40	0.13	7.19
1.41	0.13	7.24
1.42	0.13	7.27
1.43	0.13	7.33
1.44	0.13	7.40
1.45	0.13	7.48
1.46	0.13	7.59
1.47	0.13	7.68
1.48	0.13	7.74
1.49	0.13	7.81
1.50	0.13	7.86
1.51	0.13	7.93
1.52	0.14	7.98
1.53	0.14	8.04
1.54	0.14	8.12
1.55	0.14	8.19
1.56	0.14	8.24
1.57	0.14	8.29
1.58	0.14	8.34
1.59	0.14	8.39
1.60	0.14	8.44
1.61	0.14	8.51
1.62	0.14	8.58
1.63	0.14	8.62
1.64	0.15	8.65
1.65	0.15	8.68
1.66	0.15	8.75
1.67	0.15	8.80
1.68	0.15	8.83
1.69	0.15	8.88
1.70	0.15	8.93
1.71	0.15	9.00
1.72	0.15	9.05
1.73	0.15	9.10
1.74	0.15	9.17
1.75	0.15	9.23
1.76	0.16	9.25
1.77	0.16	9.27
1.78	0.16	9.31
1.79	0.16	9.36
1.80	0.16	9.42
1.81	0.16	9.46
1.82	0.16	9.48
1.83	0.16	9.50
1.84	0.16	9.53
1.85	0.16	9.55
1.86	0.16	9.57
1.87	0.16	9.64
1.88	0.17	9.73
1.89	0.17	9.85
1.90	0.17	9.98
1.91	0.17	10.06
1.92	0.17	10.02
1.93	0.17	9.90
1.94	0.17	9.80
1.95	0.17	9.82
1.96	0.17	10.01
1.97	0.17	10.19
1.98	0.17	10.35
1.99	0.17	10.36
2.00	0.18	10.23
2.01	0.18	10.18
2.02	0.18	10.28
2.03	0.18	10.44
2.04	0.18	10.60
2.05	0.18	10.66
2.06	0.18	10.54
2.07	0.18	10.41
2.08	0.18	10.46
2.09	0.18	10.66
2.10	0.18	10.84
2.11	0.18	10.85
2.12	0.19	10.74
2.13	0.19	10.79
2.14	0.19	10.94
2.15	0.19	11.02
2.16	0.19	11.00
2.17	0.19	10.99
2.18	0.19	11.10
2.19	0.19	11.23
2.20	0.19	11.24
2.21	0.19	11.21
2.22	0.19	11.28
2.23	0.19	11.35
2.24	0.20	11.40
2.25	0.20	11.45
2.26	0.20	11.50
2.27	0.20	11.57
2.28	0.20	11.60
2.29	0.20	11.64
2.30	0.20	11.66
2.31	0.20	11.68
2.32	0.20	11.67
2.33	0.20	11.68
2.34	0.20	11.72
2.35	0.20	11.74
2.36	0.21	11.76
2.37	0.21	11.75
2.38	0.21	11.77
2.39	0.21	11.79
2.40	0.21	11.77
2.41	0.21	11.78
2.42	0.21	11.76
2.43	0.21	11.77
2.44	0.21	11.82
2.45	0.21	11.82
2.46	0.21	11.83
2.47	0.21	11.83
2.48	0.22	11.83
2.49	0.22	11.86
2.50	0.22	11.85
2.51	0.22	11.85
2.52	0.22	11.89
2.53	0.22	11.88
2.54	0.22	11.85
2.55	0.22	11.88
2.56	0.22	11.88
2.57	0.22	11.87
2.58	0.22	11.90
2.59	0.22	11.89
2.60	0.23	11.88
2.61	0.23	11.90
2.62	0.23	11.91
2.63	0.23	11.90
2.64	0.23	11.91
2.65	0.23	11.91
2.66	0.23	11.93
2.67	0.23	11.96
2.68	0.23	11.95
2.69	0.23	11.92
2.70	0.23	11.95
2.71	0.23	11.95
2.72	0.24	11.94
2.73	0.24	11.95
2.74	0.24	11.94
2.75	0.24	11.94
2.76	0.24	11.95
2.77	0.24	11.96
2.78	0.24	11.93
2.79	0.24	11.94
2.80	0.24	11.96
2.81	0.24	11.96
2.82	0.24	11.96
2.83	0.24	11.97
2.84	0.25	11.98
2.85	0.25	11.96
2.86	0.25	11.97
2.87	0.25	11.97
2.88	0.25	11.97
2.89	0.25	12.00
2.90	0.25	11.98
2.91	0.25	11.96
2.92	0.25	11.99
2.93	0.25	11.99
2.94	0.25	11.98
2.95	0.25	11.98
2.96	0.26	11.97
2.97	0.26	12.00
2.98	0.26	12.03
2.99	0.26	12.06
3.00	0.26	12.18
3.01	0.26	12.32
3.02	0.26	12.45
3.03	0.26	12.57
3.04	0.26	12.67
3.05	0.26	12.77
3.06	0.26	12.81
3.07	0.26	12.83
3.08	0.27	12.86
3.09	0.27	12.90
3.10	0.27	12.93
3.11	0.27	13.01
3.12	0.27	13.08
3.13	0.27	13.12
3.14	0.27	13.15
3.15	0.27	13.18
3.16	0.27	13.17
3.17	0.27	13.16
3.18	0.27	13.18
3.19	0.27	13.19
3.20	0.28	13.25
3.21	0.28	13.27
3.22	0.28	13.27
3.23	0.28	13.26
3.24	0.28	13.26
3.25	0.28	13.30
3.26	0.28	13.28
3.27	0.28	13.28
3.28	0.28	13.32
3.29	0.28	13.30
3.30	0.28	13.28
3.31	0.28	13.28
3.32	0.29	13.32
3.33	0.29	13.35
3.34	0.29	13.35
3.35	0.29	13.36
3.36	0.29	13.33
3.37	0.29	13.35
3.38	0.29	13.36
3.39	0.29	13.33
3.40	0.29	13.35
3.41	0.29	13.35
3.42	0.29	13.31
3.43	0.29	13.33
3.44	0.30	13.35
3.45	0.30	13.36
3.46	0.30	13.35
3.47	0.30	13.36
3.48	0.30	13.36
3.49	0.30	13.36
3.50	0.30	13.38
3.51	0.30	13.37
3.52	0.30	13.36
3.53	0.30	13.35
3.54	0.30	13.35
3.55	0.30	13.35
3.56	0.31	13.38
3.57	0.31	13.39
3.58	0.31	13.36
3.59	0.31	13.38
3.60	0.31	13.37
3.61	0.31	13.36
3.62	0.31	13.38
3.63	0.31	13.39
3.64	0.31	13.38
3.65	0.31	13.38
3.66	0.31	13.36
3.67	0.31	13.35
3.68	0.32	13.36
3.69	0.32	13.36
3.70	0.32	13.35
3.71	0.32	13.38
3.72	0.32	13.37
3.73	0.32	13.36
3.74	0.32	13.36
3.75	0.32	13.36
3.76	0.32	13.36
3.77	0.32	13.35
3.78	0.32	13.33
3.79	0.32	13.31
3.80	0.33	13.34
3.81	0.33	13.34
3.82	0.33	13.34
3.83	0.33	13.35
3.84	0.33	13.34
3.85	0.33	13.32
3.86	0.33	13.34
3.87	0.33	13.35
3.88	0.33	13.33
3.89	0.33	13.35
3.90	0.33	13.33
3.91	0.33	13.28
3.92	0.34	13.32
3.93	0.34	13.32
3.94	0.34	13.30
3.95	0.34	13.31
3.96	0.34	13.30
3.97	0.34	13.31
3.98	0.34	13.32
3.99	0.34	13.31
4.00	0.34	13.31
4.01	0.34	13.33
4.02	0.34	13.31
4.03	0.34	13.26
4.04	0.35	13.25
4.05	0.35	13.27
4.06	0.35	13.27
4.07	0.35	13.25
4.08	0.35	13.28
4.09	0.35	13.33
4.10	0.35	13.29
4.11	0.35	13.28
4.12	0.35	13.28
4.13	0.35	13.25
4.14	0.35	13.28
4.15	0.35	13.25
4.16	0.36	13.24
4.17	0.36	13.23
4.18	0.36	13.20
4.19	0.36	13.23
4.20	0.36	13.20
4.21	0.36	13.25
4.22	0.36	13.25
4.23	0.36	13.20
4.24	0.36	13.28
4.25	0.36	13.25
4.26	0.36	13.26
4.27	0.36	13.29
4.28	0.37	13.29
4.29	0.37	13.31
4.30	0.37	13.25
4.31	0.37	13.25
4.32	0.37	13.22
4.33	0.37	13.23
4.34	0.37	13.26
4.35	0.37	13.22
4.36	0.37	13.26
4.37	0.37	13.24
4.38	0.37	13.25
4.39	0.37	13.29
4.40	0.38	13.22
4.41	0.38	13.25
4.42	0.38	13.26
4.43	0.38	13.24
4.44	0.38	13.26
4.45	0.38	13.23
4.46	0.38	13.25
4.47	0.38	13.27
4.48	0.38	13.24
4.49	0.38	13.26
4.50	0.38	13.24
4.51	0.38	13.25
4.52	0.39	13.26
4.53	0.39	13.25
4.54	0.39	13.25
4.55	0.39	13.20
4.56	0.39	13.23
4.57	0.39	13.23
4.58	0.39	13.19
4.59	0.39	13.23
4.60	0.39	13.21
4.61	0.39	13.23
4.62	0.39	13.24
4.63	0.39	13.20
4.64	0.40	13.23
4.65	0.40	13.19
4.66	0.40	13.22
4.67	0.40	13.23
4.68	0.40	13.17
4.69	0.40	13.19
4.70	0.40	13.16
4.71	0.40	13.18
4.72	0.40	13.20
4.73	0.40	13.19
4.74	0.40	13.23
4.75	0.40	13.18
4.76	0.41	13.20
4.77	0.41	13.26
4.78	0.41	13.18
4.79	0.41	13.19
4.80	0.41	13.19
4.81	0.41	13.17
4.82	0.41	13.22
4.83	0.41	13.20
4.84	0.41	13.19
4.85	0.41	13.21
4.86	0.41	13.21
4.87	0.41	13.22
4.88	0.42	13.22
4.89	0.42	13.21
4.90	0.42	13.20
4.91	0.42	13.18
4.92	0.42	13.20
4.93	0.42	13.17
4.94	0.42	13.17
4.95	0.42	13.17
4.96	0.42	13.11
4.97	0.42	13.14
4.98	0.42	13.15
4.99	0.42	13.14
5.00	0.43	13.17
5.01	0.43	13.18
5.02	0.43	13.18
5.03	0.43	13.16
5.04	0.43	13.17
5.05	0.43	13.16
5.06	0.43	13.11
5.07	0.43	13.17
5.08	0.43	13.12
5.09	0.43	13.10
5.10	0.43	13.15
5.11	0.43	13.10
5.12	0.44	13.13
5.13	0.44	13.14
5.14	0.44	13.16
5.15	0.44	13.19
5.16	0.44	13.13
5.17	0.44	13.17
5.18	0.44	13.15
5.19	0.44	13.10
5.20	0.44	13.15
5.21	0.44	13.10
5.22	0.44	13.15
5.23	0.44	13.15
5.24	0.45	13.10
5.25	0.45	13.19
5.26	0.45	13.16
5.27	0.45	13.16
5.28	0.45	13.19
5.29	0.45	13.16
5.30	0.45	13.19
5.31	0.45	13.15
5.32	0.45	13.16
5.33	0.45	13.14
5.34	0.45	13.09
5.35	0.45	13.14
5.36	0.46	13.10
5.37	0.46	13.10
5.38	0.46	13.13
5.39	0.46	13.09
5.40	0.46	13.15
5.41	0.46	13.13
5.42	0.46	13.11
5.43	0.46	13.12
5.44	0.46	13.10
5.45	0.46	13.13
5.46	0.46	13.08
5.47	0.46	13.06
5.48	0.47	13.08
5.49	0.47	13.04
5.50	0.47	13.10
5.51	0.47	13.09
5.52	0.47	13.07
5.53	0.47	13.15
5.54	0.47	13.10
5.55	0.47	13.10
5.56	0.47	13.11
5.57	0.47	13.11
5.58	0.47	13.14
5.59	0.47	13.07
5.60	0.48	13.10
5.61	0.48	13.12
5.62	0.48	13.08
5.63	0.48	13.12
5.64	0.48	13.10
5.65	0.48	13.12
5.66	0.48	13.12
5.67	0.48	13.08
5.68	0.48	13.13
5.69	0.48	13.12
5.70	0.48	13.08
5.71	0.48	13.10
5.72	0.49	13.08
5.73	0.49	13.07
5.74	0.49	13.08
5.75	0.49	13.09
5.76	0.49	13.13
5.77	0.49	13.13
5.78	0.49	13.13
5.79	0.49	13.14
5.80	0.49	13.14
5.81	0.49	13.15
5.82	0.49	13.12
5.83	0.49	13.11
5.84	0.50	13.13
5.85	0.50	13.13
5.86	0.50	13.15
5.87	0.50	13.16
5.88	0.50	13.17
5.89	0.50	13.20
5.90	0.50	13.21
5.91	0.50	13.22
5.92	0.50	13.23
5.93	0.50	13.25
5.94	0.50	13.23
5.95	0.50	13.21
5.96	0.51	13.27
5.97	0.51	13.26
5.98	0.51	13.22
5.99	0.51	13.23
6.00	0.51	13.24
6.01	0.51	13.29
6.02	0.51	13.29
6.03	0.51	13.29
6.04	0.51	13.32
6.05	0.51	13.30
6.06	0.51	13.31
6.07	0.51	13.33
6.08	0.52	13.30
6.09	0.52	13.30
6.10	0.52	13.29
6.11	0.52	13.27
6.12	0.52	13.30
6.13	0.52	13.31
6.14	0.52	13.33
6.15	0.52	13.33
6.16	0.52	13.32
6.17	0.52	13.36
6.18	0.52	13.33
6.19	0.52	13.31
6.20	0.53	13.34
6.21	0.53	13.34
6.22	0.53	13.33
6.23	0.53	13.29
6.24	0.53	13.28
6.25	0.53	13.31
6.26	0.53	13.31
6.27	0.53	13.32
6.28	0.53	13.34
6.29	0.53	13.36
6.30	0.53	13.37
6.31	0.53	13.35
6.32	0.54	13.35
6.33	0.54	13.32
6.34	0.54	13.32
6.35	0.54	13.35
6.36	0.54	13.29
6.37	0.54	13.26
6.38	0.54	13.28
6.39	0.54	13.29
6.40	0.54	13.30
6.41	0.54	13.28
6.42	0.54	13.30
6.43	0.54	13.32
6.44	0.55	13.31
6.45	0.55	13.33
6.46	0.55	13.32
6.47	0.55	13.32
6.48	0.55	13.33
6.49	0.55	13.28
6.50	0.55	13.31
6.51	0.55	13.30
6.52	0.55	13.26
6.53	0.55	13.32
6.54	0.55	13.32
6.55	0.55	13.32
6.56	0.56	13.34
6.57	0.56	13.31
6.58	0.56	13.32
6.59	0.56	13.31
6.60	0.56	13.32
6.61	0.56	13.32
6.62	0.56	13.29
6.63	0.56	13.31
6.64	0.56	13.32
6.65	0.56	13.30
6.66	0.56	13.35
6.67	0.56	13.37
6.68	0.57	13.35
6.69	0.57	13.38
6.70	0.57	13.35
6.71	0.57	13.33
6.72	0.57	13.35
6.73	0.57	13.35
6.74	0.57	13.31
6.75	0.57	13.34
6.76	0.57	13.35
6.77	0.57	13.31
6.78	0.57	13.37
6.79	0.57	13.38
6.80	0.58	13.34
6.81	0.58	13.37
6.82	0.58	13.33
6.83	0.58	13.33
6.84	0.58	13.35
6.85	0.58	13.30
6.86	0.58	13.31
6.87	0.58	13.30
6.88	0.58	13.27
6.89	0.58	13.30
6.90	0.58	13.31
6.91	0.58	13.34
6.92	0.59	13.36
6.93	0.59	13.32
6.94	0.59	13.35
6.95	0.59	13.35
6.96	0.59	13.34
6.97	0.59	13.33
6.98	0.59	13.29
6.99	0.59	13.28
7.00	0.59	13.32
7.01	0.59	13.32
7.02	0.59	13.33
7.03	0.59	13.34
7.04	0.60	13.32
7.05	0.60	13.34
7.06	0.60	13.35
7.07	0.60	13.35
7.08	0.60	13.34
7.09	0.60	13.32
7.10	0.60	13.33
7.11	0.60	13.35
7.12	0.60	13.32
7.13	0.60	13.31
7.14	0.60	13.33
7.15	0.60	13.32
7.16	0.61	13.34
7.17	0.61	13.36
7.18	0.61	13.36
7.19	0.61	13.35
7.20	0.61	13.37
7.21	0.61	13.34
7.22	0.61	13.33
7.23	0.61	13.37
7.24	0.61	13.34
7.25	0.61	13.28
7.26	0.61	13.31
7.27	0.61	13.31
7.28	0.62	13.27
7.29	0.62	13.34
7.30	0.62	13.36
7.31	0.62	13.33
7.32	0.62	13.37
7.33	0.62	13.41
7.34	0.62	13.40
7.35	0.62	13.42
7.36	0.62	13.43
7.37	0.62	13.42
7.38	0.62	13.44
7.39	0.62	13.45
7.40	0.63	13.47
7.41	0.63	13.49
7.42	0.63	13.47
7.43	0.63	13.50
7.44	0.63	13.54
7.45	0.63	13.53
7.46	0.63	13.53
7.47	0.63	13.52
7.48	0.63	13.49
7.49	0.63	13.49
7.50	0.63	13.50
7.51	0.63	13.47
7.52	0.64	13.47
7.53	0.64	13.49
7.54	0.64	13.47
7.55	0.64	13.50
7.56	0.64	13.55
7.57	0.64	13.52
7.58	0.64	13.50
7.59	0.64	13.53
7.60	0.64	13.53
7.61	0.64	13.53
7.62	0.64	13.57
7.63	0.64	13.57
7.64	0.65	13.58
7.65	0.65	13.63
7.66	0.65	13.68
7.67	0.65	13.69
7.68	0.65	13.70
7.69	0.65	13.72
7.70	0.65	13.76
7.71	0.65	13.77
7.72	0.65	13.80
7.73	0.65	13.82
7.74	0.65	13.83
7.75	0.65	13.85
7.76	0.66	13.90
7.77	0.66	13.93
7.78	0.66	13.92
7.79	0.66	14.00
7.80	0.66	14.06
7.81	0.66	14.07
7.82	0.66	14.08
7.83	0.66	14.10
7.84	0.66	14.15
7.85	0.66	14.20
7.86	0.66	14.23
7.87	0.66	14.25
7.88	0.67	14.27
7.89	0.67	14.32
7.90	0.67	14.40
7.91	0.67	14.48
7.92	0.67	14.53
7.93	0.67	14.55
7.94	0.67	14.57
7.95	0.67	14.60
7.96	0.67	14.61
7.97	0.67	14.64
7.98	0.67	14.67
7.99	0.67	14.66
8.00	0.68	14.65
8.01	0.68	14.65
8.02	0.68	14.66
8.03	0.68	14.68
8.04	0.68	14.72
8.05	0.68	14.74
8.06	0.68	14.72
8.07	0.68	14.73
8.08	0.68	14.77
8.09	0.68	14.77
8.10	0.68	14.80
8.11	0.68	14.81
8.12	0.69	14.84
8.13	0.69	14.87
8.14	0.69	14.87
8.15	0.69	14.91
8.16	0.69	14.91
8.17	0.69	14.95
8.18	0.69	15.00
8.19	0.69	15.02
8.20	0.69	15.05
8.21	0.69	15.06
8.22	0.69	15.08
8.23	0.69	15.08
8.24	0.70	15.08
8.25	0.70	15.08
8.26	0.70	15.06
8.27	0.70	15.06
8.28	0.70	15.09
8.29	0.70	15.12
8.30	0.70	15.11
8.31	0.70	15.11
8.32	0.70	15.13
8.33	0.70	15.15
8.34	0.70	15.16
8.35	0.70	15.17
8.36	0.71	15.19
8.37	0.71	15.17
8.38	0.71	15.18
8.39	0.71	15.20
8.40	0.71	15.19
8.41	0.71	15.21
8.42	0.71	15.23
8.43	0.71	15.22
8.44	0.71	15.22
8.45	0.71	15.25
8.46	0.71	15.25
8.47	0.71	15.28
8.48	0.72	15.28
8.49	0.72	15.28
8.50	0.72	15.28
8.51	0.72	15.27
8.52	0.72	15.27
8.53	0.72	15.28
8.54	0.72	15.30
8.55	0.72	15.29
8.56	0.72	15.29
8.57	0.72	15.32
8.58	0.72	15.32
8.59	0.72	15.34
8.60	0.73	15.35
8.61	0.73	15.32
8.62	0.73	15.33
8.63	0.73	15.33
8.64	0.73	15.33
8.65	0.73	15.34
8.66	0.73	15.34
8.67	0.73	15.32
8.68	0.73	15.33
8.69	0.73	15.37
8.70	0.73	15.37
8.71	0.73	15.38
8.72	0.74	15.38
8.73	0.74	15.36
8.74	0.74	15.35
8.75	0.74	15.34
8.76	0.74	15.36
8.77	0.74	15.37
8.78	0.74	15.38
8.79	0.74	15.38
8.80	0.74	15.37
8.81	0.74	15.39
8.82	0.74	15.40
8.83	0.74	15.40
8.84	0.75	15.42
8.85	0.75	15.42
8.86	0.75	15.43
8.87	0.75	15.46
8.88	0.75	15.43
8.89	0.75	15.42
8.90	0.75	15.43
8.91	0.75	15.43
8.92	0.75	15.46
8.93	0.75	15.47
8.94	0.75	15.46
8.95	0.75	15.47
8.96	0.76	15.50
8.97	0.76	15.49
8.98	0.76	15.49
8.99	0.76	15.50
9.00	0.76	15.50
9.01	0.76	15.52
9.02	0.76	15.52
9.03	0.76	15.49
9.04	0.76	15.51
9.05	0.76	15.52
9.06	0.76	15.49
9.07	0.76	15.47
9.08	0.77	15.49
9.09	0.77	15.50
9.10	0.77	15.49
9.11	0.77	15.49
9.12	0.77	15.50
9.13	0.77	15.53
9.14	0.77	15.52
9.15	0.77	15.52
9.16	0.77	15.53
9.17	0.77	15.52
9.18	0.77	15.53
9.19	0.77	15.55
9.20	0.78	15.57
9.21	0.78	15.56
9.22	0.78	15.58
9.23	0.78	15.59
9.24	0.78	15.58
9.25	0.78	15.61
9.26	0.78	15.64
9.27	0.78	15.66
9.28	0.78	15.67
9.29	0.78	15.66
9.30	0.78	15.66
9.31	0.78	15.66
9.32	0.79	15.66
9.33	0.79	15.68
9.34	0.79	15.70
9.35	0.79	15.72
9.36	0.79	15.72
9.37	0.79	15.74
9.38	0.79	15.73
9.39	0.79	15.74
9.40	0.79	15.79
9.41	0.79	15.79
9.42	0.79	15.79
9.43	0.79	15.78
9.44	0.80	15.80
9.45	0.80	15.84
9.46	0.80	15.85
9.47	0.80	15.83
9.48	0.80	15.82
9.49	0.80	15.83
9.50	0.80	15.83
9.51	0.80	15.82
9.52	0.80	15.82
9.53	0.80	15.85
9.54	0.80	15.88
9.55	0.80	15.85
9.56	0.81	15.86
9.57	0.81	15.89
9.58	0.81	15.91
9.59	0.81	15.91
9.60	0.81	15.92
9.61	0.81	15.93
9.62	0.81	15.94
9.63	0.81	15.95
9.64	0.81	15.95
9.65	0.81	15.97
9.66	0.81	15.97
9.67	0.81	15.99
9.68	0.82	16.03
9.69	0.82	16.02
9.70	0.82	16.03
9.71	0.82	16.07
9.72	0.82	16.09
9.73	0.82	16.09
9.74	0.82	16.11
9.75	0.82	16.12
9.76	0.82	16.13
9.77	0.82	16.12
9.78	0.82	16.11
9.79	0.82	16.11
9.80	0.83	16.13
9.81	0.83	16.14
9.82	0.83	16.14
9.83	0.83	16.15
9.84	0.83	16.16
9.85	0.83	16.16
9.86	0.83	16.18
9.87	0.83	16.18
9.88	0.83	16.20
9.89	0.83	16.21
9.90	0.83	16.21
9.91	0.83	16.21
9.92	0.84	16.17
9.93	0.84	16.17
9.94	0.84	16.16
9.95	0.84	16.18
9.96	0.84	16.19
9.97	0.84	16.19
9.98	0.84	16.22
9.99	0.84	16.23
10.00	0.84	16.24
10.01	0.84	16.23
10.02	0.84	16.23
10.03	0.84	16.25
10.04	0.85	16.24
10.05	0.85	16.25
10.06	0.85	16.27
10.07	0.85	16.31
10.08	0.85	16.30
10.09	0.85	16.32
10.10	0.85	16.32
10.11	0.85	16.30
10.12	0.85	16.33
10.13	0.85	16.34
10.14	0.85	16.33
10.15	0.85	16.35
10.16	0.86	16.36
10.17	0.86	16.34
10.18	0.86	16.34
10.19	0.86	16.36
10.20	0.86	16.36
10.21	0.86	16.36
10.22	0.86	16.38
10.23	0.86	16.36
10.24	0.86	16.37
10.25	0.86	16.37
10.26	0.86	16.36
10.27	0.86	16.37
10.28	0.87	16.39
10.29	0.87	16.42
10.30	0.87	16.40
10.31	0.87	16.39
10.32	0.87	16.42
10.33	0.87	16.45
10.34	0.87	16.47
10.35	0.87	16.48
10.36	0.87	16.52
10.37	0.87	16.55
10.38	0.87	16.57
10.39	0.87	16.61
10.40	0.88	16.62
10.41	0.88	16.62
10.42	0.88	16.64
10.43	0.88	16.66
10.44	0.88	16.66
10.45	0.88	16.70
10.46	0.88	16.72
10.47	0.88	16.73
10.48	0.88	16.73
10.49	0.88	16.73
10.50	0.88	16.78
10.51	0.88	16.84
10.52	0.89	16.86
10.53	0.89	16.86
10.54	0.89	16.89
10.55	0.89	16.95
10.56	0.89	16.99
10.57	0.89	17.05
10.58	0.89	17.07
10.59	0.89	17.09
10.60	0.89	17.13
10.61	0.89	17.14
10.62	0.89	17.16
10.63	0.89	17.19
10.64	0.90	17.22
10.65	0.90	17.24
10.66	0.90	17.30
10.67	0.90	17.42
10.68	0.90	17.52
10.69	0.90	17.61
10.70	0.90	17.67
10.71	0.90	17.68
10.72	0.90	17.66
10.73	0.90	17.68
10.74	0.90	17.72
10.75	0.90	17.77
10.76	0.91	17.86
10.77	0.91	17.95
10.78	0.91	18.06
10.79	0.91	18.16
10.80	0.91	18.23
10.81	0.91	18.29
10.82	0.91	18.39
10.83	0.91	18.51
10.84	0.91	18.60
10.85	0.91	18.72
10.86	0.91	18.86
10.87	0.91	18.99
10.88	0.92	19.11
10.89	0.92	19.26
10.90	0.92	19.37
10.91	0.92	19.49
10.92	0.92	19.62
10.93	0.92	19.73
10.94	0.92	19.83
10.95	0.92	19.91
10.96	0.92	20.01
10.97	0.92	20.12
10.98	0.92	20.26
10.99	0.92	20.38
11.00	0.93	20.49
11.01	0.93	20.65
11.02	0.93	20.82
11.03	0.93	20.99
11.04	0.93	21.14
11.05	0.93	21.27
11.06	0.93	21.43
11.07	0.93	21.58
11.08	0.93	21.73
11.09	0.93	21.88
11.10	0.93	22.06
11.11	0.93	22.24
11.12	0.94	22.40
11.13	0.94	22.60
11.14	0.94	22.78
11.15	0.94	22.94
11.16	0.94	23.12
11.17	0.94	23.29
11.18	0.94	23.42
11.19	0.94	23.57
11.20	0.94	23.73
11.21	0.94	23.87
11.22	0.94	24.05
11.23	0.94	24.27
11.24	0.95	24.45
11.25	0.95	24.61
11.26	0.95	24.78
11.27	0.95	24.98
11.28	0.95	25.17
11.29	0.95	25.33
11.30	0.95	25.50
11.31	0.95	25.65
11.32	0.95	25.83
11.33	0.95	25.99
11.34	0.95	26.12
11.35	0.95	26.28
11.36	0.96	26.47
11.37	0.96	26.63
11.38	0.96	26.78
11.39	0.96	26.96
11.40	0.96	27.13
11.41	0.96	27.33
11.42	0.96	27.55
11.43	0.96	27.71
11.44	0.96	27.87
11.45	0.96	28.06
11.46	0.96	28.23
11.47	0.96	28.39
11.48	0.97	28.57
11.49	0.97	28.72
11.50	0.97	28.89
11.51	0.97	29.10
11.52	0.97	29.25
11.53	0.97	29.44
11.54	0.97	29.63
11.55	0.97	29.81
11.56	0.97	30.01
11.57	0.97	30.19
11.58	0.97	30.37
11.59	0.97	30.55
11.60	0.98	30.73
11.61	0.98	30.91
11.62	0.98	31.09
11.63	0.98	31.25
11.64	0.98	31.42
11.65	0.98	31.61
11.66	0.98	31.77
11.67	0.98	31.93
11.68	0.98	32.12
11.69	0.98	32.30
11.70	0.98	32.50
11.71	0.98	32.69
11.72	0.99	32.86
11.73	0.99	33.05
11.74	0.99	33.24
11.75	0.99	33.45
11.76	0.99	33.62
11.77	0.99	33.79
11.78	0.99	33.99
11.79	0.99	34.17
11.80	0.99	34.37
11.81	0.99	34.56
11.82	0.99	34.74
11.83	0.99	34.91
11.84	1.00	35.12
11.85	1.00	35.34
11.86	1.00	35.56
11.87	1.00	35.76
11.88	1.00	35.97
11.89	1.00	36.19
11.90	1.00	36.40
11.91	1.00	36.60
11.92	1.00	36.79
11.93	1.00	37.01
11.94	1.00	37.23
11.95	1.00	37.44
11.96	1.01	37.63
11.97	1.01	37.85
11.98	1.01	38.04
11.99	1.01	38.24
12.00	1.01	38.44
12.01	1.01	38.64
12.02	1.01	38.87
12.03	1.01	39.09
12.04	1.01	39.31
12.05	1.01	39.51
12.06	1.01	39.70
12.07	1.01	39.92
12.08	1.02	40.12
12.09	1.02	40.34
12.10	1.02	40.54
12.11	1.02	40.76
12.12	1.02	40.99
12.13	1.02	41.15
12.14	1.02	41.36
12.15	1.02	41.58
12.16	1.02	41.78
12.17	1.02	42.02
12.18	1.02	42.24
12.19	1.02	42.44
12.20	1.03	42.64
12.21	1.03	42.86
12.22	1.03	43.04
12.23	1.03	43.27
12.24	1.03	43.50
12.25	1.03	43.67
12.26	1.03	43.88
12.27	1.03	44.07
12.28	1.03	44.28
12.29	1.03	44.49
12.30	1.03	44.67
12.31	1.03	44.89
12.32	1.04	45.10
12.33	1.04	45.32
12.34	1.04	45.53
12.35	1.04	45.73
12.36	1.04	45.94
12.37	1.04	46.14
12.38	1.04	46.35
12.39	1.04	46.55
12.40	1.04	46.76
12.41	1.04	46.98
12.42	1.04	47.16
12.43	1.04	47.36
12.44	1.05	47.59
12.45	1.05	47.80
12.46	1.05	47.98
12.47	1.05	48.19
12.48	1.05	48.41
12.49	1.05	48.63
12.50	1.05	48.86
12.51	1.05	49.07
12.52	1.05	49.29
12.53	1.05	49.49
12.54	1.05	49.69
12.55	1.05	49.91
12.56	1.06	50.10
12.57	1.06	50.31
12.58	1.06	50.51
12.59	1.06	50.70
12.60	1.06	50.93
12.61	1.06	51.13
12.62	1.06	51.33
12.63	1.06	51.55
12.64	1.06	51.76
12.65	1.06	51.94
12.66	1.06	52.18
12.67	1.06	52.41
12.68	1.07	52.60
12.69	1.07	52.81
12.70	1.07	53.01
12.71	1.07	53.19
12.72	1.07	53.39
12.73	1.07	53.62
12.74	1.07	53.82
12.75	1.07	54.00
12.76	1.07	54.19
12.77	1.07	54.39
12.78	1.07	54.60
12.79	1.07	54.81
12.80	1.08	55.02
12.81	1.08	55.20
12.82	1.08	55.40
12.83	1.08	55.62
12.84	1.08	55.81
12.85	1.08	56.00
12.86	1.08	56.21
12.87	1.08	56.43
12.88	1.08	56.63
12.89	1.08	56.80
12.90	1.08	56.97
12.91	1.08	57.17
12.92	1.09	57.35
12.93	1.09	57.54
12.94	1.09	57.76
12.95	1.09	57.95
12.96	1.09	58.15
12.97	1.09	58.36
12.98	1.09	58.57
12.99	1.09	58.77
13.00	1.09	58.98
13.01	1.09	59.16
13.02	1.09	59.35
13.03	1.09	59.56
13.04	1.10	59.73
13.05	1.10	59.92
13.06	1.10	60.15
13.07	1.10	60.36
13.08	1.10	60.55
13.09	1.10	60.72
13.10	1.10	60.92
13.11	1.10	61.13
13.12	1.10	61.34
13.13	1.10	61.54
13.14	1.10	61.71
13.15	1.10	61.90
13.16	1.11	62.11
13.17	1.11	62.30
13.18	1.11	62.48
13.19	1.11	62.66
13.20	1.11	62.84
13.21	1.11	63.05
13.22	1.11	63.23
13.23	1.11	63.40
13.24	1.11	63.59
13.25	1.11	63.81
13.26	1.11	64.00
13.27	1.11	64.19
13.28	1.12	64.37
13.29	1.12	64.56
13.30	1.12	64.76
13.31	1.12	64.96
13.32	1.12	65.16
13.33	1.12	65.34
13.34	1.12	65.54
13.35	1.12	65.69
13.36	1.12	65.86
13.37	1.12	66.04
13.38	1.12	66.21
13.39	1.12	66.40
13.40	1.13	66.58
13.41	1.13	66.77
13.42	1.13	66.98
13.43	1.13	67.14
13.44	1.13	67.32
13.45	1.13	67.53
13.46	1.13	67.73
13.47	1.13	67.90
13.48	1.13	68.06
13.49	1.13	68.23
13.50	1.13	68.42
13.51	1.13	68.60
13.52	1.14	68.77
13.53	1.14	68.94
13.54	1.14	69.12
13.55	1.14	69.32
13.56	1.14	69.49
13.57	1.14	69.67
13.58	1.14	69.86
13.59	1.14	70.02
13.60	1.14	70.22
13.61	1.14	70.41
13.62	1.14	70.59
13.63	1.14	70.76
13.64	1.15	70.93
13.65	1.15	71.09
13.66	1.15	71.27
13.67	1.15	71.46
13.68	1.15	71.63
13.69	1.15	71.81
13.70	1.15	71.97
13.71	1.15	72.14
13.72	1.15	72.34
13.73	1.15	72.53
13.74	1.15	72.70
13.75	1.15	72.86
13.76	1.16	73.07
13.77	1.16	73.26
13.78	1.16	73.43
13.79	1.16	73.60
13.80	1.16	73.76
13.81	1.16	73.94
13.82	1.16	74.09
13.83	1.16	74.25
13.84	1.16	74.41
13.85	1.16	74.59
13.86	1.16	74.77
13.87	1.16	74.93
13.88	1.17	75.11
13.89	1.17	75.27
13.90	1.17	75.46
13.91	1.17	75.65
13.92	1.17	75.80
13.93	1.17	75.98
13.94	1.17	76.13
13.95	1.17	76.29
13.96	1.17	76.44
13.97	1.17	76.59
13.98	1.17	76.77
13.99	1.17	76.94
14.00	1.18	77.08
14.01	1.18	77.24
14.02	1.18	77.42
14.03	1.18	77.58
14.04	1.18	77.74
14.05	1.18	77.87
14.06	1.18	78.02
14.07	1.18	78.23
14.08	1.18	78.41
14.09	1.18	78.56
14.10	1.18	78.70
14.11	1.18	78.86
14.12	1.19	79.02
14.13	1.19	79.15
14.14	1.19	79.30
14.15	1.19	79.44
14.16	1.19	79.60
14.17	1.19	79.78
14.18	1.19	79.95
14.19	1.19	80.10
14.20	1.19	80.26
14.21	1.19	80.41
14.22	1.19	80.57
14.23	1.19	80.74
14.24	1.20	80.90
14.25	1.20	81.05
14.26	1.20	81.19
14.27	1.20	81.35
14.28	1.20	81.51
14.29	1.20	81.66
14.30	1.20	81.81
14.31	1.20	81.96
14.32	1.20	82.10
14.33	1.20	82.27
14.34	1.20	82.44
14.35	1.20	82.59
14.36	1.21	82.74
14.37	1.21	82.90
14.38	1.21	83.02
14.39	1.21	83.15
14.40	1.21	83.31
14.41	1.21	83.46
14.42	1.21	83.62
14.43	1.21	83.77
14.44	1.21	83.90
14.45	1.21	84.04
14.46	1.21	84.17
14.47	1.21	84.31
14.48	1.22	84.45
14.49	1.22	84.60
14.50	1.22	84.76
14.51	1.22	84.88
14.52	1.22	85.02
14.53	1.22	85.18
14.54	1.22	85.30
14.55	1.22	85.43
14.56	1.22	85.58
14.57	1.22	85.73
14.58	1.22	85.87
14.59	1.22	85.98
14.60	1.23	86.13
14.61	1.23	86.28
14.62	1.23	86.42
14.63	1.23	86.53
14.64	1.23	86.64
14.65	1.23	86.79
14.66	1.23	86.95
14.67	1.23	87.08
14.68	1.23	87.22
14.69	1.23	87.34
14.70	1.23	87.47
14.71	1.23	87.60
14.72	1.24	87.74
14.73	1.24	87.87
14.74	1.24	88.01
14.75	1.24	88.15
14.76	1.24	88.27
14.77	1.24	88.41
14.78	1.24	88.54
14.79	1.24	88.68
14.80	1.24	88.83
14.81	1.24	88.97
14.82	1.24	89.09
14.83	1.24	89.22
14.84	1.25	89.37
14.85	1.25	89.52
14.86	1.25	89.65
14.87	1.25	89.76
14.88	1.25	89.88
14.89	1.25	89.99
14.90	1.25	90.12
14.91	1.25	90.26
14.92	1.25	90.39
14.93	1.25	90.52
14.94	1.25	90.66
14.95	1.25	90.77
14.96	1.26	90.89
14.97	1.26	91.02
14.98	1.26	91.17
14.99	1.26	91.30
15.00	1.26	91.42
15.01	1.26	91.53
15.02	1.26	91.65
15.03	1.26	91.79
15.04	1.26	91.91
15.05	1.26	92.02
15.06	1.26	92.12
15.07	1.26	92.21
15.08	1.27	92.35
15.09	1.27	92.48
15.10	1.27	92.62
15.11	1.27	92.75
15.12	1.27	92.86
15.13	1.27	92.96
15.14	1.27	93.09
15.15	1.27	93.24
15.16	1.27	93.35
15.17	1.27	93.45
15.18	1.27	93.55
15.19	1.27	93.67
15.20	1.28	93.79
15.21	1.28	93.91
15.22	1.28	94.02
15.23	1.28	94.11
15.24	1.28	94.21
15.25	1.28	94.34
15.26	1.28	94.47
15.27	1.28	94.58
15.28	1.28	94.68
15.29	1.28	94.81
15.30	1.28	94.94
15.31	1.28	95.06
15.32	1.29	95.16
15.33	1.29	95.27
15.34	1.29	95.39
15.35	1.29	95.48
15.36	1.29	95.59
15.37	1.29	95.72
15.38	1.29	95.83
15.39	1.29	95.95
15.40	1.29	96.06
15.41	1.29	96.17
15.42	1.29	96.27
15.43	1.29	96.38
15.44	1.30	96.51
15.45	1.30	96.65
15.46	1.30	96.76
15.47	1.30	96.84
15.48	1.30	96.94
15.49	1.30	97.06
15.50	1.30	97.17
15.51	1.30	97.28
15.52	1.30	97.35
15.53	1.30	97.45
15.54	1.30	97.58
15.55	1.30	97.68
15.56	1.31	97.78
15.57	1.31	97.90
15.58	1.31	98.02
15.59	1.31	98.13
15.60	1.31	98.22
15.61	1.31	98.32
15.62	1.31	98.41
15.63	1.31	98.52
15.64	1.31	98.63
15.65	1.31	98.72
15.66	1.31	98.80
15.67	1.31	98.90
15.68	1.32	98.98
15.69	1.32	99.05
15.70	1.32	99.16
15.71	1.32	99.29
15.72	1.32	99.38
15.73	1.32	99.46
15.74	1.32	99.58
15.75	1.32	99.66
15.76	1.32	99.75
15.77	1.32	99.87
15.78	1.32	99.97
15.79	1.32	100.04
15.80	1.33	100.13
15.81	1.33	100.24
15.82	1.33	100.31
15.83	1.33	100.39
15.84	1.33	100.50
15.85	1.33	100.59
15.86	1.33	100.69
15.87	1.33	100.77
15.88	1.33	100.86
15.89	1.33	100.96
15.90	1.33	101.07
15.91	1.33	101.19
15.92	1.34	101.27
15.93	1.34	101.34
15.94	1.34	101.44
15.95	1.34	101.55
15.96	1.34	101.63
15.97	1.34	101.71
15.98	1.34	101.83
15.99	1.34	101.90
16.00	1.34	101.97
16.01	1.34	102.07
16.02	1.34	102.17
16.03	1.34	102.28
16.04	1.35	102.36
16.05	1.35	102.44
16.06	1.35	102.55
16.07	1.35	102.65
16.08	1.35	102.73
16.09	1.35	102.84
16.10	1.35	102.91
16.11	1.35	102.96
16.12	1.35	103.03
16.13	1.35	103.13
16.14	1.35	103.22
16.15	1.35	103.27
16.16	1.36	103.35
16.17	1.36	103.44
16.18	1.36	103.56
16.19	1.36	103.62
16.20	1.36	103.72
16.21	1.36	103.83
16.22	1.36	103.89
16.23	1.36	103.96
16.24	1.36	104.04
16.25	1.36	104.11
16.26	1.36	104.19
16.27	1.36	104.26
16.28	1.37	104.32
16.29	1.37	104.41
16.30	1.37	104.50
16.31	1.37	104.56
16.32	1.37	104.63
16.33	1.37	104.71
16.34	1.37	104.79
16.35	1.37	104.86
16.36	1.37	104.96
16.37	1.37	105.04
16.38	1.37	105.11
16.39	1.37	105.18
16.40	1.38	105.27
16.41	1.38	105.36
16.42	1.38	105.41
16.43	1.38	105.48
16.44	1.38	105.57
16.45	1.38	105.64
16.46	1.38	105.69
16.47	1.38	105.76
16.48	1.38	105.83
16.49	1.38	105.91
16.50	1.38	106.01
16.51	1.38	106.07
16.52	1.39	106.14
16.53	1.39	106.24
16.54	1.39	106.32
16.55	1.39	106.41
16.56	1.39	106.49
16.57	1.39	106.57
16.58	1.39	106.65
16.59	1.39	106.69
16.60	1.39	106.73
16.61	1.39	106.80
16.62	1.39	106.89
16.63	1.39	106.96
16.64	1.40	107.03
16.65	1.40	107.10
16.66	1.40	107.16
16.67	1.40	107.26
16.68	1.40	107.35
16.69	1.40	107.41
16.70	1.40	107.47
16.71	1.40	107.54
16.72	1.40	107.60
16.73	1.40	107.68
16.74	1.40	107.74
16.75	1.40	107.82
16.76	1.41	107.88
16.77	1.41	107.91
16.78	1.41	107.96
16.79	1.41	108.03
16.80	1.41	108.12
16.81	1.41	108.16
16.82	1.41	108.22
16.83	1.41	108.30
16.84	1.41	108.37
16.85	1.41	108.45
16.86	1.41	108.53
16.87	1.41	108.58
16.88	1.42	108.64
16.89	1.42	108.70
16.90	1.42	108.74
16.91	1.42	108.80
16.92	1.42	108.87
16.93	1.42	108.92
16.94	1.42	108.97
16.95	1.42	109.02
16.96	1.42	109.10
16.97	1.42	109.18
16.98	1.42	109.23
16.99	1.42	109.29
17.00	1.43	109.36
17.01	1.43	109.41
17.02	1.43	109.47
17.03	1.43	109.53
17.04	1.43	109.56
17.05	1.43	109.62
17.06	1.43	109.67
17.07	1.43	109.74
17.08	1.43	109.81
17.09	1.43	109.85
17.10	1.43	109.93
17.11	1.43	110.01
17.12	1.44	110.06
17.13	1.44	110.11
17.14	1.44	110.18
17.15	1.44	110.25
17.16	1.44	110.30
17.17	1.44	110.36
17.18	1.44	110.44
17.19	1.44	110.48
17.20	1.44	110.53
17.21	1.44	110.57
17.22	1.44	110.59
17.23	1.44	110.68
17.24	1.45	110.74
17.25	1.45	110.79
17.26	1.45	110.84
17.27	1.45	110.88
17.28	1.45	110.96
17.29	1.45	111.02
17.30	1.45	111.09
17.31	1.45	111.17
17.32	1.45	111.20
17.33	1.45	111.22
17.34	1.45	111.28
17.35	1.45	111.34
17.36	1.46	111.39
17.37	1.46	111.42
17.38	1.46	111.48
17.39	1.46	111.53
17.40	1.46	111.57
17.41	1.46	111.60
17.42	1.46	111.66
17.43	1.46	111.70
17.44	1.46	111.75
17.45	1.46	111.82
17.46	1.46	111.87
17.47	1.46	111.93
17.48	1.47	111.98
17.49	1.47	112.01
17.50	1.47	112.04
17.51	1.47	112.10
17.52	1.47	112.15
17.53	1.47	112.19
17.54	1.47	112.25
17.55	1.47	112.29
17.56	1.47	112.33
17.57	1.47	112.39
17.58	1.47	112.42
17.59	1.47	112.49
17.60	1.48	112.54
17.61	1.48	112.61
17.62	1.48	112.67
17.63	1.48	112.71
17.64	1.48	112.75
17.65	1.48	112.79
17.66	1.48	112.85
17.67	1.48	112.87
17.68	1.48	112.91
17.69	1.48	112.99
17.70	1.48	113.03
17.71	1.48	113.09
17.72	1.49	113.10
17.73	1.49	113.14
17.74	1.49	113.21
17.75	1.49	113.26
17.76	1.49	113.34
17.77	1.49	113.37
17.78	1.49	113.40
17.79	1.49	113.46
17.80	1.49	113.50
17.81	1.49	113.53
17.82	1.49	113.59
17.83	1.49	113.62
17.84	1.50	113.64
17.85	1.50	113.70
17.86	1.50	113.75
17.87	1.50	113.75
17.88	1.50	113.80
17.89	1.50	113.88
17.90	1.50	113.93
17.91	1.50	113.99
17.92	1.50	114.04
17.93	1.50	114.09
17.94	1.50	114.13
17.95	1.50	114.16
17.96	1.51	114.17
17.97	1.51	114.21
17.98	1.51	114.25
17.99	1.51	114.28
18.00	1.51	114.32
18.01	1.51	114.35
18.02	1.51	114.40
18.03	1.51	114.44
18.04	1.51	114.47
18.05	1.51	114.51
18.06	1.51	114.57
18.07	1.51	114.59
18.08	1.52	114.64
18.09	1.52	114.70
18.10	1.52	114.75
18.11	1.52	114.78
18.12	1.52	114.81
18.13	1.52	114.86
18.14	1.52	114.93
18.15	1.52	114.93
18.16	1.52	114.94
18.17	1.52	114.99
18.18	1.52	115.04
18.19	1.52	115.08
18.20	1.53	115.14
18.21	1.53	115.17
18.22	1.53	115.21
18.23	1.53	115.28
18.24	1.53	115.32
18.25	1.53	115.36
18.26	1.53	115.39
18.27	1.53	115.42
18.28	1.53	115.46
18.29	1.53	115.49
18.30	1.53	115.52
18.31	1.53	115.55
18.32	1.54	115.59
18.33	1.54	115.64
18.34	1.54	115.67
18.35	1.54	115.71
18.36	1.54	115.76
18.37	1.54	115.83
18.38	1.54	115.83
18.39	1.54	115.86
18.40	1.54	115.95
18.41	1.54	115.96
18.42	1.54	115.98
18.43	1.54	116.05
18.44	1.55	116.08
18.45	1.55	116.08
18.46	1.55	116.11
18.47	1.55	116.19
18.48	1.55	116.22
18.49	1.55	116.23
18.50	1.55	116.27
18.51	1.55	116.30
18.52	1.55	116.34
18.53	1.55	116.38
18.54	1.55	116.42
18.55	1.55	116.47
18.56	1.56	116.51
18.57	1.56	116.53
18.58	1.56	116.54
18.59	1.56	116.56
18.60	1.56	116.58
18.61	1.56	116.63
18.62	1.56	116.65
18.63	1.56	116.67
18.64	1.56	116.71
18.65	1.56	116.74
18.66	1.56	116.76
18.67	1.56	116.81
18.68	1.57	116.87
18.69	1.57	116.89
18.70	1.57	116.93
18.71	1.57	116.96
18.72	1.57	116.96
18.73	1.57	116.96
18.74	1.57	117.01
18.75	1.57	117.06
18.76	1.57	117.07
18.77	1.57	117.08
18.78	1.57	117.11
18.79	1.57	117.14
18.80	1.58	117.19
18.81	1.58	117.22
18.82	1.58	117.24
18.83	1.58	117.29
18.84	1.58	117.33
18.85	1.58	117.37
18.86	1.58	117.41
18.87	1.58	117.42
18.88	1.58	117.46
18.89	1.58	117.51
18.90	1.58	117.52
18.91	1.58	117.54
18.92	1.59	117.58
18.93	1.59	117.62
18.94	1.59	117.64
18.95	1.59	117.66
18.96	1.59	117.69
18.97	1.59	117.73
18.98	1.59	117.74
18.99	1.59	117.81
19.00	1.59	117.86
19.01	1.59	117.87
19.02	1.59	117.88
19.03	1.59	117.91
19.04	1.60	117.94
19.05	1.60	117.96
19.06	1.60	118.00
19.07	1.60	117.99
19.08	1.60	118.00
19.09	1.60	118.04
19.10	1.60	118.06
19.11	1.60	118.10
19.12	1.60	118.14
19.13	1.60	118.14
19.14	1.60	118.17
19.15	1.60	118.22
19.16	1.61	118.24
19.17	1.61	118.25
19.18	1.61	118.25
19.19	1.61	118.27
19.20	1.61	118.29
19.21	1.61	118.32
19.22	1.61	118.34
19.23	1.61	118.36
19.24	1.61	118.37
19.25	1.61	118.39
19.26	1.61	118.41
19.27	1.61	118.45
19.28	1.62	118.49
19.29	1.62	118.49
19.30	1.62	118.50
19.31	1.62	118.53
19.32	1.62	118.57
19.33	1.62	118.59
19.34	1.62	118.60
19.35	1.62	118.61
19.36	1.62	118.62
19.37	1.62	118.61
19.38	1.62	118.65
19.39	1.62	118.69
19.40	1.63	118.70
19.41	1.63	118.71
19.42	1.63	118.73
19.43	1.63	118.78
19.44	1.63	118.79
19.45	1.63	118.81
19.46	1.63	118.84
19.47	1.63	118.86
19.48	1.63	118.86
19.49	1.63	118.88
19.50	1.63	118.91
19.51	1.63	118.91
19.52	1.64	118.93
19.53	1.64	118.94
19.54	1.64	118.96
19.55	1.64	118.97
19.56	1.64	118.98
19.57	1.64	119.01
19.58	1.64	119.02
19.59	1.64	119.01
19.60	1.64	119.02
19.61	1.64	119.07
19.62	1.64	119.08
19.63	1.64	119.06
19.64	1.65	119.07
19.65	1.65	119.07
19.66	1.65	119.06
19.67	1.65	118.99
19.68	1.65	115.57
19.69	1.65	56.79
