0.01	0.01	0.17
0.02	0.01	0.17
0.03	0.01	0.17
0.04	0.01	0.20
0.05	0.01	0.22
0.06	0.01	0.25
0.07	0.01	0.27
0.08	0.01	0.27
0.09	0.02	0.28
0.10	0.02	0.30
0.11	0.02	0.30
0.12	0.02	0.33
0.13	0.02	0.34
0.14	0.02	0.33
0.15	0.02	0.37
0.16	0.02	0.40
0.17	0.02	0.41
0.18	0.02	0.41
0.19	0.02	0.44
0.20	0.02	0.46
0.21	0.03	0.46
0.22	0.03	0.52
0.23	0.03	0.56
0.24	0.03	0.54
0.25	0.03	0.54
0.26	0.03	0.57
0.27	0.03	0.58
0.28	0.03	0.61
0.29	0.03	0.64
0.30	0.03	0.66
0.31	0.03	0.67
0.32	0.03	0.69
0.33	0.04	0.72
0.34	0.04	0.75
0.35	0.04	0.79
0.36	0.04	0.79
0.37	0.04	0.80
0.38	0.04	0.84
0.39	0.04	0.88
0.40	0.04	0.89
0.41	0.04	0.91
0.42	0.04	0.95
0.43	0.04	0.96
0.44	0.04	0.99
0.45	0.05	1.03
0.46	0.05	1.06
0.47	0.05	1.08
0.48	0.05	1.12
0.49	0.05	1.17
0.50	0.05	1.21
0.51	0.05	1.23
0.52	0.05	1.24
0.53	0.05	1.28
0.54	0.05	1.34
0.55	0.05	1.37
0.56	0.06	1.39
0.57	0.06	1.43
0.58	0.06	1.46
0.59	0.06	1.50
0.60	0.06	1.51
0.61	0.06	1.55
0.62	0.06	1.58
0.63	0.06	1.59
0.64	0.06	1.62
0.65	0.06	1.66
0.66	0.06	1.70
0.67	0.06	1.73
0.68	0.06	1.78
0.69	0.07	1.79
0.70	0.07	1.78
0.71	0.07	1.80
0.72	0.07	1.79
0.73	0.07	1.76
0.74	0.07	1.71
0.75	0.07	1.66
0.76	0.07	1.67
0.77	0.07	1.71
0.78	0.07	1.74
0.79	0.07	1.78
0.80	0.07	1.84
0.81	0.08	1.90
0.82	0.08	1.94
0.83	0.08	1.98
0.84	0.08	2.01
0.85	0.08	2.03
0.86	0.08	2.01
0.87	0.08	1.95
0.88	0.08	1.93
0.89	0.08	1.94
0.90	0.08	1.95
0.91	0.08	2.02
0.92	0.08	2.06
0.93	0.09	2.11
0.94	0.09	2.17
0.95	0.09	2.22
0.96	0.09	2.27
0.97	0.09	2.29
0.98	0.09	2.30
0.99	0.09	2.32
1.00	0.09	2.38
1.01	0.09	2.45
1.02	0.09	2.49
1.03	0.09	2.53
1.04	0.09	2.58
1.05	0.10	2.63
1.06	0.10	2.68
1.07	0.10	2.74
1.08	0.10	2.81
1.09	0.10	2.84
1.10	0.10	2.90
1.11	0.10	2.97
1.12	0.10	3.04
1.13	0.10	3.09
1.14	0.10	3.11
1.15	0.10	3.16
1.16	0.10	3.19
1.17	0.11	3.22
1.18	0.11	3.28
1.19	0.11	3.31
1.20	0.11	3.32
1.21	0.11	3.36
1.22	0.11	3.43
1.23	0.11	3.46
1.24	0.11	3.49
1.25	0.11	3.54
1.26	0.11	3.58
1.27	0.11	3.63
1.28	0.11	3.66
1.29	0.12	3.70
1.30	0.12	3.76
1.31	0.12	3.81
1.32	0.12	3.91
1.33	0.12	4.01
1.34	0.12	4.11
1.35	0.12	4.23
1.36	0.12	4.33
1.37	0.12	4.42
1.38	0.12	4.53
1.39	0.12	4.65
1.40	0.12	4.79
1.41	0.13	4.91
1.42	0.13	5.06
1.43	0.13	5.21
1.44	0.13	5.33
1.45	0.13	5.47
1.46	0.13	5.60
1.47	0.13	5.76
1.48	0.13	5.91
1.49	0.13	6.03
1.50	0.13	6.16
1.51	0.13	6.32
1.52	0.13	6.43
1.53	0.14	6.57
1.54	0.14	6.71
1.55	0.14	6.81
1.56	0.14	6.96
1.57	0.14	7.08
1.58	0.14	7.18
1.59	0.14	7.25
1.60	0.14	7.32
1.61	0.14	7.40
1.62	0.14	7.51
1.63	0.14	7.63
1.64	0.14	7.75
1.65	0.15	7.91
1.66	0.15	8.03
1.67	0.15	8.17
1.68	0.15	8.29
1.69	0.15	8.40
1.70	0.15	8.48
1.71	0.15	8.53
1.72	0.15	8.57
1.73	0.15	8.62
1.74	0.15	8.68
1.75	0.15	8.76
1.76	0.15	8.87
1.77	0.16	9.03
1.78	0.16	9.19
1.79	0.16	9.33
1.80	0.16	9.47
1.81	0.16	9.59
1.82	0.16	9.69
1.83	0.16	9.77
1.84	0.16	9.82
1.85	0.16	9.91
1.86	0.16	9.99
1.87	0.16	10.06
1.88	0.16	10.18
1.89	0.17	10.33
1.90	0.17	10.46
1.91	0.17	10.62
1.92	0.17	10.76
1.93	0.17	10.84
1.94	0.17	10.86
1.95	0.17	10.87
1.96	0.17	10.89
1.97	0.17	10.91
1.98	0.17	10.95
1.99	0.17	11.01
2.00	0.17	11.12
2.01	0.18	11.22
2.02	0.18	11.27
2.03	0.18	11.29
2.04	0.18	11.37
2.05	0.18	11.51
2.06	0.18	11.56
2.07	0.18	11.53
2.08	0.18	11.59
2.09	0.18	11.64
2.10	0.18	11.69
2.11	0.18	11.75
2.12	0.18	11.73
2.13	0.19	11.71
2.14	0.19	11.74
2.15	0.19	11.78
2.16	0.19	11.80
2.17	0.19	11.84
2.18	0.19	11.86
2.19	0.19	11.85
2.20	0.19	11.88
2.21	0.19	11.87
2.22	0.19	11.85
2.23	0.19	11.85
2.24	0.19	11.86
2.25	0.20	11.85
2.26	0.20	11.83
2.27	0.20	11.82
2.28	0.20	11.82
2.29	0.20	11.82
2.30	0.20	11.76
2.31	0.20	11.76
2.32	0.20	11.79
2.33	0.20	11.76
2.34	0.20	11.78
2.35	0.20	11.84
2.36	0.20	11.83
2.37	0.21	11.85
2.38	0.21	11.87
2.39	0.21	11.85
2.40	0.21	11.86
2.41	0.21	11.85
2.42	0.21	11.83
2.43	0.21	11.80
2.44	0.21	11.79
2.45	0.21	11.80
2.46	0.21	11.79
2.47	0.21	11.80
2.48	0.21	11.84
2.49	0.22	11.87
2.50	0.22	11.89
2.51	0.22	11.91
2.52	0.22	11.93
2.53	0.22	11.96
2.54	0.22	11.93
2.55	0.22	11.88
2.56	0.22	11.86
2.57	0.22	11.86
2.58	0.22	11.84
2.59	0.22	11.83
2.60	0.22	11.84
2.61	0.23	11.87
2.62	0.23	11.86
2.63	0.23	11.89
2.64	0.23	11.91
2.65	0.23	11.88
2.66	0.23	11.89
2.67	0.23	11.88
2.68	0.23	11.85
2.69	0.23	11.83
2.70	0.23	11.81
2.71	0.23	11.78
2.72	0.23	11.79
2.73	0.24	11.82
2.74	0.24	11.81
2.75	0.24	11.82
2.76	0.24	11.82
2.77	0.24	11.82
2.78	0.24	11.86
2.79	0.24	11.85
2.80	0.24	11.82
2.81	0.24	11.82
2.82	0.24	11.82
2.83	0.24	11.85
2.84	0.24	11.86
2.85	0.25	11.85
2.86	0.25	11.86
2.87	0.25	11.89
2.88	0.25	11.87
2.89	0.25	11.86
2.90	0.25	11.89
2.91	0.25	11.92
2.92	0.25	11.97
2.93	0.25	12.07
2.94	0.25	12.21
2.95	0.25	12.33
2.96	0.25	12.44
2.97	0.26	12.56
2.98	0.26	12.66
2.99	0.26	12.75
3.00	0.26	12.80
3.01	0.26	12.83
3.02	0.26	12.88
3.03	0.26	12.93
3.04	0.26	12.97
3.05	0.26	13.00
3.06	0.26	13.02
3.07	0.26	13.01
3.08	0.26	13.03
3.09	0.27	13.07
3.10	0.27	13.04
3.11	0.27	13.07
3.12	0.27	13.09
3.13	0.27	13.06
3.14	0.27	13.06
3.15	0.27	13.03
3.16	0.27	13.03
3.17	0.27	13.01
3.18	0.27	12.99
3.19	0.27	13.00
3.20	0.27	13.02
3.21	0.28	13.09
3.22	0.28	13.10
3.23	0.28	13.09
3.24	0.28	13.15
3.25	0.28	13.15
3.26	0.28	13.14
3.27	0.28	13.13
3.28	0.28	13.11
3.29	0.28	13.10
3.30	0.28	13.07
3.31	0.28	13.04
3.32	0.28	13.02
3.33	0.29	13.05
3.34	0.29	13.09
3.35	0.29	13.11
3.36	0.29	13.14
3.37	0.29	13.13
3.38	0.29	13.16
3.39	0.29	13.17
3.40	0.29	13.14
3.41	0.29	13.10
3.42	0.29	13.09
3.43	0.29	13.08
3.44	0.29	13.07
3.45	0.30	13.03
3.46	0.30	13.01
3.47	0.30	13.06
3.48	0.30	13.10
3.49	0.30	13.14
3.50	0.30	13.17
3.51	0.30	13.17
3.52	0.30	13.15
3.53	0.30	13.12
3.54	0.30	13.12
3.55	0.30	13.09
3.56	0.30	13.09
3.57	0.31	13.07
3.58	0.31	13.04
3.59	0.31	13.05
3.60	0.31	13.09
3.61	0.31	13.11
3.62	0.31	13.17
3.63	0.31	13.21
3.64	0.31	13.18
3.65	0.31	13.21
3.66	0.31	13.16
3.67	0.31	13.10
3.68	0.31	13.11
3.69	0.32	13.08
3.70	0.32	13.08
3.71	0.32	13.05
3.72	0.32	13.06
3.73	0.32	13.07
3.74	0.32	13.08
3.75	0.32	13.14
3.76	0.32	13.17
3.77	0.32	13.17
3.78	0.32	13.15
3.79	0.32	13.13
3.80	0.32	13.10
3.81	0.33	13.06
3.82	0.33	13.06
3.83	0.33	13.02
3.84	0.33	13.04
3.85	0.33	13.11
3.86	0.33	13.12
3.87	0.33	13.13
3.88	0.33	13.16
3.89	0.33	13.16
3.90	0.33	13.16
3.91	0.33	13.16
3.92	0.33	13.12
3.93	0.34	13.09
3.94	0.34	13.07
3.95	0.34	13.04
3.96	0.34	13.04
3.97	0.34	13.05
3.98	0.34	13.09
3.99	0.34	13.13
4.00	0.34	13.16
4.01	0.34	13.19
4.02	0.34	13.19
4.03	0.34	13.22
4.04	0.34	13.19
4.05	0.35	13.13
4.06	0.35	13.11
4.07	0.35	13.07
4.08	0.35	13.04
4.09	0.35	13.03
4.10	0.35	13.04
4.11	0.35	13.06
4.12	0.35	13.10
4.13	0.35	13.16
4.14	0.35	13.18
4.15	0.35	13.21
4.16	0.35	13.20
4.17	0.36	13.17
4.18	0.36	13.11
4.19	0.36	13.06
4.20	0.36	13.04
4.21	0.36	13.02
4.22	0.36	13.03
4.23	0.36	13.00
4.24	0.36	13.03
4.25	0.36	13.09
4.26	0.36	13.13
4.27	0.36	13.17
4.28	0.36	13.19
4.29	0.37	13.20
4.30	0.37	13.19
4.31	0.37	13.20
4.32	0.37	13.14
4.33	0.37	13.06
4.34	0.37	13.07
4.35	0.37	13.01
4.36	0.37	13.02
4.37	0.37	13.08
4.38	0.37	13.08
4.39	0.37	13.14
4.40	0.37	13.19
4.41	0.38	13.19
4.42	0.38	13.21
4.43	0.38	13.19
4.44	0.38	13.13
4.45	0.38	13.11
4.46	0.38	13.11
4.47	0.38	13.04
4.48	0.38	13.03
4.49	0.38	13.04
4.50	0.38	13.05
4.51	0.38	13.08
4.52	0.38	13.14
4.53	0.39	13.17
4.54	0.39	13.21
4.55	0.39	13.23
4.56	0.39	13.14
4.57	0.39	13.14
4.58	0.39	13.14
4.59	0.39	13.07
4.60	0.39	13.08
4.61	0.39	13.06
4.62	0.39	13.04
4.63	0.39	13.05
4.64	0.39	13.09
4.65	0.40	13.11
4.66	0.40	13.14
4.67	0.40	13.17
4.68	0.40	13.14
4.69	0.40	13.14
4.70	0.40	13.11
4.71	0.40	13.11
4.72	0.40	13.09
4.73	0.40	13.06
4.74	0.40	13.08
4.75	0.40	13.02
4.76	0.40	13.06
4.77	0.41	13.10
4.78	0.41	13.09
4.79	0.41	13.12
4.80	0.41	13.10
4.81	0.41	13.09
4.82	0.41	13.12
4.83	0.41	13.11
4.84	0.41	13.10
4.85	0.41	13.10
4.86	0.41	13.05
4.87	0.41	13.05
4.88	0.41	13.09
4.89	0.42	13.06
4.90	0.42	13.11
4.91	0.42	13.12
4.92	0.42	13.08
4.93	0.42	13.14
4.94	0.42	13.14
4.95	0.42	13.08
4.96	0.42	13.09
4.97	0.42	13.08
4.98	0.42	13.08
4.99	0.42	13.09
5.00	0.42	13.07
5.01	0.43	13.08
5.02	0.43	13.11
5.03	0.43	13.14
5.04	0.43	13.15
5.05	0.43	13.15
5.06	0.43	13.16
5.07	0.43	13.12
5.08	0.43	13.07
5.09	0.43	13.09
5.10	0.43	13.03
5.11	0.43	13.01
5.12	0.43	13.03
5.13	0.44	13.01
5.14	0.44	13.05
5.15	0.44	13.09
5.16	0.44	13.10
5.17	0.44	13.14
5.18	0.44	13.16
5.19	0.44	13.14
5.20	0.44	13.13
5.21	0.44	13.08
5.22	0.44	13.02
5.23	0.44	13.04
5.24	0.44	12.98
5.25	0.45	12.97
5.26	0.45	13.01
5.27	0.45	12.99
5.28	0.45	13.02
5.29	0.45	13.08
5.30	0.45	13.12
5.31	0.45	13.15
5.32	0.45	13.16
5.33	0.45	13.15
5.34	0.45	13.14
5.35	0.45	13.11
5.36	0.45	13.06
5.37	0.46	13.05
5.38	0.46	13.04
5.39	0.46	13.02
5.40	0.46	13.05
5.41	0.46	13.07
5.42	0.46	13.10
5.43	0.46	13.16
5.44	0.46	13.20
5.45	0.46	13.20
5.46	0.46	13.17
5.47	0.46	13.20
5.48	0.46	13.15
5.49	0.47	13.11
5.50	0.47	13.09
5.51	0.47	13.05
5.52	0.47	13.04
5.53	0.47	13.07
5.54	0.47	13.05
5.55	0.47	13.07
5.56	0.47	13.14
5.57	0.47	13.14
5.58	0.47	13.17
5.59	0.47	13.15
5.60	0.47	13.12
5.61	0.48	13.13
5.62	0.48	13.06
5.63	0.48	13.07
5.64	0.48	13.07
5.65	0.48	13.01
5.66	0.48	13.05
5.67	0.48	13.06
5.68	0.48	13.06
5.69	0.48	13.09
5.70	0.48	13.07
5.71	0.48	13.11
5.72	0.48	13.14
5.73	0.49	13.08
5.74	0.49	13.06
5.75	0.49	13.08
5.76	0.49	13.05
5.77	0.49	13.04
5.78	0.49	13.04
5.79	0.49	12.99
5.80	0.49	13.04
5.81	0.49	13.06
5.82	0.49	13.08
5.83	0.49	13.12
5.84	0.49	13.12
5.85	0.50	13.14
5.86	0.50	13.12
5.87	0.50	13.09
5.88	0.50	13.09
5.89	0.50	13.06
5.90	0.50	13.04
5.91	0.50	13.09
5.92	0.50	13.08
5.93	0.50	13.06
5.94	0.50	13.12
5.95	0.50	13.12
5.96	0.50	13.12
5.97	0.51	13.11
5.98	0.51	13.08
5.99	0.51	13.06
6.00	0.51	13.03
6.01	0.51	13.05
6.02	0.51	13.05
6.03	0.51	13.06
6.04	0.51	13.09
6.05	0.51	13.10
6.06	0.51	13.15
6.07	0.51	13.20
6.08	0.51	13.21
6.09	0.52	13.22
6.10	0.52	13.20
6.11	0.52	13.14
6.12	0.52	13.13
6.13	0.52	13.14
6.14	0.52	13.09
6.15	0.52	13.12
6.16	0.52	13.18
6.17	0.52	13.18
6.18	0.52	13.19
6.19	0.52	13.21
6.20	0.52	13.20
6.21	0.53	13.19
6.22	0.53	13.17
6.23	0.53	13.13
6.24	0.53	13.12
6.25	0.53	13.11
6.26	0.53	13.10
6.27	0.53	13.10
6.28	0.53	13.11
6.29	0.53	13.12
6.30	0.53	13.09
6.31	0.53	13.09
6.32	0.53	13.12
6.33	0.54	13.09
6.34	0.54	13.08
6.35	0.54	13.08
6.36	0.54	13.06
6.37	0.54	13.06
6.38	0.54	13.04
6.39	0.54	13.02
6.40	0.54	13.02
6.41	0.54	13.01
6.42	0.54	13.02
6.43	0.54	13.03
6.44	0.54	13.00
6.45	0.55	12.99
6.46	0.55	12.98
6.47	0.55	13.00
6.48	0.55	13.02
6.49	0.55	12.99
6.50	0.55	12.98
6.51	0.55	12.97
6.52	0.55	12.97
6.53	0.55	12.99
6.54	0.55	12.97
6.55	0.55	12.95
6.56	0.55	12.95
6.57	0.56	12.94
6.58	0.56	12.92
6.59	0.56	12.94
6.60	0.56	12.96
6.61	0.56	12.93
6.62	0.56	12.95
6.63	0.56	12.96
6.64	0.56	12.92
6.65	0.56	12.94
6.66	0.56	12.98
6.67	0.56	12.95
6.68	0.56	12.92
6.69	0.57	12.96
6.70	0.57	12.96
6.71	0.57	12.93
6.72	0.57	12.93
6.73	0.57	12.91
6.74	0.57	12.90
6.75	0.57	12.92
6.76	0.57	12.91
6.77	0.57	12.92
6.78	0.57	12.97
6.79	0.57	12.99
6.80	0.57	12.97
6.81	0.58	12.99
6.82	0.58	13.02
6.83	0.58	12.99
6.84	0.58	12.97
6.85	0.58	12.97
6.86	0.58	12.98
6.87	0.58	12.95
6.88	0.58	12.93
6.89	0.58	12.96
6.90	0.58	12.98
6.91	0.58	12.99
6.92	0.58	12.99
6.93	0.59	13.01
6.94	0.59	13.04
6.95	0.59	13.04
6.96	0.59	13.02
6.97	0.59	12.99
6.98	0.59	13.00
6.99	0.59	13.03
7.00	0.59	13.02
7.01	0.59	12.99
7.02	0.59	12.99
7.03	0.59	13.03
7.04	0.59	13.04
7.05	0.60	13.03
7.06	0.60	13.05
7.07	0.60	13.08
7.08	0.60	13.09
7.09	0.60	13.07
7.10	0.60	13.07
7.11	0.60	13.10
7.12	0.60	13.09
7.13	0.60	13.06
7.14	0.60	13.07
7.15	0.60	13.06
7.16	0.60	13.06
7.17	0.61	13.04
7.18	0.61	13.05
7.19	0.61	13.10
7.20	0.61	13.11
7.21	0.61	13.13
7.22	0.61	13.13
7.23	0.61	13.10
7.24	0.61	13.09
7.25	0.61	13.11
7.26	0.61	13.12
7.27	0.61	13.11
7.28	0.61	13.12
7.29	0.62	13.12
7.30	0.62	13.12
7.31	0.62	13.14
7.32	0.62	13.16
7.33	0.62	13.16
7.34	0.62	13.17
7.35	0.62	13.17
7.36	0.62	13.17
7.37	0.62	13.19
7.38	0.62	13.21
7.39	0.62	13.19
7.40	0.62	13.19
7.41	0.63	13.23
7.42	0.63	13.26
7.43	0.63	13.26
7.44	0.63	13.26
7.45	0.63	13.28
7.46	0.63	13.32
7.47	0.63	13.31
7.48	0.63	13.32
7.49	0.63	13.37
7.50	0.63	13.40
7.51	0.63	13.42
7.52	0.63	13.43
7.53	0.64	13.45
7.54	0.64	13.49
7.55	0.64	13.51
7.56	0.64	13.53
7.57	0.64	13.55
7.58	0.64	13.55
7.59	0.64	13.56
7.60	0.64	13.59
7.61	0.64	13.61
7.62	0.64	13.60
7.63	0.64	13.61
7.64	0.64	13.64
7.65	0.65	13.64
7.66	0.65	13.64
7.67	0.65	13.67
7.68	0.65	13.69
7.69	0.65	13.73
7.70	0.65	13.77
7.71	0.65	13.77
7.72	0.65	13.81
7.73	0.65	13.87
7.74	0.65	13.90
7.75	0.65	13.98
7.76	0.65	14.01
7.77	0.66	14.04
7.78	0.66	14.11
7.79	0.66	14.11
7.80	0.66	14.13
7.81	0.66	14.16
7.82	0.66	14.18
7.83	0.66	14.20
7.84	0.66	14.25
7.85	0.66	14.26
7.86	0.66	14.28
7.87	0.66	14.35
7.88	0.66	14.36
7.89	0.67	14.39
7.90	0.67	14.44
7.91	0.67	14.48
7.92	0.67	14.53
7.93	0.67	14.58
7.94	0.67	14.61
7.95	0.67	14.66
7.96	0.67	14.70
7.97	0.67	14.72
7.98	0.67	14.76
7.99	0.67	14.77
8.00	0.67	14.74
8.01	0.68	14.75
8.02	0.68	14.74
8.03	0.68	14.72
8.04	0.68	14.74
8.05	0.68	14.78
8.06	0.68	14.79
8.07	0.68	14.79
8.08	0.68	14.81
8.09	0.68	14.82
8.10	0.68	14.83
8.11	0.68	14.84
8.12	0.68	14.87
8.13	0.69	14.87
8.14	0.69	14.87
8.15	0.69	14.90
8.16	0.69	14.89
8.17	0.69	14.91
8.18	0.69	14.93
8.19	0.69	14.92
8.20	0.69	14.93
8.21	0.69	14.91
8.22	0.69	14.92
8.23	0.69	14.94
8.24	0.69	14.96
8.25	0.70	14.93
8.26	0.70	14.92
8.27	0.70	14.94
8.28	0.70	14.93
8.29	0.70	14.91
8.30	0.70	14.93
8.31	0.70	14.96
8.32	0.70	14.95
8.33	0.70	14.94
8.34	0.70	14.94
8.35	0.70	14.94
8.36	0.70	14.97
8.37	0.71	14.97
8.38	0.71	14.96
8.39	0.71	14.98
8.40	0.71	15.01
8.41	0.71	15.03
8.42	0.71	15.01
8.43	0.71	15.01
8.44	0.71	14.99
8.45	0.71	14.97
8.46	0.71	15.01
8.47	0.71	15.00
8.48	0.71	14.99
8.49	0.72	15.02
8.50	0.72	15.03
8.51	0.72	15.02
8.52	0.72	15.01
8.53	0.72	15.01
8.54	0.72	15.02
8.55	0.72	15.02
8.56	0.72	15.02
8.57	0.72	15.02
8.58	0.72	15.04
8.59	0.72	15.04
8.60	0.72	15.04
8.61	0.73	15.04
8.62	0.73	15.04
8.63	0.73	15.05
8.64	0.73	15.06
8.65	0.73	15.06
8.66	0.73	15.05
8.67	0.73	15.06
8.68	0.73	15.06
8.69	0.73	15.07
8.70	0.73	15.09
8.71	0.73	15.09
8.72	0.73	15.07
8.73	0.74	15.06
8.74	0.74	15.07
8.75	0.74	15.08
8.76	0.74	15.10
8.77	0.74	15.08
8.78	0.74	15.09
8.79	0.74	15.10
8.80	0.74	15.09
8.81	0.74	15.10
8.82	0.74	15.10
8.83	0.74	15.10
8.84	0.74	15.09
8.85	0.75	15.11
8.86	0.75	15.13
8.87	0.75	15.11
8.88	0.75	15.12
8.89	0.75	15.12
8.90	0.75	15.13
8.91	0.75	15.15
8.92	0.75	15.14
8.93	0.75	15.13
8.94	0.75	15.14
8.95	0.75	15.15
8.96	0.75	15.14
8.97	0.76	15.16
8.98	0.76	15.16
8.99	0.76	15.16
9.00	0.76	15.18
9.01	0.76	15.16
9.02	0.76	15.17
9.03	0.76	15.17
9.04	0.76	15.18
9.05	0.76	15.20
9.06	0.76	15.18
9.07	0.76	15.19
9.08	0.76	15.19
9.09	0.77	15.20
9.10	0.77	15.19
9.11	0.77	15.18
9.12	0.77	15.22
9.13	0.77	15.22
9.14	0.77	15.22
9.15	0.77	15.22
9.16	0.77	15.25
9.17	0.77	15.28
9.18	0.77	15.29
9.19	0.77	15.30
9.20	0.77	15.28
9.21	0.78	15.32
9.22	0.78	15.33
9.23	0.78	15.34
9.24	0.78	15.34
9.25	0.78	15.33
9.26	0.78	15.35
9.27	0.78	15.35
9.28	0.78	15.36
9.29	0.78	15.35
9.30	0.78	15.38
9.31	0.78	15.38
9.32	0.78	15.36
9.33	0.79	15.39
9.34	0.79	15.39
9.35	0.79	15.39
9.36	0.79	15.38
9.37	0.79	15.40
9.38	0.79	15.41
9.39	0.79	15.41
9.40	0.79	15.44
9.41	0.79	15.46
9.42	0.79	15.49
9.43	0.79	15.50
9.44	0.79	15.52
9.45	0.80	15.54
9.46	0.80	15.54
9.47	0.80	15.55
9.48	0.80	15.55
9.49	0.80	15.58
9.50	0.80	15.60
9.51	0.80	15.61
9.52	0.80	15.63
9.53	0.80	15.63
9.54	0.80	15.63
9.55	0.80	15.64
9.56	0.80	15.66
9.57	0.81	15.69
9.58	0.81	15.68
9.59	0.81	15.66
9.60	0.81	15.66
9.61	0.81	15.65
9.62	0.81	15.70
9.63	0.81	15.72
9.64	0.81	15.69
9.65	0.81	15.70
9.66	0.81	15.69
9.67	0.81	15.70
9.68	0.81	15.74
9.69	0.82	15.73
9.70	0.82	15.73
9.71	0.82	15.74
9.72	0.82	15.75
9.73	0.82	15.76
9.74	0.82	15.77
9.75	0.82	15.77
9.76	0.82	15.79
9.77	0.82	15.80
9.78	0.82	15.80
9.79	0.82	15.81
9.80	0.82	15.83
9.81	0.83	15.85
9.82	0.83	15.85
9.83	0.83	15.83
9.84	0.83	15.85
9.85	0.83	15.86
9.86	0.83	15.85
9.87	0.83	15.86
9.88	0.83	15.87
9.89	0.83	15.88
9.90	0.83	15.87
9.91	0.83	15.87
9.92	0.83	15.90
9.93	0.84	15.91
9.94	0.84	15.91
9.95	0.84	15.90
9.96	0.84	15.89
9.97	0.84	15.87
9.98	0.84	15.87
9.99	0.84	15.90
10.00	0.84	15.93
10.01	0.84	15.92
10.02	0.84	15.90
10.03	0.84	15.93
10.04	0.84	15.94
10.05	0.85	15.90
10.06	0.85	15.92
10.07	0.85	15.92
10.08	0.85	15.92
10.09	0.85	15.91
10.10	0.85	15.93
10.11	0.85	15.94
10.12	0.85	15.94
10.13	0.85	15.94
10.14	0.85	15.95
10.15	0.85	15.96
10.16	0.85	15.97
10.17	0.86	16.00
10.18	0.86	16.00
10.19	0.86	16.00
10.20	0.86	16.00
10.21	0.86	15.99
10.22	0.86	15.99
10.23	0.86	15.97
10.24	0.86	15.98
10.25	0.86	16.03
10.26	0.86	16.04
10.27	0.86	16.04
10.28	0.87	16.02
10.29	0.87	16.04
10.30	0.87	16.04
10.31	0.87	16.03
10.32	0.87	16.01
10.33	0.87	16.01
10.34	0.87	16.02
10.35	0.87	16.00
10.36	0.87	16.02
10.37	0.87	16.04
10.38	0.87	16.05
10.39	0.87	16.07
10.40	0.87	16.07
10.41	0.88	16.08
10.42	0.88	16.07
10.43	0.88	16.06
10.44	0.88	16.09
10.45	0.88	16.12
10.46	0.88	16.13
10.47	0.88	16.14
10.48	0.88	16.17
10.49	0.88	16.17
10.50	0.88	16.21
10.51	0.88	16.23
10.52	0.88	16.24
10.53	0.89	16.27
10.54	0.89	16.28
10.55	0.89	16.29
10.56	0.89	16.29
10.57	0.89	16.30
10.58	0.89	16.31
10.59	0.89	16.32
10.60	0.89	16.37
10.61	0.89	16.39
10.62	0.89	16.41
10.63	0.89	16.44
10.64	0.89	16.44
10.65	0.90	16.42
10.66	0.90	16.41
10.67	0.90	16.42
10.68	0.90	16.42
10.69	0.90	16.45
10.70	0.90	16.50
10.71	0.90	16.54
10.72	0.90	16.57
10.73	0.90	16.61
10.74	0.90	16.64
10.75	0.90	16.64
10.76	0.90	16.68
10.77	0.91	16.68
10.78	0.91	16.68
10.79	0.91	16.72
10.80	0.91	16.76
10.81	0.91	16.79
10.82	0.91	16.78
10.83	0.91	16.80
10.84	0.91	16.84
10.85	0.91	16.85
10.86	0.91	16.90
10.87	0.91	16.99
10.88	0.91	17.09
10.89	0.92	17.19
10.90	0.92	17.31
10.91	0.92	17.41
10.92	0.92	17.50
10.93	0.92	17.57
10.94	0.92	17.63
10.95	0.92	17.70
10.96	0.92	17.77
10.97	0.92	17.87
10.98	0.92	17.95
10.99	0.92	18.00
11.00	0.92	18.08
11.01	0.93	18.18
11.02	0.93	18.23
11.03	0.93	18.27
11.04	0.93	18.28
11.05	0.93	18.33
11.06	0.93	18.39
11.07	0.93	18.46
11.08	0.93	18.52
11.09	0.93	18.63
11.10	0.93	18.75
11.11	0.93	18.87
11.12	0.93	18.99
11.13	0.94	19.10
11.14	0.94	19.24
11.15	0.94	19.33
11.16	0.94	19.44
11.17	0.94	19.56
11.18	0.94	19.66
11.19	0.94	19.74
11.20	0.94	19.84
11.21	0.94	19.97
11.22	0.94	20.10
11.23	0.94	20.24
11.24	0.94	20.38
11.25	0.95	20.52
11.26	0.95	20.65
11.27	0.95	20.77
11.28	0.95	20.93
11.29	0.95	21.09
11.30	0.95	21.23
11.31	0.95	21.36
11.32	0.95	21.51
11.33	0.95	21.64
11.34	0.95	21.76
11.35	0.95	21.93
11.36	0.95	22.08
11.37	0.96	22.25
11.38	0.96	22.42
11.39	0.96	22.58
11.40	0.96	22.74
11.41	0.96	22.87
11.42	0.96	23.02
11.43	0.96	23.16
11.44	0.96	23.34
11.45	0.96	23.51
11.46	0.96	23.63
11.47	0.96	23.80
11.48	0.96	23.98
11.49	0.97	24.13
11.50	0.97	24.32
11.51	0.97	24.49
11.52	0.97	24.65
11.53	0.97	24.82
11.54	0.97	25.00
11.55	0.97	25.19
11.56	0.97	25.34
11.57	0.97	25.50
11.58	0.97	25.66
11.59	0.97	25.78
11.60	0.97	25.95
11.61	0.98	26.12
11.62	0.98	26.28
11.63	0.98	26.45
11.64	0.98	26.60
11.65	0.98	26.78
11.66	0.98	26.98
11.67	0.98	27.13
11.68	0.98	27.29
11.69	0.98	27.49
11.70	0.98	27.65
11.71	0.98	27.81
11.72	0.98	27.99
11.73	0.99	28.15
11.74	0.99	28.28
11.75	0.99	28.47
11.76	0.99	28.66
11.77	0.99	28.82
11.78	0.99	28.99
11.79	0.99	29.20
11.80	0.99	29.38
11.81	0.99	29.54
11.82	0.99	29.74
11.83	0.99	29.95
11.84	0.99	30.12
11.85	1.00	30.28
11.86	1.00	30.48
11.87	1.00	30.66
11.88	1.00	30.81
11.89	1.00	30.98
11.90	1.00	31.17
11.91	1.00	31.36
11.92	1.00	31.53
11.93	1.00	31.73
11.94	1.00	31.93
11.95	1.00	32.10
11.96	1.00	32.28
11.97	1.01	32.48
11.98	1.01	32.66
11.99	1.01	32.81
12.00	1.01	32.98
12.01	1.01	33.18
12.02	1.01	33.38
12.03	1.01	33.55
12.04	1.01	33.70
12.05	1.01	33.89
12.06	1.01	34.06
12.07	1.01	34.24
12.08	1.01	34.45
12.09	1.02	34.63
12.10	1.02	34.81
12.11	1.02	35.00
12.12	1.02	35.21
12.13	1.02	35.38
12.14	1.02	35.55
12.15	1.02	35.73
12.16	1.02	35.92
12.17	1.02	36.11
12.18	1.02	36.27
12.19	1.02	36.46
12.20	1.02	36.65
12.21	1.03	36.80
12.22	1.03	36.99
12.23	1.03	37.18
12.24	1.03	37.37
12.25	1.03	37.54
12.26	1.03	37.72
12.27	1.03	37.93
12.28	1.03	38.11
12.29	1.03	38.28
12.30	1.03	38.45
12.31	1.03	38.65
12.32	1.03	38.82
12.33	1.04	38.99
12.34	1.04	39.17
12.35	1.04	39.34
12.36	1.04	39.52
12.37	1.04	39.67
12.38	1.04	39.82
12.39	1.04	40.02
12.40	1.04	40.22
12.41	1.04	40.39
12.42	1.04	40.56
12.43	1.04	40.75
12.44	1.04	40.90
12.45	1.05	41.08
12.46	1.05	41.26
12.47	1.05	41.45
12.48	1.05	41.63
12.49	1.05	41.81
12.50	1.05	41.98
12.51	1.05	42.11
12.52	1.05	42.28
12.53	1.05	42.45
12.54	1.05	42.63
12.55	1.05	42.82
12.56	1.05	43.00
12.57	1.06	43.19
12.58	1.06	43.37
12.59	1.06	43.54
12.60	1.06	43.73
12.61	1.06	43.91
12.62	1.06	44.08
12.63	1.06	44.26
12.64	1.06	44.44
12.65	1.06	44.60
12.66	1.06	44.76
12.67	1.06	44.93
12.68	1.06	45.10
12.69	1.07	45.30
12.70	1.07	45.48
12.71	1.07	45.62
12.72	1.07	45.82
12.73	1.07	46.03
12.74	1.07	46.20
12.75	1.07	46.33
12.76	1.07	46.48
12.77	1.07	46.65
12.78	1.07	46.83
12.79	1.07	47.00
12.80	1.07	47.17
12.81	1.08	47.33
12.82	1.08	47.49
12.83	1.08	47.65
12.84	1.08	47.80
12.85	1.08	47.97
12.86	1.08	48.14
12.87	1.08	48.31
12.88	1.08	48.49
12.89	1.08	48.67
12.90	1.08	48.83
12.91	1.08	48.98
12.92	1.08	49.17
12.93	1.09	49.35
12.94	1.09	49.49
12.95	1.09	49.66
12.96	1.09	49.84
12.97	1.09	49.98
12.98	1.09	50.12
12.99	1.09	50.29
13.00	1.09	50.46
13.01	1.09	50.62
13.02	1.09	50.79
13.03	1.09	50.94
13.04	1.09	51.13
13.05	1.10	51.31
13.06	1.10	51.47
13.07	1.10	51.64
13.08	1.10	51.82
13.09	1.10	52.00
13.10	1.10	52.16
13.11	1.10	52.31
13.12	1.10	52.47
13.13	1.10	52.61
13.14	1.10	52.77
13.15	1.10	52.95
13.16	1.10	53.13
13.17	1.11	53.29
13.18	1.11	53.43
13.19	1.11	53.61
13.20	1.11	53.79
13.21	1.11	53.98
13.22	1.11	54.13
13.23	1.11	54.30
13.24	1.11	54.47
13.25	1.11	54.61
13.26	1.11	54.78
13.27	1.11	54.96
13.28	1.11	55.10
13.29	1.12	55.23
13.30	1.12	55.40
13.31	1.12	55.58
13.32	1.12	55.76
13.33	1.12	55.91
13.34	1.12	56.06
13.35	1.12	56.23
13.36	1.12	56.41
13.37	1.12	56.57
13.38	1.12	56.73
13.39	1.12	56.88
13.40	1.12	57.04
13.41	1.13	57.20
13.42	1.13	57.34
13.43	1.13	57.48
13.44	1.13	57.62
13.45	1.13	57.78
13.46	1.13	57.97
13.47	1.13	58.14
13.48	1.13	58.28
13.49	1.13	58.46
13.50	1.13	58.62
13.51	1.13	58.78
13.52	1.13	58.93
13.53	1.14	59.09
13.54	1.14	59.22
13.55	1.14	59.36
13.56	1.14	59.53
13.57	1.14	59.67
13.58	1.14	59.82
13.59	1.14	59.99
13.60	1.14	60.15
13.61	1.14	60.30
13.62	1.14	60.44
13.63	1.14	60.56
13.64	1.14	60.73
13.65	1.15	60.91
13.66	1.15	61.06
13.67	1.15	61.22
13.68	1.15	61.39
13.69	1.15	61.54
13.70	1.15	61.69
13.71	1.15	61.85
13.72	1.15	61.97
13.73	1.15	62.13
13.74	1.15	62.27
13.75	1.15	62.40
13.76	1.15	62.58
13.77	1.16	62.76
13.78	1.16	62.91
13.79	1.16	63.05
13.80	1.16	63.20
13.81	1.16	63.37
13.82	1.16	63.51
13.83	1.16	63.66
13.84	1.16	63.83
13.85	1.16	63.97
13.86	1.16	64.13
13.87	1.16	64.27
13.88	1.16	64.40
13.89	1.17	64.55
13.90	1.17	64.69
13.91	1.17	64.84
13.92	1.17	64.98
13.93	1.17	65.13
13.94	1.17	65.28
13.95	1.17	65.39
13.96	1.17	65.55
13.97	1.17	65.72
13.98	1.17	65.86
13.99	1.17	66.03
14.00	1.17	66.16
14.01	1.18	66.30
14.02	1.18	66.47
14.03	1.18	66.60
14.04	1.18	66.72
14.05	1.18	66.86
14.06	1.18	67.00
14.07	1.18	67.13
14.08	1.18	67.27
14.09	1.18	67.38
14.10	1.18	67.56
14.11	1.18	67.72
14.12	1.18	67.86
14.13	1.19	67.99
14.14	1.19	68.13
14.15	1.19	68.29
14.16	1.19	68.43
14.17	1.19	68.53
14.18	1.19	68.63
14.19	1.19	68.81
14.20	1.19	68.94
14.21	1.19	69.06
14.22	1.19	69.23
14.23	1.19	69.35
14.24	1.19	69.48
14.25	1.20	69.63
14.26	1.20	69.79
14.27	1.20	69.90
14.28	1.20	70.01
14.29	1.20	70.19
14.30	1.20	70.33
14.31	1.20	70.44
14.32	1.20	70.58
14.33	1.20	70.73
14.34	1.20	70.87
14.35	1.20	71.03
14.36	1.20	71.16
14.37	1.21	71.27
14.38	1.21	71.41
14.39	1.21	71.56
14.40	1.21	71.68
14.41	1.21	71.81
14.42	1.21	71.95
14.43	1.21	72.08
14.44	1.21	72.25
14.45	1.21	72.40
14.46	1.21	72.53
14.47	1.21	72.67
14.48	1.21	72.81
14.49	1.22	72.94
14.50	1.22	73.06
14.51	1.22	73.16
14.52	1.22	73.30
14.53	1.22	73.44
14.54	1.22	73.56
14.55	1.22	73.69
14.56	1.22	73.83
14.57	1.22	73.95
14.58	1.22	74.11
14.59	1.22	74.24
14.60	1.22	74.36
14.61	1.23	74.50
14.62	1.23	74.65
14.63	1.23	74.75
14.64	1.23	74.82
14.65	1.23	74.94
14.66	1.23	75.10
14.67	1.23	75.23
14.68	1.23	75.35
14.69	1.23	75.47
14.70	1.23	75.60
14.71	1.23	75.72
14.72	1.23	75.83
14.73	1.24	75.94
14.74	1.24	76.09
14.75	1.24	76.24
14.76	1.24	76.37
14.77	1.24	76.47
14.78	1.24	76.59
14.79	1.24	76.71
14.80	1.24	76.83
14.81	1.24	76.96
14.82	1.24	77.06
14.83	1.24	77.18
14.84	1.24	77.32
14.85	1.25	77.43
14.86	1.25	77.54
14.87	1.25	77.67
14.88	1.25	77.79
14.89	1.25	77.92
14.90	1.25	78.06
14.91	1.25	78.18
14.92	1.25	78.29
14.93	1.25	78.41
14.94	1.25	78.53
14.95	1.25	78.65
14.96	1.25	78.76
14.97	1.26	78.86
14.98	1.26	79.00
14.99	1.26	79.12
15.00	1.26	79.25
15.01	1.26	79.37
15.02	1.26	79.47
15.03	1.26	79.59
15.04	1.26	79.72
15.05	1.26	79.82
15.06	1.26	79.94
15.07	1.26	80.09
15.08	1.26	80.23
15.09	1.27	80.31
15.10	1.27	80.39
15.11	1.27	80.53
15.12	1.27	80.65
15.13	1.27	80.74
15.14	1.27	80.85
15.15	1.27	80.97
15.16	1.27	81.09
15.17	1.27	81.21
15.18	1.27	81.33
15.19	1.27	81.42
15.20	1.27	81.54
15.21	1.28	81.67
15.22	1.28	81.77
15.23	1.28	81.89
15.24	1.28	82.01
15.25	1.28	82.12
15.26	1.28	82.22
15.27	1.28	82.33
15.28	1.28	82.43
15.29	1.28	82.51
15.30	1.28	82.60
15.31	1.28	82.72
15.32	1.28	82.83
15.33	1.29	82.92
15.34	1.29	83.04
15.35	1.29	83.17
15.36	1.29	83.29
15.37	1.29	83.38
15.38	1.29	83.47
15.39	1.29	83.59
15.40	1.29	83.71
15.41	1.29	83.82
15.42	1.29	83.92
15.43	1.29	84.02
15.44	1.29	84.09
15.45	1.30	84.19
15.46	1.30	84.30
15.47	1.30	84.42
15.48	1.30	84.53
15.49	1.30	84.61
15.50	1.30	84.74
15.51	1.30	84.86
15.52	1.30	84.97
15.53	1.30	85.08
15.54	1.30	85.18
15.55	1.30	85.27
15.56	1.30	85.37
15.57	1.31	85.50
15.58	1.31	85.60
15.59	1.31	85.69
15.60	1.31	85.77
15.61	1.31	85.86
15.62	1.31	85.99
15.63	1.31	86.10
15.64	1.31	86.19
15.65	1.31	86.29
15.66	1.31	86.39
15.67	1.31	86.50
15.68	1.31	86.61
15.69	1.32	86.68
15.70	1.32	86.77
15.71	1.32	86.88
15.72	1.32	87.00
15.73	1.32	87.07
15.74	1.32	87.14
15.75	1.32	87.23
15.76	1.32	87.33
15.77	1.32	87.46
15.78	1.32	87.53
15.79	1.32	87.62
15.80	1.32	87.72
15.81	1.33	87.82
15.82	1.33	87.94
15.83	1.33	88.04
15.84	1.33	88.12
15.85	1.33	88.20
15.86	1.33	88.29
15.87	1.33	88.39
15.88	1.33	88.49
15.89	1.33	88.55
15.90	1.33	88.65
15.91	1.33	88.73
15.92	1.33	88.79
15.93	1.34	88.91
15.94	1.34	89.00
15.95	1.34	89.09
15.96	1.34	89.16
15.97	1.34	89.24
15.98	1.34	89.38
15.99	1.34	89.47
16.00	1.34	89.54
16.01	1.34	89.62
16.02	1.34	89.72
16.03	1.34	89.81
16.04	1.34	89.87
16.05	1.35	89.96
16.06	1.35	90.06
16.07	1.35	90.13
16.08	1.35	90.23
16.09	1.35	90.33
16.10	1.35	90.43
16.11	1.35	90.52
16.12	1.35	90.59
16.13	1.35	90.68
16.14	1.35	90.78
16.15	1.35	90.89
16.16	1.35	90.96
16.17	1.36	91.05
16.18	1.36	91.13
16.19	1.36	91.20
16.20	1.36	91.29
16.21	1.36	91.39
16.22	1.36	91.45
16.23	1.36	91.50
16.24	1.36	91.59
16.25	1.36	91.68
16.26	1.36	91.77
16.27	1.36	91.86
16.28	1.36	91.96
16.29	1.37	92.05
16.30	1.37	92.13
16.31	1.37	92.21
16.32	1.37	92.30
16.33	1.37	92.37
16.34	1.37	92.45
16.35	1.37	92.53
16.36	1.37	92.61
16.37	1.37	92.68
16.38	1.37	92.74
16.39	1.37	92.81
16.40	1.37	92.89
16.41	1.38	92.97
16.42	1.38	93.04
16.43	1.38	93.13
16.44	1.38	93.22
16.45	1.38	93.30
16.46	1.38	93.37
16.47	1.38	93.43
16.48	1.38	93.52
16.49	1.38	93.61
16.50	1.38	93.67
16.51	1.38	93.73
16.52	1.38	93.82
16.53	1.39	93.89
16.54	1.39	93.97
16.55	1.39	94.05
16.56	1.39	94.12
16.57	1.39	94.19
16.58	1.39	94.24
16.59	1.39	94.31
16.60	1.39	94.40
16.61	1.39	94.49
16.62	1.39	94.53
16.63	1.39	94.59
16.64	1.39	94.67
16.65	1.40	94.74
16.66	1.40	94.84
16.67	1.40	94.92
16.68	1.40	94.98
16.69	1.40	95.07
16.70	1.40	95.12
16.71	1.40	95.19
16.72	1.40	95.28
16.73	1.40	95.34
16.74	1.40	95.41
16.75	1.40	95.50
16.76	1.40	95.58
16.77	1.41	95.64
16.78	1.41	95.70
16.79	1.41	95.81
16.80	1.41	95.87
16.81	1.41	95.90
16.82	1.41	95.98
16.83	1.41	96.07
16.84	1.41	96.14
16.85	1.41	96.21
16.86	1.41	96.27
16.87	1.41	96.35
16.88	1.41	96.42
16.89	1.42	96.48
16.90	1.42	96.55
16.91	1.42	96.62
16.92	1.42	96.70
16.93	1.42	96.77
16.94	1.42	96.84
16.95	1.42	96.90
16.96	1.42	96.95
16.97	1.42	97.03
16.98	1.42	97.08
16.99	1.42	97.13
17.00	1.42	97.19
17.01	1.43	97.25
17.02	1.43	97.31
17.03	1.43	97.37
17.04	1.43	97.44
17.05	1.43	97.53
17.06	1.43	97.58
17.07	1.43	97.63
17.08	1.43	97.67
17.09	1.43	97.75
17.10	1.43	97.83
17.11	1.43	97.89
17.12	1.43	97.95
17.13	1.44	98.00
17.14	1.44	98.04
17.15	1.44	98.12
17.16	1.44	98.20
17.17	1.44	98.23
17.18	1.44	98.28
17.19	1.44	98.37
17.20	1.44	98.45
17.21	1.44	98.50
17.22	1.44	98.56
17.23	1.44	98.62
17.24	1.44	98.68
17.25	1.45	98.73
17.26	1.45	98.78
17.27	1.45	98.85
17.28	1.45	98.90
17.29	1.45	98.94
17.30	1.45	99.02
17.31	1.45	99.08
17.32	1.45	99.13
17.33	1.45	99.21
17.34	1.45	99.28
17.35	1.45	99.32
17.36	1.45	99.38
17.37	1.46	99.44
17.38	1.46	99.48
17.39	1.46	99.55
17.40	1.46	99.62
17.41	1.46	99.67
17.42	1.46	99.71
17.43	1.46	99.74
17.44	1.46	99.80
17.45	1.46	99.87
17.46	1.46	99.94
17.47	1.46	99.96
17.48	1.46	100.01
17.49	1.47	100.06
17.50	1.47	100.13
17.51	1.47	100.17
17.52	1.47	100.23
17.53	1.47	100.28
17.54	1.47	100.35
17.55	1.47	100.40
17.56	1.47	100.44
17.57	1.47	100.49
17.58	1.47	100.52
17.59	1.47	100.56
17.60	1.47	100.61
17.61	1.48	100.63
17.62	1.48	100.65
17.63	1.48	100.71
17.64	1.48	100.76
17.65	1.48	100.83
17.66	1.48	100.86
17.67	1.48	100.90
17.68	1.48	100.95
17.69	1.48	101.01
17.70	1.48	101.07
17.71	1.48	101.09
17.72	1.48	101.12
17.73	1.49	101.13
17.74	1.49	101.17
17.75	1.49	101.20
17.76	1.49	101.21
17.77	1.49	101.24
17.78	1.49	101.25
17.79	1.49	101.22
17.80	1.49	101.12
17.81	1.49	98.07
17.82	1.49	48.38
