0.01	0.01	0.35
0.02	0.01	0.39
0.03	0.01	0.44
0.04	0.01	0.48
0.05	0.01	0.50
0.06	0.01	0.49
0.07	0.01	0.54
0.08	0.01	0.58
0.09	0.02	0.61
0.10	0.02	0.65
0.11	0.02	0.68
0.12	0.02	0.70
0.13	0.02	0.75
0.14	0.02	0.80
0.15	0.02	0.83
0.16	0.02	0.86
0.17	0.02	0.86
0.18	0.02	0.91
0.19	0.02	0.93
0.20	0.02	0.94
0.21	0.03	0.99
0.22	0.03	1.03
0.23	0.03	1.05
0.24	0.03	1.05
0.25	0.03	1.09
0.26	0.03	1.13
0.27	0.03	1.13
0.28	0.03	1.17
0.29	0.03	1.22
0.30	0.03	1.23
0.31	0.03	1.26
0.32	0.03	1.30
0.33	0.04	1.32
0.34	0.04	1.34
0.35	0.04	1.38
0.36	0.04	1.40
0.37	0.04	1.42
0.38	0.04	1.48
0.39	0.04	1.52
0.40	0.04	1.52
0.41	0.04	1.56
0.42	0.04	1.61
0.43	0.04	1.65
0.44	0.04	1.67
0.45	0.05	1.70
0.46	0.05	1.76
0.47	0.05	1.79
0.48	0.05	1.81
0.49	0.05	1.82
0.50	0.05	1.85
0.51	0.05	1.91
0.52	0.05	1.94
0.53	0.05	1.97
0.54	0.05	2.01
0.55	0.05	2.02
0.56	0.05	2.02
0.57	0.06	2.04
0.58	0.06	2.05
0.59	0.06	2.06
0.60	0.06	2.10
0.61	0.06	2.12
0.62	0.06	2.12
0.63	0.06	2.15
0.64	0.06	2.16
0.65	0.06	2.16
0.66	0.06	2.18
0.67	0.06	2.19
0.68	0.06	2.22
0.69	0.07	2.26
0.70	0.07	2.28
0.71	0.07	2.27
0.72	0.07	2.33
0.73	0.07	2.33
0.74	0.07	2.30
0.75	0.07	2.36
0.76	0.07	2.38
0.77	0.07	2.38
0.78	0.07	2.38
0.79	0.07	2.40
0.80	0.07	2.43
0.81	0.08	2.44
0.82	0.08	2.46
0.83	0.08	2.52
0.84	0.08	2.53
0.85	0.08	2.51
0.86	0.08	2.52
0.87	0.08	2.57
0.88	0.08	2.61
0.89	0.08	2.61
0.90	0.08	2.63
0.91	0.08	2.65
0.92	0.08	2.66
0.93	0.09	2.66
0.94	0.09	2.68
0.95	0.09	2.73
0.96	0.09	2.74
0.97	0.09	2.74
0.98	0.09	2.76
0.99	0.09	2.79
1.00	0.09	2.80
1.01	0.09	2.83
1.02	0.09	2.86
1.03	0.09	2.89
1.04	0.09	2.92
1.05	0.10	2.93
1.06	0.10	2.93
1.07	0.10	2.94
1.08	0.10	2.96
1.09	0.10	3.00
1.10	0.10	3.04
1.11	0.10	3.06
1.12	0.10	3.07
1.13	0.10	3.08
1.14	0.10	3.11
1.15	0.10	3.16
1.16	0.10	3.17
1.17	0.11	3.18
1.18	0.11	3.21
1.19	0.11	3.21
1.20	0.11	3.22
1.21	0.11	3.25
1.22	0.11	3.27
1.23	0.11	3.32
1.24	0.11	3.37
1.25	0.11	3.39
1.26	0.11	3.39
1.27	0.11	3.41
1.28	0.11	3.42
1.29	0.12	3.46
1.30	0.12	3.49
1.31	0.12	3.51
1.32	0.12	3.55
1.33	0.12	3.59
1.34	0.12	3.61
1.35	0.12	3.65
1.36	0.12	3.67
1.37	0.12	3.69
1.38	0.12	3.72
1.39	0.12	3.76
1.40	0.12	3.77
1.41	0.13	3.78
1.42	0.13	3.83
1.43	0.13	3.85
1.44	0.13	3.84
1.45	0.13	3.86
1.46	0.13	3.88
1.47	0.13	3.87
1.48	0.13	3.91
1.49	0.13	3.97
1.50	0.13	4.01
1.51	0.13	4.03
1.52	0.13	4.06
1.53	0.14	4.11
1.54	0.14	4.15
1.55	0.14	4.20
1.56	0.14	4.21
1.57	0.14	4.26
1.58	0.14	4.31
1.59	0.14	4.35
1.60	0.14	4.39
1.61	0.14	4.42
1.62	0.14	4.44
1.63	0.14	4.48
1.64	0.14	4.53
1.65	0.15	4.57
1.66	0.15	4.62
1.67	0.15	4.66
1.68	0.15	4.71
1.69	0.15	4.76
1.70	0.15	4.82
1.71	0.15	4.87
1.72	0.15	4.93
1.73	0.15	4.96
1.74	0.15	5.01
1.75	0.15	5.09
1.76	0.15	5.13
1.77	0.16	5.19
1.78	0.16	5.21
1.79	0.16	5.26
1.80	0.16	5.32
1.81	0.16	5.38
1.82	0.16	5.45
1.83	0.16	5.53
1.84	0.16	5.60
1.85	0.16	5.64
1.86	0.16	5.72
1.87	0.16	5.79
1.88	0.16	5.82
1.89	0.17	5.91
1.90	0.17	6.02
1.91	0.17	6.10
1.92	0.17	6.14
1.93	0.17	6.19
1.94	0.17	6.26
1.95	0.17	6.34
1.96	0.17	6.44
1.97	0.17	6.54
1.98	0.17	6.63
1.99	0.17	6.71
2.00	0.17	6.79
2.01	0.18	6.90
2.02	0.18	6.98
2.03	0.18	7.04
2.04	0.18	7.11
2.05	0.18	7.21
2.06	0.18	7.30
2.07	0.18	7.37
2.08	0.18	7.47
2.09	0.18	7.58
2.10	0.18	7.66
2.11	0.18	7.70
2.12	0.18	7.74
2.13	0.19	7.81
2.14	0.19	7.89
2.15	0.19	7.96
2.16	0.19	8.04
2.17	0.19	8.11
2.18	0.19	8.22
2.19	0.19	8.31
2.20	0.19	8.35
2.21	0.19	8.45
2.22	0.19	8.51
2.23	0.19	8.54
2.24	0.19	8.58
2.25	0.20	8.60
2.26	0.20	8.65
2.27	0.20	8.70
2.28	0.20	8.76
2.29	0.20	8.81
2.30	0.20	8.90
2.31	0.20	8.99
2.32	0.20	9.07
2.33	0.20	9.18
2.34	0.20	9.24
2.35	0.20	9.25
2.36	0.20	9.26
2.37	0.21	9.27
2.38	0.21	9.26
2.39	0.21	9.27
2.40	0.21	9.31
2.41	0.21	9.39
2.42	0.21	9.47
2.43	0.21	9.59
2.44	0.21	9.72
2.45	0.21	9.83
2.46	0.21	9.91
2.47	0.21	9.97
2.48	0.21	9.99
2.49	0.22	9.99
2.50	0.22	9.99
2.51	0.22	9.98
2.52	0.22	10.00
2.53	0.22	10.05
2.54	0.22	10.16
2.55	0.22	10.28
2.56	0.22	10.41
2.57	0.22	10.50
2.58	0.22	10.59
2.59	0.22	10.64
2.60	0.22	10.66
2.61	0.23	10.68
2.62	0.23	10.66
2.63	0.23	10.68
2.64	0.23	10.72
2.65	0.23	10.76
2.66	0.23	10.83
2.67	0.23	10.92
2.68	0.23	11.05
2.69	0.23	11.14
2.70	0.23	11.18
2.71	0.23	11.22
2.72	0.23	11.27
2.73	0.24	11.28
2.74	0.24	11.27
2.75	0.24	11.27
2.76	0.24	11.33
2.77	0.24	11.41
2.78	0.24	11.46
2.79	0.24	11.54
2.80	0.24	11.16
2.81	0.24	10.81
2.82	0.24	10.88
2.83	0.24	10.86
2.84	0.24	10.80
2.85	0.25	10.83
2.86	0.25	10.98
2.87	0.25	11.00
2.88	0.25	10.96
2.89	0.25	10.98
2.90	0.25	10.98
2.91	0.25	10.97
2.92	0.25	10.99
2.93	0.25	11.02
2.94	0.25	11.04
2.95	0.25	11.00
2.96	0.25	10.98
2.97	0.26	11.00
2.98	0.26	11.02
2.99	0.26	11.00
3.00	0.26	11.02
3.01	0.26	11.04
3.02	0.26	11.04
3.03	0.26	11.05
3.04	0.26	11.03
3.05	0.26	11.04
3.06	0.26	11.04
3.07	0.26	11.01
3.08	0.26	11.01
3.09	0.27	11.04
3.10	0.27	11.02
3.11	0.27	11.01
3.12	0.27	11.03
3.13	0.27	11.03
3.14	0.27	11.00
3.15	0.27	11.03
3.16	0.27	11.05
3.17	0.27	11.05
3.18	0.27	11.09
3.19	0.27	11.07
3.20	0.27	11.07
3.21	0.28	11.05
3.22	0.28	11.01
3.23	0.28	11.00
3.24	0.28	11.00
3.25	0.28	11.00
3.26	0.28	10.98
3.27	0.28	11.00
3.28	0.28	10.99
3.29	0.28	11.00
3.30	0.28	11.05
3.31	0.28	11.05
3.32	0.28	11.05
3.33	0.29	11.05
3.34	0.29	11.03
3.35	0.29	11.02
3.36	0.29	11.01
3.37	0.29	10.98
3.38	0.29	10.96
3.39	0.29	10.98
3.40	0.29	10.99
3.41	0.29	11.03
3.42	0.29	11.06
3.43	0.29	11.08
3.44	0.29	11.09
3.45	0.30	11.08
3.46	0.30	11.07
3.47	0.30	11.07
3.48	0.30	11.10
3.49	0.30	11.08
3.50	0.30	11.06
3.51	0.30	11.09
3.52	0.30	11.09
3.53	0.30	11.09
3.54	0.30	11.11
3.55	0.30	11.15
3.56	0.30	11.15
3.57	0.31	11.18
3.58	0.31	11.17
3.59	0.31	11.15
3.60	0.31	11.15
3.61	0.31	11.13
3.62	0.31	11.12
3.63	0.31	11.10
3.64	0.31	11.13
3.65	0.31	11.14
3.66	0.31	11.14
3.67	0.31	11.15
3.68	0.31	11.18
3.69	0.32	11.22
3.70	0.32	11.22
3.71	0.32	11.22
3.72	0.32	11.22
3.73	0.32	11.21
3.74	0.32	11.22
3.75	0.32	11.21
3.76	0.32	11.22
3.77	0.32	11.30
3.78	0.32	11.41
3.79	0.32	11.54
3.80	0.32	11.69
3.81	0.33	11.83
3.82	0.33	11.95
3.83	0.33	12.05
3.84	0.33	12.12
3.85	0.33	12.17
3.86	0.33	12.18
3.87	0.33	12.15
3.88	0.33	12.14
3.89	0.33	12.13
3.90	0.33	12.14
3.91	0.33	12.15
3.92	0.33	12.17
3.93	0.34	12.22
3.94	0.34	12.23
3.95	0.34	12.22
3.96	0.34	12.19
3.97	0.34	12.15
3.98	0.34	12.15
3.99	0.34	12.14
4.00	0.34	12.14
4.01	0.34	12.14
4.02	0.34	12.16
4.03	0.34	12.21
4.04	0.34	12.20
4.05	0.35	12.21
4.06	0.35	12.23
4.07	0.35	12.23
4.08	0.35	12.22
4.09	0.35	12.22
4.10	0.35	12.22
4.11	0.35	12.18
4.12	0.35	12.17
4.13	0.35	12.16
4.14	0.35	12.17
4.15	0.35	12.20
4.16	0.35	12.21
4.17	0.36	12.24
4.18	0.36	12.26
4.19	0.36	12.24
4.20	0.36	12.24
4.21	0.36	12.23
4.22	0.36	12.21
4.23	0.36	12.20
4.24	0.36	12.18
4.25	0.36	12.19
4.26	0.36	12.21
4.27	0.36	12.18
4.28	0.36	12.22
4.29	0.37	12.22
4.30	0.37	12.22
4.31	0.37	12.26
4.32	0.37	12.24
4.33	0.37	12.23
4.34	0.37	12.22
4.35	0.37	12.22
4.36	0.37	12.19
4.37	0.37	12.16
4.38	0.37	12.17
4.39	0.37	12.16
4.40	0.37	12.18
4.41	0.38	12.20
4.42	0.38	12.21
4.43	0.38	12.21
4.44	0.38	12.22
4.45	0.38	12.22
4.46	0.38	12.22
4.47	0.38	12.22
4.48	0.38	12.18
4.49	0.38	12.17
4.50	0.38	12.19
4.51	0.38	12.19
4.52	0.38	12.18
4.53	0.39	12.20
4.54	0.39	12.22
4.55	0.39	12.23
4.56	0.39	12.24
4.57	0.39	12.24
4.58	0.39	12.23
4.59	0.39	12.24
4.60	0.39	12.22
4.61	0.39	12.19
4.62	0.39	12.19
4.63	0.39	12.19
4.64	0.39	12.20
4.65	0.40	12.20
4.66	0.40	12.21
4.67	0.40	12.22
4.68	0.40	12.23
4.69	0.40	12.26
4.70	0.40	12.27
4.71	0.40	12.27
4.72	0.40	12.25
4.73	0.40	12.23
4.74	0.40	12.22
4.75	0.40	12.22
4.76	0.40	12.20
4.77	0.41	12.19
4.78	0.41	12.21
4.79	0.41	12.23
4.80	0.41	12.24
4.81	0.41	12.26
4.82	0.41	12.30
4.83	0.41	12.29
4.84	0.41	12.24
4.85	0.41	12.24
4.86	0.41	12.23
4.87	0.41	12.22
4.88	0.41	12.20
4.89	0.42	12.19
4.90	0.42	12.20
4.91	0.42	12.22
4.92	0.42	12.27
4.93	0.42	12.27
4.94	0.42	12.27
4.95	0.42	12.29
4.96	0.42	12.30
4.97	0.42	12.28
4.98	0.42	12.27
4.99	0.42	12.26
5.00	0.42	12.24
5.01	0.43	12.22
5.02	0.43	12.21
5.03	0.43	12.23
5.04	0.43	12.25
5.05	0.43	12.27
5.06	0.43	12.27
5.07	0.43	12.28
5.08	0.43	12.30
5.09	0.43	12.29
5.10	0.43	12.29
5.11	0.43	12.28
5.12	0.43	12.26
5.13	0.44	12.26
5.14	0.44	12.26
5.15	0.44	12.25
5.16	0.44	12.23
5.17	0.44	12.24
5.18	0.44	12.28
5.19	0.44	12.28
5.20	0.44	12.30
5.21	0.44	12.30
5.22	0.44	12.30
5.23	0.44	12.32
5.24	0.44	12.31
5.25	0.45	12.28
5.26	0.45	12.26
5.27	0.45	12.25
5.28	0.45	12.24
5.29	0.45	12.26
5.30	0.45	12.27
5.31	0.45	12.27
5.32	0.45	12.29
5.33	0.45	12.28
5.34	0.45	12.27
5.35	0.45	12.29
5.36	0.45	12.28
5.37	0.46	12.23
5.38	0.46	12.20
5.39	0.46	12.22
5.40	0.46	12.23
5.41	0.46	12.21
5.42	0.46	12.21
5.43	0.46	12.24
5.44	0.46	12.26
5.45	0.46	12.27
5.46	0.46	12.27
5.47	0.46	12.26
5.48	0.46	12.28
5.49	0.47	12.28
5.50	0.47	12.24
5.51	0.47	12.21
5.52	0.47	12.22
5.53	0.47	12.23
5.54	0.47	12.20
5.55	0.47	12.21
5.56	0.47	12.23
5.57	0.47	12.26
5.58	0.47	12.27
5.59	0.47	12.26
5.60	0.47	12.25
5.61	0.48	12.24
5.62	0.48	12.25
5.63	0.48	12.23
5.64	0.48	12.23
5.65	0.48	12.21
5.66	0.48	12.19
5.67	0.48	12.21
5.68	0.48	12.22
5.69	0.48	12.25
5.70	0.48	12.25
5.71	0.48	12.26
5.72	0.48	12.28
5.73	0.49	12.25
5.74	0.49	12.26
5.75	0.49	12.24
5.76	0.49	12.23
5.77	0.49	12.23
5.78	0.49	12.19
5.79	0.49	12.19
5.80	0.49	12.21
5.81	0.49	12.22
5.82	0.49	12.22
5.83	0.49	12.25
5.84	0.49	12.26
5.85	0.50	12.25
5.86	0.50	12.28
5.87	0.50	12.29
5.88	0.50	12.24
5.89	0.50	12.21
5.90	0.50	12.21
5.91	0.50	12.19
5.92	0.50	12.19
5.93	0.50	12.19
5.94	0.50	12.20
5.95	0.50	12.23
5.96	0.50	12.25
5.97	0.51	12.28
5.98	0.51	12.29
5.99	0.51	12.29
6.00	0.51	12.28
6.01	0.51	12.24
6.02	0.51	12.23
6.03	0.51	12.23
6.04	0.51	12.19
6.05	0.51	12.19
6.06	0.51	12.23
6.07	0.51	12.24
6.08	0.51	12.25
6.09	0.52	12.27
6.10	0.52	12.28
6.11	0.52	12.28
6.12	0.52	12.26
6.13	0.52	12.24
6.14	0.52	12.26
6.15	0.52	12.26
6.16	0.52	12.22
6.17	0.52	12.21
6.18	0.52	12.22
6.19	0.52	12.25
6.20	0.52	12.25
6.21	0.53	12.24
6.22	0.53	12.27
6.23	0.53	12.29
6.24	0.53	12.27
6.25	0.53	12.27
6.26	0.53	12.28
6.27	0.53	12.24
6.28	0.53	12.21
6.29	0.53	12.19
6.30	0.53	12.20
6.31	0.53	12.22
6.32	0.53	12.20
6.33	0.54	12.21
6.34	0.54	12.24
6.35	0.54	12.24
6.36	0.54	12.25
6.37	0.54	12.26
6.38	0.54	12.25
6.39	0.54	12.24
6.40	0.54	12.24
6.41	0.54	12.21
6.42	0.54	12.22
6.43	0.54	12.22
6.44	0.54	12.23
6.45	0.55	12.24
6.46	0.55	12.23
6.47	0.55	12.25
6.48	0.55	12.28
6.49	0.55	12.31
6.50	0.55	12.27
6.51	0.55	12.25
6.52	0.55	12.25
6.53	0.55	12.23
6.54	0.55	12.23
6.55	0.55	12.20
6.56	0.55	12.21
6.57	0.56	12.23
6.58	0.56	12.22
6.59	0.56	12.23
6.60	0.56	12.25
6.61	0.56	12.28
6.62	0.56	12.26
6.63	0.56	12.26
6.64	0.56	12.27
6.65	0.56	12.28
6.66	0.56	12.29
6.67	0.56	12.28
6.68	0.56	12.31
6.69	0.57	12.31
6.70	0.57	12.29
6.71	0.57	12.30
6.72	0.57	12.31
6.73	0.57	12.34
6.74	0.57	12.33
6.75	0.57	12.31
6.76	0.57	12.32
6.77	0.57	12.33
6.78	0.57	12.33
6.79	0.57	12.30
6.80	0.57	12.30
6.81	0.58	12.31
6.82	0.58	12.31
6.83	0.58	12.29
6.84	0.58	12.31
6.85	0.58	12.36
6.86	0.58	12.36
6.87	0.58	12.35
6.88	0.58	12.36
6.89	0.58	12.37
6.90	0.58	12.35
6.91	0.58	12.35
6.92	0.58	12.36
6.93	0.59	12.31
6.94	0.59	12.31
6.95	0.59	12.33
6.96	0.59	12.33
6.97	0.59	12.34
6.98	0.59	12.34
6.99	0.59	12.38
7.00	0.59	12.37
7.01	0.59	12.35
7.02	0.59	12.35
7.03	0.59	12.34
7.04	0.59	12.34
7.05	0.60	12.33
7.06	0.60	12.32
7.07	0.60	12.31
7.08	0.60	12.31
7.09	0.60	12.33
7.10	0.60	12.36
7.11	0.60	12.35
7.12	0.60	12.34
7.13	0.60	12.37
7.14	0.60	12.38
7.15	0.60	12.37
7.16	0.60	12.37
7.17	0.61	12.37
7.18	0.61	12.35
7.19	0.61	12.33
7.20	0.61	12.36
7.21	0.61	12.37
7.22	0.61	12.37
7.23	0.61	12.38
7.24	0.61	12.40
7.25	0.61	12.42
7.26	0.61	12.38
7.27	0.61	12.36
7.28	0.61	12.37
7.29	0.62	12.38
7.30	0.62	12.39
7.31	0.62	12.36
7.32	0.62	12.35
7.33	0.62	12.36
7.34	0.62	12.39
7.35	0.62	12.42
7.36	0.62	12.38
7.37	0.62	12.38
7.38	0.62	12.40
7.39	0.62	12.43
7.40	0.62	12.44
7.41	0.63	12.40
7.42	0.63	12.39
7.43	0.63	12.39
7.44	0.63	12.39
7.45	0.63	12.37
7.46	0.63	12.38
7.47	0.63	12.40
7.48	0.63	12.41
7.49	0.63	12.40
7.50	0.63	12.42
7.51	0.63	12.42
7.52	0.63	12.40
7.53	0.64	12.44
7.54	0.64	12.43
7.55	0.64	12.41
7.56	0.64	12.43
7.57	0.64	12.44
7.58	0.64	12.41
7.59	0.64	12.39
7.60	0.64	12.41
7.61	0.64	12.42
7.62	0.64	12.45
7.63	0.64	12.47
7.64	0.64	12.49
7.65	0.65	12.49
7.66	0.65	12.49
7.67	0.65	12.48
7.68	0.65	12.48
7.69	0.65	12.48
7.70	0.65	12.48
7.71	0.65	12.50
7.72	0.65	12.51
7.73	0.65	12.51
7.74	0.65	12.50
7.75	0.65	12.51
7.76	0.65	12.53
7.77	0.66	12.55
7.78	0.66	12.58
7.79	0.66	12.57
7.80	0.66	12.57
7.81	0.66	12.60
7.82	0.66	12.62
7.83	0.66	12.62
7.84	0.66	12.60
7.85	0.66	12.60
7.86	0.66	12.63
7.87	0.66	12.66
7.88	0.66	12.67
7.89	0.67	12.72
7.90	0.67	12.76
7.91	0.67	12.78
7.92	0.67	12.77
7.93	0.67	12.78
7.94	0.67	12.81
7.95	0.67	12.82
7.96	0.67	12.82
7.97	0.67	12.82
7.98	0.67	12.82
7.99	0.67	12.84
8.00	0.67	12.88
8.01	0.68	12.91
8.02	0.68	12.92
8.03	0.68	12.97
8.04	0.68	12.98
8.05	0.68	12.96
8.06	0.68	12.98
8.07	0.68	13.01
8.08	0.68	12.99
8.09	0.68	12.98
8.10	0.68	13.01
8.11	0.68	13.03
8.12	0.68	13.04
8.13	0.69	13.06
8.14	0.69	13.08
8.15	0.69	13.08
8.16	0.69	13.09
8.17	0.69	13.06
8.18	0.69	13.04
8.19	0.69	13.02
8.20	0.69	12.99
8.21	0.69	12.97
8.22	0.69	12.97
8.23	0.69	12.96
8.24	0.69	12.92
8.25	0.70	12.88
8.26	0.70	12.89
8.27	0.70	12.93
8.28	0.70	12.91
8.29	0.70	12.88
8.30	0.70	12.90
8.31	0.70	12.92
8.32	0.70	12.91
8.33	0.70	12.90
8.34	0.70	12.94
8.35	0.70	12.97
8.36	0.70	12.99
8.37	0.71	13.02
8.38	0.71	13.06
8.39	0.71	13.13
8.40	0.71	13.20
8.41	0.71	13.24
8.42	0.71	13.29
8.43	0.71	13.35
8.44	0.71	13.43
8.45	0.71	13.50
8.46	0.71	13.55
8.47	0.71	13.62
8.48	0.71	13.68
8.49	0.72	13.76
8.50	0.72	13.85
8.51	0.72	13.89
8.52	0.72	13.93
8.53	0.72	13.98
8.54	0.72	14.02
8.55	0.72	14.05
8.56	0.72	14.09
8.57	0.72	14.11
8.58	0.72	14.14
8.59	0.72	14.19
8.60	0.72	14.21
8.61	0.73	14.26
8.62	0.73	14.33
8.63	0.73	14.37
8.64	0.73	14.39
8.65	0.73	14.41
8.66	0.73	14.46
8.67	0.73	14.51
8.68	0.73	14.54
8.69	0.73	14.54
8.70	0.73	14.55
8.71	0.73	14.56
8.72	0.73	14.59
8.73	0.74	14.63
8.74	0.74	14.63
8.75	0.74	14.64
8.76	0.74	14.64
8.77	0.74	14.65
8.78	0.74	14.69
8.79	0.74	14.69
8.80	0.74	14.69
8.81	0.74	14.69
8.82	0.74	14.69
8.83	0.74	14.69
8.84	0.74	14.66
8.85	0.75	14.65
8.86	0.75	14.66
8.87	0.75	14.68
8.88	0.75	14.69
8.89	0.75	14.71
8.90	0.75	14.71
8.91	0.75	14.70
8.92	0.75	14.73
8.93	0.75	14.73
8.94	0.75	14.77
8.95	0.75	14.79
8.96	0.75	14.80
8.97	0.76	14.83
8.98	0.76	14.82
8.99	0.76	14.81
9.00	0.76	14.83
9.01	0.76	14.85
9.02	0.76	14.84
9.03	0.76	14.85
9.04	0.76	14.88
9.05	0.76	14.89
9.06	0.76	14.93
9.07	0.76	14.98
9.08	0.76	14.98
9.09	0.77	14.98
9.10	0.77	14.99
9.11	0.77	14.98
9.12	0.77	14.96
9.13	0.77	14.98
9.14	0.77	14.98
9.15	0.77	14.99
9.16	0.77	14.99
9.17	0.77	14.97
9.18	0.77	15.00
9.19	0.77	15.02
9.20	0.77	15.02
9.21	0.78	15.02
9.22	0.78	15.02
9.23	0.78	15.02
9.24	0.78	15.01
9.25	0.78	15.04
9.26	0.78	15.02
9.27	0.78	15.01
9.28	0.78	15.03
9.29	0.78	15.03
9.30	0.78	15.02
9.31	0.78	15.02
9.32	0.78	15.04
9.33	0.79	15.04
9.34	0.79	15.06
9.35	0.79	15.07
9.36	0.79	15.05
9.37	0.79	15.09
9.38	0.79	15.08
9.39	0.79	15.08
9.40	0.79	15.10
9.41	0.79	15.10
9.42	0.79	15.09
9.43	0.79	15.09
9.44	0.79	15.12
9.45	0.80	15.13
9.46	0.80	15.13
9.47	0.80	15.11
9.48	0.80	15.10
9.49	0.80	15.11
9.50	0.80	15.12
9.51	0.80	15.12
9.52	0.80	15.11
9.53	0.80	15.12
9.54	0.80	15.11
9.55	0.80	15.10
9.56	0.80	15.12
9.57	0.81	15.11
9.58	0.81	15.12
9.59	0.81	15.10
9.60	0.81	15.10
9.61	0.81	15.11
9.62	0.81	15.11
9.63	0.81	15.13
9.64	0.81	15.13
9.65	0.81	15.12
9.66	0.81	15.09
9.67	0.81	15.10
9.68	0.81	15.13
9.69	0.82	15.13
9.70	0.82	15.14
9.71	0.82	15.12
9.72	0.82	15.12
9.73	0.82	15.12
9.74	0.82	15.12
9.75	0.82	15.13
9.76	0.82	15.13
9.77	0.82	15.16
9.78	0.82	15.14
9.79	0.82	15.14
9.80	0.82	15.16
9.81	0.83	15.16
9.82	0.83	15.16
9.83	0.83	15.17
9.84	0.83	15.18
9.85	0.83	15.19
9.86	0.83	15.21
9.87	0.83	15.23
9.88	0.83	15.26
9.89	0.83	15.26
9.90	0.83	15.26
9.91	0.83	15.28
9.92	0.83	15.28
9.93	0.84	15.28
9.94	0.84	15.29
9.95	0.84	15.30
9.96	0.84	15.29
9.97	0.84	15.30
9.98	0.84	15.32
9.99	0.84	15.34
10.00	0.84	15.34
10.01	0.84	15.35
10.02	0.84	15.38
10.03	0.84	15.39
10.04	0.84	15.40
10.05	0.85	15.39
10.06	0.85	15.39
10.07	0.85	15.41
10.08	0.85	15.40
10.09	0.85	15.38
10.10	0.85	15.39
10.11	0.85	15.40
10.12	0.85	15.40
10.13	0.85	15.39
10.14	0.85	15.39
10.15	0.85	15.38
10.16	0.85	15.39
10.17	0.86	15.41
10.18	0.86	15.41
10.19	0.86	15.45
10.20	0.86	15.45
10.21	0.86	15.45
10.22	0.86	15.45
10.23	0.86	15.44
10.24	0.86	15.45
10.25	0.86	15.46
10.26	0.86	15.47
10.27	0.86	15.48
10.28	0.86	15.48
10.29	0.87	15.46
10.30	0.87	15.49
10.31	0.87	15.49
10.32	0.87	15.49
10.33	0.87	15.51
10.34	0.87	15.52
10.35	0.87	15.57
10.36	0.87	15.57
10.37	0.87	15.55
10.38	0.87	15.58
10.39	0.87	15.57
10.40	0.87	15.57
10.41	0.88	15.61
10.42	0.88	15.64
10.43	0.88	15.64
10.44	0.88	15.65
10.45	0.88	15.68
10.46	0.88	15.69
10.47	0.88	15.69
10.48	0.88	15.72
10.49	0.88	15.73
10.50	0.88	15.72
10.51	0.88	15.73
10.52	0.88	15.74
10.53	0.89	15.72
10.54	0.89	15.73
10.55	0.89	15.76
10.56	0.89	15.80
10.57	0.89	15.80
10.58	0.89	15.80
10.59	0.89	15.84
10.60	0.89	15.82
10.61	0.89	15.84
10.62	0.89	15.87
10.63	0.89	15.90
10.64	0.89	15.94
10.65	0.90	15.94
10.66	0.90	15.94
10.67	0.90	15.93
10.68	0.90	15.96
10.69	0.90	15.96
10.70	0.90	15.95
10.71	0.90	15.96
10.72	0.90	15.97
10.73	0.90	15.99
10.74	0.90	15.95
10.75	0.90	15.96
10.76	0.90	15.99
10.77	0.91	15.96
10.78	0.91	15.98
10.79	0.91	15.96
10.80	0.91	15.98
10.81	0.91	15.98
10.82	0.91	15.95
10.83	0.91	15.98
10.84	0.91	15.99
10.85	0.91	15.99
10.86	0.91	15.99
10.87	0.91	15.99
10.88	0.91	16.00
10.89	0.92	16.01
10.90	0.92	16.01
10.91	0.92	16.01
10.92	0.92	16.03
10.93	0.92	16.00
10.94	0.92	16.01
10.95	0.92	16.02
10.96	0.92	16.02
10.97	0.92	16.04
10.98	0.92	16.03
10.99	0.92	16.03
11.00	0.92	16.03
11.01	0.93	16.03
11.02	0.93	16.05
11.03	0.93	16.04
11.04	0.93	16.03
11.05	0.93	16.03
11.06	0.93	16.03
11.07	0.93	16.02
11.08	0.93	16.04
11.09	0.93	16.04
11.10	0.93	16.04
11.11	0.93	16.05
11.12	0.93	16.05
11.13	0.94	16.06
11.14	0.94	16.06
11.15	0.94	16.05
11.16	0.94	16.05
11.17	0.94	16.04
11.18	0.94	16.04
11.19	0.94	16.06
11.20	0.94	16.08
11.21	0.94	16.06
11.22	0.94	16.05
11.23	0.94	16.04
11.24	0.94	16.06
11.25	0.95	16.06
11.26	0.95	16.09
11.27	0.95	16.11
11.28	0.95	16.09
11.29	0.95	16.10
11.30	0.95	16.10
11.31	0.95	16.12
11.32	0.95	16.14
11.33	0.95	16.13
11.34	0.95	16.13
11.35	0.95	16.13
11.36	0.95	16.15
11.37	0.96	16.16
11.38	0.96	16.17
11.39	0.96	16.19
11.40	0.96	16.20
11.41	0.96	16.25
11.42	0.96	16.29
11.43	0.96	16.31
11.44	0.96	16.33
11.45	0.96	16.34
11.46	0.96	16.36
11.47	0.96	16.34
11.48	0.96	16.32
11.49	0.97	16.36
11.50	0.97	16.36
11.51	0.97	16.37
11.52	0.97	16.39
11.53	0.97	16.41
11.54	0.97	16.45
11.55	0.97	16.47
11.56	0.97	16.49
11.57	0.97	16.52
11.58	0.97	16.55
11.59	0.97	16.57
11.60	0.97	16.59
11.61	0.98	16.60
11.62	0.98	16.61
11.63	0.98	16.63
11.64	0.98	16.65
11.65	0.98	16.68
11.66	0.98	16.68
11.67	0.98	16.70
11.68	0.98	16.74
11.69	0.98	16.73
11.70	0.98	16.74
11.71	0.98	16.77
11.72	0.98	16.79
11.73	0.99	16.82
11.74	0.99	16.84
11.75	0.99	16.88
11.76	0.99	16.91
11.77	0.99	16.95
11.78	0.99	16.96
11.79	0.99	16.98
11.80	0.99	17.07
11.81	0.99	17.16
11.82	0.99	17.23
11.83	0.99	17.28
11.84	0.99	17.36
11.85	1.00	17.41
11.86	1.00	17.46
11.87	1.00	17.51
11.88	1.00	17.57
11.89	1.00	17.64
11.90	1.00	17.69
11.91	1.00	17.75
11.92	1.00	17.82
11.93	1.00	17.90
11.94	1.00	17.98
11.95	1.00	18.10
11.96	1.00	18.22
11.97	1.01	18.35
11.98	1.01	18.48
11.99	1.01	18.61
12.00	1.01	18.74
12.01	1.01	18.87
12.02	1.01	19.00
12.03	1.01	19.10
12.04	1.01	19.22
12.05	1.01	19.36
12.06	1.01	19.51
12.07	1.01	19.69
12.08	1.01	19.82
12.09	1.02	19.96
12.10	1.02	20.12
12.11	1.02	20.28
12.12	1.02	20.42
12.13	1.02	20.55
12.14	1.02	20.70
12.15	1.02	20.86
12.16	1.02	21.00
12.17	1.02	21.13
12.18	1.02	21.28
12.19	1.02	21.47
12.20	1.02	21.60
12.21	1.03	21.72
12.22	1.03	21.88
12.23	1.03	22.05
12.24	1.03	22.17
12.25	1.03	22.31
12.26	1.03	22.48
12.27	1.03	22.65
12.28	1.03	22.83
12.29	1.03	23.00
12.30	1.03	23.18
12.31	1.03	23.36
12.32	1.03	23.53
12.33	1.04	23.74
12.34	1.04	23.89
12.35	1.04	24.07
12.36	1.04	24.29
12.37	1.04	24.48
12.38	1.04	24.62
12.39	1.04	24.79
12.40	1.04	24.96
12.41	1.04	25.12
12.42	1.04	25.30
12.43	1.04	25.47
12.44	1.04	25.64
12.45	1.05	25.82
12.46	1.05	26.01
12.47	1.05	26.20
12.48	1.05	26.37
12.49	1.05	26.56
12.50	1.05	26.76
12.51	1.05	26.94
12.52	1.05	27.13
12.53	1.05	27.30
12.54	1.05	27.44
12.55	1.05	27.62
12.56	1.05	27.81
12.57	1.06	27.97
12.58	1.06	28.16
12.59	1.06	28.37
12.60	1.06	28.55
12.61	1.06	28.74
12.62	1.06	28.92
12.63	1.06	29.12
12.64	1.06	29.31
12.65	1.06	29.50
12.66	1.06	29.70
12.67	1.06	29.87
12.68	1.06	30.05
12.69	1.07	30.24
12.70	1.07	30.45
12.71	1.07	30.63
12.72	1.07	30.80
12.73	1.07	30.99
12.74	1.07	31.16
12.75	1.07	31.34
12.76	1.07	31.53
12.77	1.07	31.73
12.78	1.07	31.92
12.79	1.07	32.10
12.80	1.07	32.33
12.81	1.08	32.51
12.82	1.08	32.68
12.83	1.08	32.87
12.84	1.08	33.06
12.85	1.08	33.25
12.86	1.08	33.42
12.87	1.08	33.60
12.88	1.08	33.78
12.89	1.08	33.97
12.90	1.08	34.15
12.91	1.08	34.32
12.92	1.08	34.51
12.93	1.09	34.70
12.94	1.09	34.88
12.95	1.09	35.06
12.96	1.09	35.25
12.97	1.09	35.43
12.98	1.09	35.61
12.99	1.09	35.78
13.00	1.09	35.95
13.01	1.09	36.13
13.02	1.09	36.29
13.03	1.09	36.46
13.04	1.09	36.65
13.05	1.10	36.81
13.06	1.10	36.97
13.07	1.10	37.17
13.08	1.10	37.39
13.09	1.10	37.56
13.10	1.10	37.72
13.11	1.10	37.87
13.12	1.10	38.00
13.13	1.10	38.14
13.14	1.10	38.32
13.15	1.10	38.49
13.16	1.10	38.66
13.17	1.11	38.84
13.18	1.11	39.02
13.19	1.11	39.18
13.20	1.11	39.36
13.21	1.11	39.56
13.22	1.11	39.76
13.23	1.11	39.92
13.24	1.11	40.09
13.25	1.11	40.27
13.26	1.11	40.46
13.27	1.11	40.65
13.28	1.11	40.84
13.29	1.12	41.04
13.30	1.12	41.21
13.31	1.12	41.39
13.32	1.12	41.58
13.33	1.12	41.74
13.34	1.12	41.93
13.35	1.12	42.10
13.36	1.12	42.26
13.37	1.12	42.46
13.38	1.12	42.65
13.39	1.12	42.83
13.40	1.12	43.02
13.41	1.13	43.19
13.42	1.13	43.39
13.43	1.13	43.57
13.44	1.13	43.73
13.45	1.13	43.93
13.46	1.13	44.11
13.47	1.13	44.26
13.48	1.13	44.44
13.49	1.13	44.62
13.50	1.13	44.81
13.51	1.13	44.99
13.52	1.13	45.17
13.53	1.14	45.33
13.54	1.14	45.49
13.55	1.14	45.68
13.56	1.14	45.87
13.57	1.14	46.04
13.58	1.14	46.22
13.59	1.14	46.42
13.60	1.14	46.60
13.61	1.14	46.76
13.62	1.14	46.95
13.63	1.14	47.13
13.64	1.14	47.29
13.65	1.15	47.45
13.66	1.15	47.63
13.67	1.15	47.80
13.68	1.15	47.99
13.69	1.15	48.18
13.70	1.15	48.35
13.71	1.15	48.52
13.72	1.15	48.71
13.73	1.15	48.87
13.74	1.15	49.05
13.75	1.15	49.25
13.76	1.15	49.43
13.77	1.16	49.60
13.78	1.16	49.78
13.79	1.16	49.97
13.80	1.16	50.13
13.81	1.16	50.30
13.82	1.16	50.46
13.83	1.16	50.63
13.84	1.16	50.82
13.85	1.16	51.00
13.86	1.16	51.18
13.87	1.16	51.36
13.88	1.16	51.54
13.89	1.17	51.71
13.90	1.17	51.91
13.91	1.17	52.09
13.92	1.17	52.24
13.93	1.17	52.42
13.94	1.17	52.60
13.95	1.17	52.76
13.96	1.17	52.93
13.97	1.17	53.10
13.98	1.17	53.24
13.99	1.17	53.40
14.00	1.17	53.60
14.01	1.18	53.79
14.02	1.18	53.96
14.03	1.18	54.12
14.04	1.18	54.31
14.05	1.18	54.50
14.06	1.18	54.66
14.07	1.18	54.83
14.08	1.18	54.98
14.09	1.18	55.12
14.10	1.18	55.29
14.11	1.18	55.46
14.12	1.18	55.59
14.13	1.19	55.77
14.14	1.19	55.94
14.15	1.19	56.10
14.16	1.19	56.29
14.17	1.19	56.46
14.18	1.19	56.62
14.19	1.19	56.79
14.20	1.19	56.97
14.21	1.19	57.15
14.22	1.19	57.32
14.23	1.19	57.49
14.24	1.19	57.64
14.25	1.20	57.78
14.26	1.20	57.94
14.27	1.20	58.10
14.28	1.20	58.28
14.29	1.20	58.45
14.30	1.20	58.64
14.31	1.20	58.81
14.32	1.20	58.94
14.33	1.20	59.10
14.34	1.20	59.29
14.35	1.20	59.47
14.36	1.20	59.63
14.37	1.21	59.81
14.38	1.21	59.97
14.39	1.21	60.15
14.40	1.21	60.32
14.41	1.21	60.45
14.42	1.21	60.59
14.43	1.21	60.76
14.44	1.21	60.92
14.45	1.21	61.12
14.46	1.21	61.31
14.47	1.21	61.45
14.48	1.21	61.60
14.49	1.22	61.77
14.50	1.22	61.95
14.51	1.22	62.11
14.52	1.22	62.27
14.53	1.22	62.44
14.54	1.22	62.60
14.55	1.22	62.74
14.56	1.22	62.89
14.57	1.22	63.06
14.58	1.22	63.23
14.59	1.22	63.38
14.60	1.22	63.51
14.61	1.23	63.66
14.62	1.23	63.80
14.63	1.23	63.97
14.64	1.23	64.14
14.65	1.23	64.30
14.66	1.23	64.48
14.67	1.23	64.63
14.68	1.23	64.77
14.69	1.23	64.93
14.70	1.23	65.09
14.71	1.23	65.23
14.72	1.23	65.36
14.73	1.24	65.51
14.74	1.24	65.69
14.75	1.24	65.83
14.76	1.24	65.95
14.77	1.24	66.10
14.78	1.24	66.28
14.79	1.24	66.45
14.80	1.24	66.59
14.81	1.24	66.74
14.82	1.24	66.89
14.83	1.24	67.02
14.84	1.24	67.16
14.85	1.25	67.32
14.86	1.25	67.47
14.87	1.25	67.61
14.88	1.25	67.74
14.89	1.25	67.86
14.90	1.25	68.03
14.91	1.25	68.19
14.92	1.25	68.35
14.93	1.25	68.50
14.94	1.25	68.64
14.95	1.25	68.81
14.96	1.25	68.96
14.97	1.26	69.08
14.98	1.26	69.23
14.99	1.26	69.38
15.00	1.26	69.54
15.01	1.26	69.67
15.02	1.26	43.99
15.03	1.26	11.30
