0.01	0.01	1.82
0.02	0.01	1.93
0.03	0.01	1.96
0.04	0.01	1.99
0.05	0.01	2.01
0.06	0.01	2.08
0.07	0.01	2.17
0.08	0.02	2.28
0.09	0.02	2.41
0.10	0.02	2.51
0.11	0.02	2.56
0.12	0.02	2.62
0.13	0.02	2.71
0.14	0.02	2.77
0.15	0.02	2.84
0.16	0.02	2.91
0.17	0.02	2.96
0.18	0.02	3.03
0.19	0.02	3.09
0.20	0.03	3.15
0.21	0.03	3.20
0.22	0.03	3.26
0.23	0.03	3.34
0.24	0.03	3.39
0.25	0.03	3.43
0.26	0.03	3.46
0.27	0.03	3.50
0.28	0.03	3.55
0.29	0.03	3.59
0.30	0.03	3.63
0.31	0.03	3.68
0.32	0.04	3.76
0.33	0.04	3.82
0.34	0.04	3.87
0.35	0.04	3.93
0.36	0.04	3.98
0.37	0.04	4.00
0.38	0.04	4.02
0.39	0.04	4.09
0.40	0.04	4.14
0.41	0.04	4.18
0.42	0.04	4.25
0.43	0.04	4.29
0.44	0.05	4.37
0.45	0.05	4.44
0.46	0.05	4.49
0.47	0.05	4.56
0.48	0.05	4.63
0.49	0.05	4.66
0.50	0.05	4.69
0.51	0.05	4.76
0.52	0.05	4.83
0.53	0.05	4.87
0.54	0.05	4.91
0.55	0.05	4.97
0.56	0.06	5.03
0.57	0.06	5.10
0.58	0.06	5.19
0.59	0.06	5.24
0.60	0.06	5.27
0.61	0.06	5.35
0.62	0.06	5.40
0.63	0.06	5.45
0.64	0.06	5.49
0.65	0.06	5.51
0.66	0.06	5.57
0.67	0.06	5.63
0.68	0.07	5.67
0.69	0.07	5.73
0.70	0.07	5.80
0.71	0.07	5.83
0.72	0.07	5.90
0.73	0.07	5.98
0.74	0.07	6.01
0.75	0.07	6.06
0.76	0.07	6.13
0.77	0.07	6.16
0.78	0.07	6.15
0.79	0.07	6.09
0.80	0.08	5.98
0.81	0.08	5.94
0.82	0.08	6.04
0.83	0.08	6.18
0.84	0.08	6.29
0.85	0.08	6.27
0.86	0.08	6.18
0.87	0.08	6.19
0.88	0.08	6.30
0.89	0.08	6.40
0.90	0.08	6.36
0.91	0.08	6.30
0.92	0.09	6.39
0.93	0.09	6.51
0.94	0.09	6.51
0.95	0.09	6.47
0.96	0.09	6.53
0.97	0.09	6.61
0.98	0.09	6.57
0.99	0.09	6.57
1.00	0.09	6.63
1.01	0.09	6.63
1.02	0.09	6.61
1.03	0.09	6.71
1.04	0.10	6.71
1.05	0.10	6.64
1.06	0.10	6.72
1.07	0.10	6.74
1.08	0.10	6.70
1.09	0.10	6.75
1.10	0.10	6.77
1.11	0.10	6.75
1.12	0.10	6.82
1.13	0.10	6.81
1.14	0.10	6.76
1.15	0.10	6.83
1.16	0.11	6.84
1.17	0.11	6.82
1.18	0.11	6.89
1.19	0.11	6.90
1.20	0.11	6.90
1.21	0.11	6.95
1.22	0.11	6.93
1.23	0.11	6.92
1.24	0.11	6.97
1.25	0.11	7.00
1.26	0.11	7.01
1.27	0.11	7.04
1.28	0.12	7.05
1.29	0.12	7.06
1.30	0.12	7.08
1.31	0.12	7.09
1.32	0.12	7.11
1.33	0.12	7.13
1.34	0.12	7.16
1.35	0.12	7.18
1.36	0.12	7.18
1.37	0.12	7.22
1.38	0.12	7.25
1.39	0.12	7.24
1.40	0.13	7.28
1.41	0.13	7.32
1.42	0.13	7.28
1.43	0.13	7.32
1.44	0.13	7.35
1.45	0.13	7.33
1.46	0.13	7.37
1.47	0.13	7.38
1.48	0.13	7.36
1.49	0.13	7.42
1.50	0.13	7.47
1.51	0.13	7.45
1.52	0.14	7.47
1.53	0.14	7.51
1.54	0.14	7.52
1.55	0.14	7.55
1.56	0.14	7.58
1.57	0.14	7.60
1.58	0.14	7.60
1.59	0.14	7.63
1.60	0.14	7.63
1.61	0.14	7.68
1.62	0.14	7.82
1.63	0.14	7.95
1.64	0.15	8.09
1.65	0.15	8.23
1.66	0.15	8.36
1.67	0.15	8.48
1.68	0.15	8.60
1.69	0.15	8.69
1.70	0.15	8.77
1.71	0.15	8.85
1.72	0.15	8.87
1.73	0.15	8.88
1.74	0.15	8.89
1.75	0.15	8.88
1.76	0.16	8.83
1.77	0.16	8.87
1.78	0.16	9.00
1.79	0.16	9.04
1.80	0.16	9.02
1.81	0.16	9.05
1.82	0.16	9.06
1.83	0.16	9.09
1.84	0.16	9.15
1.85	0.16	9.14
1.86	0.16	9.11
1.87	0.16	9.10
1.88	0.17	9.11
1.89	0.17	9.14
1.90	0.17	9.18
1.91	0.17	9.15
1.92	0.17	9.14
1.93	0.17	9.17
1.94	0.17	9.20
1.95	0.17	9.25
1.96	0.17	9.24
1.97	0.17	9.22
1.98	0.17	9.20
1.99	0.17	9.21
2.00	0.18	9.24
2.01	0.18	9.26
2.02	0.18	9.25
2.03	0.18	9.22
2.04	0.18	9.21
2.05	0.18	9.27
2.06	0.18	9.33
2.07	0.18	9.35
2.08	0.18	9.33
2.09	0.18	9.31
2.10	0.18	9.33
2.11	0.18	9.37
2.12	0.19	9.39
2.13	0.19	9.34
2.14	0.19	9.29
2.15	0.19	9.31
2.16	0.19	9.40
2.17	0.19	9.44
2.18	0.19	9.42
2.19	0.19	9.37
2.20	0.19	9.36
2.21	0.19	9.41
2.22	0.19	9.44
2.23	0.19	9.42
2.24	0.20	9.37
2.25	0.20	9.33
2.26	0.20	9.34
2.27	0.20	9.42
2.28	0.20	9.47
2.29	0.20	9.44
2.30	0.20	9.38
2.31	0.20	9.36
2.32	0.20	9.46
2.33	0.20	9.53
2.34	0.20	9.45
2.35	0.20	9.36
2.36	0.21	9.36
2.37	0.21	9.41
2.38	0.21	9.47
2.39	0.21	9.43
2.40	0.21	9.29
2.41	0.21	9.27
2.42	0.21	9.41
2.43	0.21	9.49
2.44	0.21	9.48
2.45	0.21	9.41
2.46	0.21	9.34
2.47	0.21	9.38
2.48	0.22	9.50
2.49	0.22	9.50
2.50	0.22	9.37
2.51	0.22	9.30
2.52	0.22	9.30
2.53	0.22	9.42
2.54	0.22	9.48
2.55	0.22	9.36
2.56	0.22	9.26
2.57	0.22	9.33
2.58	0.22	9.48
2.59	0.22	9.57
2.60	0.23	9.49
2.61	0.23	9.29
2.62	0.23	9.24
2.63	0.23	9.37
2.64	0.23	9.48
2.65	0.23	9.44
2.66	0.23	9.33
2.67	0.23	9.26
2.68	0.23	9.32
2.69	0.23	9.46
2.70	0.23	9.53
2.71	0.23	9.46
2.72	0.24	9.37
2.73	0.24	9.32
2.74	0.24	9.40
2.75	0.24	9.54
2.76	0.24	9.49
2.77	0.24	9.34
2.78	0.24	9.25
2.79	0.24	9.34
2.80	0.24	9.47
2.81	0.24	9.51
2.82	0.24	9.45
2.83	0.24	9.32
2.84	0.25	9.34
2.85	0.25	9.47
2.86	0.25	9.56
2.87	0.25	9.55
2.88	0.25	9.39
2.89	0.25	9.23
2.90	0.25	9.28
2.91	0.25	9.45
2.92	0.25	9.51
2.93	0.25	9.37
2.94	0.25	9.21
2.95	0.25	9.18
2.96	0.26	9.30
2.97	0.26	9.43
2.98	0.26	9.41
2.99	0.26	9.28
3.00	0.26	9.19
3.01	0.26	9.23
3.02	0.26	9.41
3.03	0.26	9.49
3.04	0.26	9.36
3.05	0.26	9.18
3.06	0.26	9.14
3.07	0.26	9.27
3.08	0.27	9.42
3.09	0.27	9.40
3.10	0.27	9.30
3.11	0.27	9.19
3.12	0.27	9.26
3.13	0.27	9.42
3.14	0.27	9.48
3.15	0.27	9.40
3.16	0.27	9.18
3.17	0.27	9.09
3.18	0.27	9.23
3.19	0.27	9.42
3.20	0.28	9.45
3.21	0.28	9.28
3.22	0.28	9.13
3.23	0.28	9.15
3.24	0.28	9.34
3.25	0.28	9.47
3.26	0.28	9.34
3.27	0.28	9.17
3.28	0.28	9.10
3.29	0.28	9.19
3.30	0.28	9.38
3.31	0.28	9.43
3.32	0.29	9.32
3.33	0.29	9.19
3.34	0.29	9.18
3.35	0.29	9.34
3.36	0.29	9.50
3.37	0.29	9.46
3.38	0.29	9.31
3.39	0.29	9.14
3.40	0.29	9.13
3.41	0.29	9.32
3.42	0.29	9.43
3.43	0.29	9.34
3.44	0.30	9.18
3.45	0.30	9.16
3.46	0.30	9.30
3.47	0.30	9.47
3.48	0.30	9.51
3.49	0.30	9.39
3.50	0.30	9.22
3.51	0.30	9.18
3.52	0.30	9.34
3.53	0.30	9.47
3.54	0.30	9.41
3.55	0.30	9.24
3.56	0.31	9.15
3.57	0.31	9.23
3.58	0.31	9.40
3.59	0.31	9.50
3.60	0.31	9.39
3.61	0.31	9.21
3.62	0.31	9.16
3.63	0.31	9.32
3.64	0.31	9.51
3.65	0.31	9.45
3.66	0.31	9.25
3.67	0.31	9.10
3.68	0.32	9.15
3.69	0.32	9.33
3.70	0.32	9.40
3.71	0.32	9.33
3.72	0.32	9.21
3.73	0.32	9.16
3.74	0.32	9.27
3.75	0.32	9.43
3.76	0.32	9.45
3.77	0.32	9.31
3.78	0.32	9.16
3.79	0.32	9.16
3.80	0.33	9.29
3.81	0.33	9.42
3.82	0.33	9.37
3.83	0.33	9.22
3.84	0.33	9.16
3.85	0.33	9.25
3.86	0.33	9.40
3.87	0.33	9.48
3.88	0.33	9.39
3.89	0.33	9.26
3.90	0.33	9.21
3.91	0.33	9.31
3.92	0.34	9.45
3.93	0.34	9.40
3.94	0.34	9.25
3.95	0.34	9.19
3.96	0.34	9.26
3.97	0.34	9.41
3.98	0.34	9.48
3.99	0.34	9.37
4.00	0.34	9.23
4.01	0.34	9.22
4.02	0.34	9.34
4.03	0.34	9.46
4.04	0.35	9.40
4.05	0.35	9.23
4.06	0.35	9.16
4.07	0.35	9.24
4.08	0.35	9.41
4.09	0.35	9.46
4.10	0.35	9.34
4.11	0.35	9.23
4.12	0.35	9.24
4.13	0.35	9.38
4.14	0.35	9.45
4.15	0.35	9.37
4.16	0.36	9.22
4.17	0.36	9.18
4.18	0.36	9.27
4.19	0.36	9.40
4.20	0.36	9.44
4.21	0.36	9.35
4.22	0.36	9.25
4.23	0.36	9.28
4.24	0.36	9.40
4.25	0.36	9.48
4.26	0.36	9.45
4.27	0.36	9.34
4.28	0.37	9.25
4.29	0.37	9.33
4.30	0.37	9.47
4.31	0.37	9.46
4.32	0.37	9.34
4.33	0.37	9.21
4.34	0.37	9.27
4.35	0.37	9.46
4.36	0.37	9.52
4.37	0.37	9.42
4.38	0.37	9.34
4.39	0.37	9.36
4.40	0.38	9.45
4.41	0.38	9.54
4.42	0.38	9.47
4.43	0.38	9.31
4.44	0.38	9.27
4.45	0.38	9.36
4.46	0.38	9.49
4.47	0.38	9.51
4.48	0.38	9.36
4.49	0.38	9.29
4.50	0.38	9.35
4.51	0.38	9.50
4.52	0.39	9.52
4.53	0.39	9.39
4.54	0.39	9.27
4.55	0.39	9.28
4.56	0.39	9.41
4.57	0.39	9.50
4.58	0.39	9.42
4.59	0.39	9.28
4.60	0.39	9.28
4.61	0.39	9.39
4.62	0.39	9.52
4.63	0.39	9.49
4.64	0.40	9.35
4.65	0.40	9.27
4.66	0.40	9.34
4.67	0.40	9.48
4.68	0.40	9.49
4.69	0.40	9.33
4.70	0.40	9.24
4.71	0.40	9.29
4.72	0.40	9.44
4.73	0.40	9.53
4.74	0.40	9.42
4.75	0.41	9.28
4.76	0.41	9.28
4.77	0.41	9.43
4.78	0.41	9.55
4.79	0.41	9.48
4.80	0.41	9.29
4.81	0.41	9.25
4.82	0.41	9.37
4.83	0.41	9.50
4.84	0.41	9.48
4.85	0.41	9.35
4.86	0.41	9.29
4.87	0.41	9.35
4.88	0.42	9.50
4.89	0.42	9.53
4.90	0.42	9.41
4.91	0.42	9.30
4.92	0.42	9.32
4.93	0.42	9.42
4.94	0.42	9.50
4.95	0.42	9.42
4.96	0.42	9.30
4.97	0.42	9.32
4.98	0.42	9.44
4.99	0.42	9.54
5.00	0.43	9.49
5.01	0.43	9.35
5.02	0.43	9.30
5.03	0.43	9.39
5.04	0.43	9.52
5.05	0.43	9.53
5.06	0.43	9.40
5.07	0.43	9.28
5.08	0.43	9.32
5.09	0.43	9.48
5.10	0.43	9.56
5.11	0.43	9.44
5.12	0.44	9.34
5.13	0.44	9.37
5.14	0.44	9.47
5.15	0.44	9.58
5.16	0.44	9.50
5.17	0.44	9.34
5.18	0.44	9.31
5.19	0.44	9.38
5.20	0.44	9.46
5.21	0.44	9.48
5.22	0.44	9.39
5.23	0.44	9.31
5.24	0.45	9.36
5.25	0.45	9.46
5.26	0.45	9.54
5.27	0.45	9.49
5.28	0.45	9.37
5.29	0.45	9.33
5.30	0.45	9.38
5.31	0.45	9.47
5.32	0.45	9.48
5.33	0.45	9.40
5.34	0.45	9.34
5.35	0.45	9.36
5.36	0.46	9.45
5.37	0.46	9.51
5.38	0.46	9.50
5.39	0.46	9.44
5.40	0.46	9.43
5.41	0.46	9.46
5.42	0.46	9.52
5.43	0.46	9.54
5.44	0.46	9.47
5.45	0.46	9.44
5.46	0.46	9.42
5.47	0.46	9.47
5.48	0.47	9.56
5.49	0.47	9.59
5.50	0.47	9.55
5.51	0.47	9.47
5.52	0.47	9.48
5.53	0.47	9.54
5.54	0.47	9.58
5.55	0.47	9.60
5.56	0.47	9.54
5.57	0.47	9.51
5.58	0.47	9.52
5.59	0.47	9.55
5.60	0.48	9.57
5.61	0.48	9.61
5.62	0.48	9.63
5.63	0.48	9.60
5.64	0.48	9.60
5.65	0.48	9.60
5.66	0.48	9.61
5.67	0.48	9.64
5.68	0.48	9.62
5.69	0.48	9.62
5.70	0.48	9.63
5.71	0.48	9.65
5.72	0.49	9.66
5.73	0.49	9.65
5.74	0.49	9.67
5.75	0.49	9.69
5.76	0.49	9.69
5.77	0.49	9.68
5.78	0.49	9.70
5.79	0.49	9.73
5.80	0.49	9.70
5.81	0.49	9.68
5.82	0.49	9.72
5.83	0.49	9.74
5.84	0.50	9.74
5.85	0.50	9.74
5.86	0.50	9.77
5.87	0.50	9.78
5.88	0.50	9.78
5.89	0.50	9.78
5.90	0.50	9.76
5.91	0.50	9.78
5.92	0.50	9.80
5.93	0.50	9.78
5.94	0.50	9.75
5.95	0.50	9.76
5.96	0.51	9.77
5.97	0.51	9.79
5.98	0.51	9.84
5.99	0.51	9.86
6.00	0.51	9.85
6.01	0.51	9.86
6.02	0.51	9.88
6.03	0.51	9.89
6.04	0.51	9.90
6.05	0.51	9.91
6.06	0.51	9.94
6.07	0.51	9.99
6.08	0.52	10.04
6.09	0.52	10.08
6.10	0.52	10.13
6.11	0.52	10.20
6.12	0.52	10.26
6.13	0.52	10.32
6.14	0.52	10.39
6.15	0.52	10.47
6.16	0.52	10.52
6.17	0.52	10.55
6.18	0.52	10.63
6.19	0.52	10.68
6.20	0.53	10.73
6.21	0.53	10.78
6.22	0.53	10.80
6.23	0.53	10.81
6.24	0.53	10.87
6.25	0.53	10.91
6.26	0.53	10.94
6.27	0.53	10.96
6.28	0.53	10.97
6.29	0.53	10.98
6.30	0.53	11.01
6.31	0.53	11.04
6.32	0.54	11.07
6.33	0.54	11.08
6.34	0.54	11.08
6.35	0.54	11.12
6.36	0.54	11.13
6.37	0.54	11.12
6.38	0.54	11.12
6.39	0.54	11.15
6.40	0.54	11.16
6.41	0.54	11.18
6.42	0.54	11.18
6.43	0.54	11.19
6.44	0.55	11.21
6.45	0.55	11.20
6.46	0.55	11.21
6.47	0.55	11.21
6.48	0.55	11.21
6.49	0.55	11.24
6.50	0.55	11.25
6.51	0.55	11.24
6.52	0.55	11.25
6.53	0.55	11.27
6.54	0.55	11.29
6.55	0.55	11.32
6.56	0.56	11.35
6.57	0.56	11.34
6.58	0.56	11.36
6.59	0.56	11.36
6.60	0.56	11.39
6.61	0.56	11.41
6.62	0.56	11.40
6.63	0.56	11.45
6.64	0.56	11.44
6.65	0.56	11.46
6.66	0.56	11.48
6.67	0.56	11.47
6.68	0.57	11.49
6.69	0.57	11.48
6.70	0.57	11.47
6.71	0.57	11.45
6.72	0.57	11.43
6.73	0.57	11.44
6.74	0.57	11.46
6.75	0.57	11.48
6.76	0.57	11.48
6.77	0.57	11.47
6.78	0.57	11.46
6.79	0.57	11.47
6.80	0.58	11.48
6.81	0.58	11.49
6.82	0.58	11.48
6.83	0.58	11.49
6.84	0.58	11.51
6.85	0.58	11.52
6.86	0.58	11.53
6.87	0.58	11.60
6.88	0.58	11.65
6.89	0.58	11.67
6.90	0.58	11.69
6.91	0.58	11.70
6.92	0.59	11.68
6.93	0.59	11.69
6.94	0.59	11.69
6.95	0.59	11.70
6.96	0.59	11.71
6.97	0.59	11.70
6.98	0.59	11.70
6.99	0.59	11.71
7.00	0.59	11.70
7.01	0.59	11.70
7.02	0.59	11.73
7.03	0.59	11.72
7.04	0.60	11.71
7.05	0.60	11.70
7.06	0.60	11.73
7.07	0.60	11.73
7.08	0.60	11.71
7.09	0.60	11.71
7.10	0.60	11.71
7.11	0.60	11.72
7.12	0.60	11.74
7.13	0.60	11.73
7.14	0.60	11.73
7.15	0.60	11.73
7.16	0.61	11.71
7.17	0.61	11.75
7.18	0.61	11.74
7.19	0.61	11.74
7.20	0.61	11.74
7.21	0.61	11.76
7.22	0.61	11.79
7.23	0.61	11.78
7.24	0.61	11.77
7.25	0.61	11.77
7.26	0.61	11.78
7.27	0.61	11.78
7.28	0.62	11.77
7.29	0.62	11.77
7.30	0.62	11.79
7.31	0.62	11.80
7.32	0.62	11.80
7.33	0.62	11.81
7.34	0.62	11.83
7.35	0.62	11.84
7.36	0.62	11.85
7.37	0.62	11.84
7.38	0.62	11.85
7.39	0.62	11.86
7.40	0.63	11.85
7.41	0.63	11.87
7.42	0.63	11.88
7.43	0.63	11.90
7.44	0.63	11.94
7.45	0.63	11.96
7.46	0.63	11.96
7.47	0.63	12.01
7.48	0.63	12.01
7.49	0.63	12.01
7.50	0.63	12.02
7.51	0.63	11.99
7.52	0.64	12.00
7.53	0.64	12.01
7.54	0.64	12.03
7.55	0.64	12.05
7.56	0.64	12.02
7.57	0.64	12.02
7.58	0.64	12.01
7.59	0.64	12.02
7.60	0.64	12.05
7.61	0.64	12.06
7.62	0.64	12.06
7.63	0.64	12.04
7.64	0.65	12.03
7.65	0.65	12.04
7.66	0.65	12.08
7.67	0.65	12.07
7.68	0.65	12.06
7.69	0.65	12.07
7.70	0.65	12.03
7.71	0.65	12.05
7.72	0.65	12.03
7.73	0.65	12.06
7.74	0.65	12.08
7.75	0.65	12.04
7.76	0.66	12.07
7.77	0.66	12.10
7.78	0.66	12.09
7.79	0.66	12.07
7.80	0.66	12.08
7.81	0.66	12.07
7.82	0.66	12.08
7.83	0.66	12.10
7.84	0.66	12.09
7.85	0.66	12.11
7.86	0.66	12.10
7.87	0.66	12.09
7.88	0.67	12.12
7.89	0.67	12.13
7.90	0.67	12.16
7.91	0.67	12.13
7.92	0.67	12.12
7.93	0.67	12.14
7.94	0.67	12.13
7.95	0.67	12.13
7.96	0.67	12.13
7.97	0.67	12.15
7.98	0.67	12.15
7.99	0.67	12.14
8.00	0.68	12.13
8.01	0.68	12.16
8.02	0.68	12.19
8.03	0.68	12.17
8.04	0.68	12.18
8.05	0.68	12.19
8.06	0.68	12.20
8.07	0.68	12.19
8.08	0.68	12.18
8.09	0.68	12.20
8.10	0.68	12.19
8.11	0.68	12.21
8.12	0.69	12.22
8.13	0.69	12.23
8.14	0.69	12.24
8.15	0.69	12.25
8.16	0.69	12.26
8.17	0.69	12.26
8.18	0.69	12.26
8.19	0.69	12.26
8.20	0.69	12.27
8.21	0.69	12.29
8.22	0.69	12.30
8.23	0.69	12.30
8.24	0.70	12.31
8.25	0.70	12.31
8.26	0.70	12.33
8.27	0.70	12.36
8.28	0.70	12.36
8.29	0.70	12.38
8.30	0.70	12.41
8.31	0.70	12.44
8.32	0.70	12.45
8.33	0.70	12.46
8.34	0.70	12.47
8.35	0.70	12.48
8.36	0.71	12.51
8.37	0.71	12.53
8.38	0.71	12.53
8.39	0.71	12.57
8.40	0.71	12.58
8.41	0.71	12.58
8.42	0.71	12.58
8.43	0.71	12.61
8.44	0.71	12.63
8.45	0.71	12.62
8.46	0.71	12.63
8.47	0.71	12.64
8.48	0.72	12.64
8.49	0.72	12.63
8.50	0.72	12.64
8.51	0.72	12.68
8.52	0.72	12.66
8.53	0.72	12.65
8.54	0.72	12.64
8.55	0.72	12.66
8.56	0.72	12.71
8.57	0.72	12.70
8.58	0.72	12.70
8.59	0.72	12.68
8.60	0.73	12.69
8.61	0.73	12.71
8.62	0.73	12.71
8.63	0.73	12.76
8.64	0.73	12.80
8.65	0.73	12.84
8.66	0.73	12.85
8.67	0.73	12.85
8.68	0.73	12.86
8.69	0.73	12.86
8.70	0.73	12.89
8.71	0.73	12.89
8.72	0.74	12.89
8.73	0.74	12.89
8.74	0.74	12.88
8.75	0.74	12.92
8.76	0.74	12.92
8.77	0.74	12.93
8.78	0.74	12.91
8.79	0.74	12.91
8.80	0.74	12.92
8.81	0.74	12.92
8.82	0.74	12.92
8.83	0.74	12.92
8.84	0.75	12.95
8.85	0.75	12.96
8.86	0.75	12.97
8.87	0.75	12.98
8.88	0.75	12.97
8.89	0.75	12.99
8.90	0.75	13.02
8.91	0.75	13.02
8.92	0.75	13.02
8.93	0.75	13.03
8.94	0.75	13.03
8.95	0.76	13.05
8.96	0.76	13.04
8.97	0.76	13.03
8.98	0.76	13.06
8.99	0.76	13.06
9.00	0.76	13.08
9.01	0.76	13.08
9.02	0.76	13.06
9.03	0.76	13.05
9.04	0.76	13.04
9.05	0.76	13.07
9.06	0.76	13.08
9.07	0.76	13.08
9.08	0.77	13.08
9.09	0.77	13.09
9.10	0.77	13.11
9.11	0.77	13.09
9.12	0.77	13.09
9.13	0.77	13.10
9.14	0.77	13.09
9.15	0.77	13.09
9.16	0.77	13.11
9.17	0.77	13.13
9.18	0.77	13.14
9.19	0.77	13.15
9.20	0.78	13.13
9.21	0.78	13.14
9.22	0.78	13.16
9.23	0.78	13.19
9.24	0.78	13.24
9.25	0.78	13.26
9.26	0.78	13.28
9.27	0.78	13.29
9.28	0.78	13.34
9.29	0.78	13.36
9.30	0.78	13.35
9.31	0.78	13.38
9.32	0.79	13.40
9.33	0.79	13.42
9.34	0.79	13.43
9.35	0.79	13.44
9.36	0.79	13.44
9.37	0.79	13.46
9.38	0.79	13.50
9.39	0.79	13.52
9.40	0.79	13.57
9.41	0.79	13.62
9.42	0.79	13.65
9.43	0.79	13.65
9.44	0.80	13.65
9.45	0.80	13.68
9.46	0.80	13.73
9.47	0.80	13.82
9.48	0.80	13.91
9.49	0.80	13.98
9.50	0.80	14.07
9.51	0.80	14.10
9.52	0.80	14.11
9.53	0.80	14.14
9.54	0.80	14.18
9.55	0.80	14.24
9.56	0.81	14.28
9.57	0.81	14.34
9.58	0.81	14.37
9.59	0.81	14.42
9.60	0.81	14.46
9.61	0.81	14.49
9.62	0.81	14.49
9.63	0.81	14.49
9.64	0.81	14.51
9.65	0.81	14.55
9.66	0.81	14.60
9.67	0.81	14.63
9.68	0.82	14.69
9.69	0.82	14.79
9.70	0.82	14.89
9.71	0.82	14.96
9.72	0.82	15.03
9.73	0.82	15.13
9.74	0.82	15.22
9.75	0.82	15.30
9.76	0.82	15.40
9.77	0.82	15.48
9.78	0.82	15.56
9.79	0.82	15.63
9.80	0.83	15.70
9.81	0.83	15.78
9.82	0.83	15.89
9.83	0.83	15.99
9.84	0.83	16.09
9.85	0.83	16.19
9.86	0.83	16.29
9.87	0.83	16.42
9.88	0.83	16.55
9.89	0.83	16.67
9.90	0.83	16.79
9.91	0.83	16.91
9.92	0.84	17.04
9.93	0.84	17.15
9.94	0.84	17.27
9.95	0.84	17.40
9.96	0.84	17.52
9.97	0.84	17.65
9.98	0.84	17.76
9.99	0.84	17.90
10.00	0.84	18.01
10.01	0.84	18.12
10.02	0.84	18.23
10.03	0.84	18.32
10.04	0.85	18.41
10.05	0.85	18.52
10.06	0.85	18.65
10.07	0.85	18.77
10.08	0.85	18.88
10.09	0.85	19.00
10.10	0.85	19.11
10.11	0.85	19.26
10.12	0.85	19.39
10.13	0.85	19.51
10.14	0.85	19.64
10.15	0.85	19.79
10.16	0.86	19.96
10.17	0.86	20.11
10.18	0.86	20.24
10.19	0.86	20.38
10.20	0.86	20.52
10.21	0.86	20.63
10.22	0.86	20.78
10.23	0.86	20.93
10.24	0.86	21.06
10.25	0.86	21.21
10.26	0.86	21.39
10.27	0.86	21.54
10.28	0.87	19.90
10.29	0.87	10.42
