0.01	0.01	0.07
0.02	0.01	0.07
0.03	0.01	0.06
0.04	0.01	0.07
0.05	0.01	0.09
0.06	0.01	0.09
0.07	0.01	0.07
0.08	0.02	0.08
0.09	0.02	0.09
0.10	0.02	0.10
0.11	0.02	0.12
0.12	0.02	0.12
0.13	0.02	0.13
0.14	0.02	0.12
0.15	0.02	0.14
0.16	0.02	0.12
0.17	0.02	0.13
0.18	0.02	0.15
0.19	0.02	0.13
0.20	0.03	0.16
0.21	0.03	0.15
0.22	0.03	0.17
0.23	0.03	0.18
0.24	0.03	0.16
0.25	0.03	0.18
0.26	0.03	0.19
0.27	0.03	0.20
0.28	0.03	0.18
0.29	0.03	0.18
0.30	0.03	0.21
0.31	0.03	0.23
0.32	0.04	0.21
0.33	0.04	0.20
0.34	0.04	0.22
0.35	0.04	0.25
0.36	0.04	0.25
0.37	0.04	0.24
0.38	0.04	0.24
0.39	0.04	0.26
0.40	0.04	0.25
0.41	0.04	0.25
0.42	0.04	0.25
0.43	0.04	0.25
0.44	0.05	0.29
0.45	0.05	0.29
0.46	0.05	0.28
0.47	0.05	0.29
0.48	0.05	0.30
0.49	0.05	0.30
0.50	0.05	0.31
0.51	0.05	0.32
0.52	0.05	0.33
0.53	0.05	0.36
0.54	0.05	0.33
0.55	0.05	0.31
0.56	0.06	0.33
0.57	0.06	0.34
0.58	0.06	0.36
0.59	0.06	0.36
0.60	0.06	0.37
0.61	0.06	0.39
0.62	0.06	0.37
0.63	0.06	0.39
0.64	0.06	0.40
0.65	0.06	0.42
0.66	0.06	0.41
0.67	0.06	0.39
0.68	0.07	0.40
0.69	0.07	0.41
0.70	0.07	0.42
0.71	0.07	0.43
0.72	0.07	0.44
0.73	0.07	0.44
0.74	0.07	0.48
0.75	0.07	0.49
0.76	0.07	0.49
0.77	0.07	0.49
0.78	0.07	0.49
0.79	0.07	0.49
0.80	0.08	0.50
0.81	0.08	0.50
0.82	0.08	0.52
0.83	0.08	0.54
0.84	0.08	0.52
0.85	0.08	0.55
0.86	0.08	0.57
0.87	0.08	0.54
0.88	0.08	0.54
0.89	0.08	0.56
0.90	0.08	0.57
0.91	0.08	0.59
0.92	0.09	0.60
0.93	0.09	0.59
0.94	0.09	0.60
0.95	0.09	0.61
0.96	0.09	0.61
0.97	0.09	0.63
0.98	0.09	0.64
0.99	0.09	0.63
1.00	0.09	0.64
1.01	0.09	0.66
1.02	0.09	0.67
1.03	0.09	0.67
1.04	0.10	0.68
1.05	0.10	0.71
1.06	0.10	0.72
1.07	0.10	0.70
1.08	0.10	0.74
1.09	0.10	0.78
1.10	0.10	0.77
1.11	0.10	0.78
1.12	0.10	0.78
1.13	0.10	0.80
1.14	0.10	0.79
1.15	0.10	0.78
1.16	0.11	0.79
1.17	0.11	0.81
1.18	0.11	0.82
1.19	0.11	0.85
1.20	0.11	0.86
1.21	0.11	0.86
1.22	0.11	0.86
1.23	0.11	0.88
1.24	0.11	0.93
1.25	0.11	0.91
1.26	0.11	0.91
1.27	0.11	0.93
1.28	0.12	0.93
1.29	0.12	0.93
1.30	0.12	0.95
1.31	0.12	0.99
1.32	0.12	0.98
1.33	0.12	0.99
1.34	0.12	1.02
1.35	0.12	1.01
1.36	0.12	1.01
1.37	0.12	1.04
1.38	0.12	1.05
1.39	0.12	1.05
1.40	0.13	1.07
1.41	0.13	1.09
1.42	0.13	1.11
1.43	0.13	1.13
1.44	0.13	1.14
1.45	0.13	1.15
1.46	0.13	1.16
1.47	0.13	1.16
1.48	0.13	1.19
1.49	0.13	1.21
1.50	0.13	1.23
1.51	0.13	1.25
1.52	0.14	1.26
1.53	0.14	1.28
1.54	0.14	1.28
1.55	0.14	1.30
1.56	0.14	1.31
1.57	0.14	1.33
1.58	0.14	1.35
1.59	0.14	1.35
1.60	0.14	1.36
1.61	0.14	1.38
1.62	0.14	1.40
1.63	0.14	1.40
1.64	0.15	1.42
1.65	0.15	1.44
1.66	0.15	1.44
1.67	0.15	1.46
1.68	0.15	1.48
1.69	0.15	1.50
1.70	0.15	1.50
1.71	0.15	1.51
1.72	0.15	1.51
1.73	0.15	1.54
1.74	0.15	1.57
1.75	0.15	1.57
1.76	0.16	1.57
1.77	0.16	1.56
1.78	0.16	1.57
1.79	0.16	1.57
1.80	0.16	1.57
1.81	0.16	1.60
1.82	0.16	1.60
1.83	0.16	1.60
1.84	0.16	1.61
1.85	0.16	1.60
1.86	0.16	1.60
1.87	0.16	1.63
1.88	0.17	1.65
1.89	0.17	1.66
1.90	0.17	1.68
1.91	0.17	1.70
1.92	0.17	1.70
1.93	0.17	1.69
1.94	0.17	1.72
1.95	0.17	1.77
1.96	0.17	1.77
1.97	0.17	1.80
1.98	0.17	1.84
1.99	0.17	1.85
2.00	0.18	1.87
2.01	0.18	1.90
2.02	0.18	1.91
2.03	0.18	1.91
2.04	0.18	1.92
2.05	0.18	1.92
2.06	0.18	1.92
2.07	0.18	1.96
2.08	0.18	1.95
2.09	0.18	1.94
2.10	0.18	1.97
2.11	0.18	1.99
2.12	0.19	2.00
2.13	0.19	2.01
2.14	0.19	2.06
2.15	0.19	2.06
2.16	0.19	2.07
2.17	0.19	2.07
2.18	0.19	2.09
2.19	0.19	2.10
2.20	0.19	2.08
2.21	0.19	2.12
2.22	0.19	2.15
2.23	0.19	2.15
2.24	0.20	2.18
2.25	0.20	2.22
2.26	0.20	2.25
2.27	0.20	2.27
2.28	0.20	2.30
2.29	0.20	2.32
2.30	0.20	2.33
2.31	0.20	2.33
2.32	0.20	2.38
2.33	0.20	2.42
2.34	0.20	2.42
2.35	0.20	2.46
2.36	0.21	2.47
2.37	0.21	2.49
2.38	0.21	2.51
2.39	0.21	2.53
2.40	0.21	2.55
2.41	0.21	2.59
2.42	0.21	2.60
2.43	0.21	2.62
2.44	0.21	2.65
2.45	0.21	2.67
2.46	0.21	2.71
2.47	0.21	2.74
2.48	0.22	2.75
2.49	0.22	2.77
2.50	0.22	2.81
2.51	0.22	2.87
2.52	0.22	2.87
2.53	0.22	2.90
2.54	0.22	2.92
2.55	0.22	2.94
2.56	0.22	2.98
2.57	0.22	3.01
2.58	0.22	3.04
2.59	0.22	3.07
2.60	0.23	3.10
2.61	0.23	3.15
2.62	0.23	3.20
2.63	0.23	3.21
2.64	0.23	3.22
2.65	0.23	3.27
2.66	0.23	3.32
2.67	0.23	3.33
2.68	0.23	3.35
2.69	0.23	3.38
2.70	0.23	3.42
2.71	0.23	3.43
2.72	0.24	3.47
2.73	0.24	3.52
2.74	0.24	3.56
2.75	0.24	3.62
2.76	0.24	3.65
2.77	0.24	3.71
2.78	0.24	3.73
2.79	0.24	3.74
2.80	0.24	3.79
2.81	0.24	3.81
2.82	0.24	3.83
2.83	0.24	3.88
2.84	0.25	3.93
2.85	0.25	3.95
2.86	0.25	3.99
2.87	0.25	4.04
2.88	0.25	4.06
2.89	0.25	4.09
2.90	0.25	4.16
2.91	0.25	4.20
2.92	0.25	4.23
2.93	0.25	4.28
2.94	0.25	4.33
2.95	0.25	4.39
2.96	0.26	4.43
2.97	0.26	4.44
2.98	0.26	4.47
2.99	0.26	4.53
3.00	0.26	4.58
3.01	0.26	4.63
3.02	0.26	4.67
3.03	0.26	4.73
3.04	0.26	4.80
3.05	0.26	4.84
3.06	0.26	4.86
3.07	0.26	4.93
3.08	0.27	4.98
3.09	0.27	5.02
3.10	0.27	5.07
3.11	0.27	5.13
3.12	0.27	5.18
3.13	0.27	5.24
3.14	0.27	5.33
3.15	0.27	5.39
3.16	0.27	5.39
3.17	0.27	5.46
3.18	0.27	5.54
3.19	0.27	5.59
3.20	0.28	5.63
3.21	0.28	5.68
3.22	0.28	5.75
3.23	0.28	5.81
3.24	0.28	5.89
3.25	0.28	5.94
3.26	0.28	6.01
3.27	0.28	6.08
3.28	0.28	6.12
3.29	0.28	6.19
3.30	0.28	6.23
3.31	0.28	6.31
3.32	0.29	6.37
3.33	0.29	6.41
3.34	0.29	6.48
3.35	0.29	6.54
3.36	0.29	6.62
3.37	0.29	6.70
3.38	0.29	6.76
3.39	0.29	6.79
3.40	0.29	6.84
3.41	0.29	6.90
3.42	0.29	6.94
3.43	0.29	6.93
3.44	0.30	6.94
3.45	0.30	6.98
3.46	0.30	7.00
3.47	0.30	7.06
3.48	0.30	7.12
3.49	0.30	7.19
3.50	0.30	7.26
3.51	0.30	7.36
3.52	0.30	7.46
3.53	0.30	7.51
3.54	0.30	7.56
3.55	0.30	7.62
3.56	0.31	7.66
3.57	0.31	7.70
3.58	0.31	7.74
3.59	0.31	7.82
3.60	0.31	7.89
3.61	0.31	7.96
3.62	0.31	8.03
3.63	0.31	8.09
3.64	0.31	8.14
3.65	0.31	8.21
3.66	0.31	8.26
3.67	0.31	8.30
3.68	0.32	8.35
3.69	0.32	8.41
3.70	0.32	8.41
3.71	0.32	8.45
3.72	0.32	8.53
3.73	0.32	8.56
3.74	0.32	8.61
3.75	0.32	8.67
3.76	0.32	8.71
3.77	0.32	8.77
3.78	0.32	8.83
3.79	0.32	8.84
3.80	0.33	8.85
3.81	0.33	8.86
3.82	0.33	8.89
3.83	0.33	8.92
3.84	0.33	8.90
3.85	0.33	8.89
3.86	0.33	8.88
3.87	0.33	8.90
3.88	0.33	8.93
3.89	0.33	8.92
3.90	0.33	8.92
3.91	0.33	8.92
3.92	0.34	8.93
3.93	0.34	8.98
3.94	0.34	9.04
3.95	0.34	9.03
3.96	0.34	9.00
3.97	0.34	9.00
3.98	0.34	9.04
3.99	0.34	9.11
4.00	0.34	9.08
4.01	0.34	9.04
4.02	0.34	9.07
4.03	0.34	9.09
4.04	0.35	9.12
4.05	0.35	9.12
4.06	0.35	9.13
4.07	0.35	9.15
4.08	0.35	9.14
4.09	0.35	9.15
4.10	0.35	9.17
4.11	0.35	9.17
4.12	0.35	9.13
4.13	0.35	9.11
4.14	0.35	9.14
4.15	0.35	9.16
4.16	0.36	9.16
4.17	0.36	9.15
4.18	0.36	9.17
4.19	0.36	9.17
4.20	0.36	9.17
4.21	0.36	9.17
4.22	0.36	9.17
4.23	0.36	9.18
4.24	0.36	9.18
4.25	0.36	9.19
4.26	0.36	9.20
4.27	0.36	9.20
4.28	0.37	9.21
4.29	0.37	9.21
4.30	0.37	9.21
4.31	0.37	9.22
4.32	0.37	9.22
4.33	0.37	9.21
4.34	0.37	9.21
4.35	0.37	9.23
4.36	0.37	9.21
4.37	0.37	9.20
4.38	0.37	9.20
4.39	0.37	9.23
4.40	0.38	9.25
4.41	0.38	9.24
4.42	0.38	9.26
4.43	0.38	9.25
4.44	0.38	9.25
4.45	0.38	9.27
4.46	0.38	9.26
4.47	0.38	9.27
4.48	0.38	9.26
4.49	0.38	9.24
4.50	0.38	9.26
4.51	0.38	9.28
4.52	0.39	9.30
4.53	0.39	9.29
4.54	0.39	9.28
4.55	0.39	9.29
4.56	0.39	9.28
4.57	0.39	9.29
4.58	0.39	9.35
4.59	0.39	9.39
4.60	0.39	9.46
4.61	0.39	9.56
4.62	0.39	9.64
4.63	0.39	9.70
4.64	0.40	9.78
4.65	0.40	9.82
4.66	0.40	9.80
4.67	0.40	9.79
4.68	0.40	9.76
4.69	0.40	9.75
4.70	0.40	9.76
4.71	0.40	9.76
4.72	0.40	9.84
4.73	0.40	9.94
4.74	0.40	10.06
4.75	0.40	10.13
4.76	0.41	10.13
4.77	0.41	10.16
4.78	0.41	10.20
4.79	0.41	10.25
4.80	0.41	10.26
4.81	0.41	10.26
4.82	0.41	10.25
4.83	0.41	10.25
4.84	0.41	10.27
4.85	0.41	10.28
4.86	0.41	10.24
4.87	0.41	10.24
4.88	0.42	10.27
4.89	0.42	10.24
4.90	0.42	10.23
4.91	0.42	10.26
4.92	0.42	10.26
4.93	0.42	10.25
4.94	0.42	10.27
4.95	0.42	10.29
4.96	0.42	10.30
4.97	0.42	10.27
4.98	0.42	10.27
4.99	0.42	10.30
5.00	0.43	10.27
5.01	0.43	10.23
5.02	0.43	10.26
5.03	0.43	10.27
5.04	0.43	10.27
5.05	0.43	10.28
5.06	0.43	10.27
5.07	0.43	10.29
5.08	0.43	10.28
5.09	0.43	10.27
5.10	0.43	10.30
5.11	0.43	10.31
5.12	0.44	10.28
5.13	0.44	10.27
5.14	0.44	10.29
5.15	0.44	10.28
5.16	0.44	10.27
5.17	0.44	10.27
5.18	0.44	10.29
5.19	0.44	10.31
5.20	0.44	10.28
5.21	0.44	10.26
5.22	0.44	10.29
5.23	0.44	10.30
5.24	0.45	10.29
5.25	0.45	10.27
5.26	0.45	10.29
5.27	0.45	10.32
5.28	0.45	10.31
5.29	0.45	10.28
5.30	0.45	10.28
5.31	0.45	10.28
5.32	0.45	10.29
5.33	0.45	10.31
5.34	0.45	10.30
5.35	0.45	10.30
5.36	0.46	10.31
5.37	0.46	10.30
5.38	0.46	10.29
5.39	0.46	10.29
5.40	0.46	10.29
5.41	0.46	10.28
5.42	0.46	10.26
5.43	0.46	10.26
5.44	0.46	10.29
5.45	0.46	10.32
5.46	0.46	10.31
5.47	0.46	10.28
5.48	0.47	10.30
5.49	0.47	10.33
5.50	0.47	10.32
5.51	0.47	10.30
5.52	0.47	10.28
5.53	0.47	10.29
5.54	0.47	10.30
5.55	0.47	10.28
5.56	0.47	10.29
5.57	0.47	10.32
5.58	0.47	10.34
5.59	0.47	10.32
5.60	0.48	10.30
5.61	0.48	10.34
5.62	0.48	10.32
5.63	0.48	10.32
5.64	0.48	10.32
5.65	0.48	10.30
5.66	0.48	10.31
5.67	0.48	10.32
5.68	0.48	10.30
5.69	0.48	10.29
5.70	0.48	10.31
5.71	0.48	10.30
5.72	0.49	10.30
5.73	0.49	10.32
5.74	0.49	10.33
5.75	0.49	10.32
5.76	0.49	10.30
5.77	0.49	10.31
5.78	0.49	10.31
5.79	0.49	10.32
5.80	0.49	10.32
5.81	0.49	10.31
5.82	0.49	10.29
5.83	0.49	10.30
5.84	0.50	10.32
5.85	0.50	10.34
5.86	0.50	10.33
5.87	0.50	10.33
5.88	0.50	10.34
5.89	0.50	10.33
5.90	0.50	10.31
5.91	0.50	10.31
5.92	0.50	10.30
5.93	0.50	10.30
5.94	0.50	10.30
5.95	0.50	10.29
5.96	0.51	10.32
5.97	0.51	10.32
5.98	0.51	10.31
5.99	0.51	10.31
6.00	0.51	10.31
6.01	0.51	10.33
6.02	0.51	10.33
6.03	0.51	10.35
6.04	0.51	10.33
6.05	0.51	10.30
6.06	0.51	10.30
6.07	0.51	10.27
6.08	0.52	10.29
6.09	0.52	10.34
6.10	0.52	10.30
6.11	0.52	10.28
6.12	0.52	10.32
6.13	0.52	10.32
6.14	0.52	10.31
6.15	0.52	10.33
6.16	0.52	10.32
6.17	0.52	10.30
6.18	0.52	10.33
6.19	0.52	10.33
6.20	0.53	10.29
6.21	0.53	10.33
6.22	0.53	10.34
6.23	0.53	10.31
6.24	0.53	10.31
6.25	0.53	10.32
6.26	0.53	10.31
6.27	0.53	10.30
6.28	0.53	10.29
6.29	0.53	10.31
6.30	0.53	10.32
6.31	0.53	10.30
6.32	0.54	10.32
6.33	0.54	10.31
6.34	0.54	10.30
6.35	0.54	10.31
6.36	0.54	10.29
6.37	0.54	10.31
6.38	0.54	10.29
6.39	0.54	10.28
6.40	0.54	10.30
6.41	0.54	10.30
6.42	0.54	10.28
6.43	0.54	10.26
6.44	0.55	10.31
6.45	0.55	10.28
6.46	0.55	10.28
6.47	0.55	10.32
6.48	0.55	10.31
6.49	0.55	10.30
6.50	0.55	10.31
6.51	0.55	10.31
6.52	0.55	10.30
6.53	0.55	10.29
6.54	0.55	10.28
6.55	0.55	10.30
6.56	0.56	10.32
6.57	0.56	10.29
6.58	0.56	10.28
6.59	0.56	10.29
6.60	0.56	10.31
6.61	0.56	10.31
6.62	0.56	10.33
6.63	0.56	10.32
6.64	0.56	10.29
6.65	0.56	10.28
6.66	0.56	10.27
6.67	0.56	10.28
6.68	0.57	10.25
6.69	0.57	10.25
6.70	0.57	10.28
6.71	0.57	10.30
6.72	0.57	10.28
6.73	0.57	10.28
6.74	0.57	10.30
6.75	0.57	10.30
6.76	0.57	10.29
6.77	0.57	10.28
6.78	0.57	10.31
6.79	0.57	10.31
6.80	0.58	10.30
6.81	0.58	10.28
6.82	0.58	10.26
6.83	0.58	10.29
6.84	0.58	10.31
6.85	0.58	10.31
6.86	0.58	10.30
6.87	0.58	10.29
6.88	0.58	10.31
6.89	0.58	10.30
6.90	0.58	10.29
6.91	0.58	10.30
6.92	0.59	10.31
6.93	0.59	10.30
6.94	0.59	10.29
6.95	0.59	10.29
6.96	0.59	10.30
6.97	0.59	10.30
6.98	0.59	10.28
6.99	0.59	10.28
7.00	0.59	10.30
7.01	0.59	10.30
7.02	0.59	10.29
7.03	0.59	10.29
7.04	0.60	10.31
7.05	0.60	10.31
7.06	0.60	10.31
7.07	0.60	10.31
7.08	0.60	10.31
7.09	0.60	10.32
7.10	0.60	10.30
7.11	0.60	10.28
7.12	0.60	10.33
7.13	0.60	10.33
7.14	0.60	10.34
7.15	0.60	10.34
7.16	0.61	10.31
7.17	0.61	10.30
7.18	0.61	10.31
7.19	0.61	10.34
7.20	0.61	10.33
7.21	0.61	10.31
7.22	0.61	10.33
7.23	0.61	10.33
7.24	0.61	10.34
7.25	0.61	10.34
7.26	0.61	10.31
7.27	0.61	10.32
7.28	0.62	10.33
7.29	0.62	10.31
7.30	0.62	10.31
7.31	0.62	10.33
7.32	0.62	10.31
7.33	0.62	10.29
7.34	0.62	10.28
7.35	0.62	10.31
7.36	0.62	10.33
7.37	0.62	10.31
7.38	0.62	10.31
7.39	0.62	10.31
7.40	0.63	10.33
7.41	0.63	10.32
7.42	0.63	10.30
7.43	0.63	10.31
7.44	0.63	10.32
7.45	0.63	10.31
7.46	0.63	10.29
7.47	0.63	10.29
7.48	0.63	10.30
7.49	0.63	10.30
7.50	0.63	10.33
7.51	0.63	10.32
7.52	0.64	10.30
7.53	0.64	10.32
7.54	0.64	10.34
7.55	0.64	10.30
7.56	0.64	10.28
7.57	0.64	10.30
7.58	0.64	10.32
7.59	0.64	10.31
7.60	0.64	10.32
7.61	0.64	10.36
7.62	0.64	10.37
7.63	0.64	10.38
7.64	0.65	10.39
7.65	0.65	10.40
7.66	0.65	10.42
7.67	0.65	10.44
7.68	0.65	10.42
7.69	0.65	10.40
7.70	0.65	10.39
7.71	0.65	10.39
7.72	0.65	10.39
7.73	0.65	10.39
7.74	0.65	10.39
7.75	0.65	10.37
7.76	0.66	10.36
7.77	0.66	10.39
7.78	0.66	10.40
7.79	0.66	10.40
7.80	0.66	10.40
7.81	0.66	10.37
7.82	0.66	10.36
7.83	0.66	10.37
7.84	0.66	10.38
7.85	0.66	10.40
7.86	0.66	10.43
7.87	0.66	10.41
7.88	0.67	10.38
7.89	0.67	10.40
7.90	0.67	10.41
7.91	0.67	10.40
7.92	0.67	10.39
7.93	0.67	10.40
7.94	0.67	10.41
7.95	0.67	10.39
7.96	0.67	10.39
7.97	0.67	10.38
7.98	0.67	10.40
7.99	0.67	10.41
8.00	0.68	10.42
8.01	0.68	10.44
8.02	0.68	10.42
8.03	0.68	10.44
8.04	0.68	10.40
8.05	0.68	10.39
8.06	0.68	10.42
8.07	0.68	10.43
8.08	0.68	10.46
8.09	0.68	10.44
8.10	0.68	10.43
8.11	0.68	10.43
8.12	0.69	10.44
8.13	0.69	10.47
8.14	0.69	10.47
8.15	0.69	10.46
8.16	0.69	10.46
8.17	0.69	10.44
8.18	0.69	10.43
8.19	0.69	10.45
8.20	0.69	10.43
8.21	0.69	10.41
8.22	0.69	10.40
8.23	0.69	10.42
8.24	0.70	10.45
8.25	0.70	10.44
8.26	0.70	10.43
8.27	0.70	10.43
8.28	0.70	10.41
8.29	0.70	10.41
8.30	0.70	10.42
8.31	0.70	10.42
8.32	0.70	10.41
8.33	0.70	10.41
8.34	0.70	10.42
8.35	0.70	10.41
8.36	0.71	10.41
8.37	0.71	10.42
8.38	0.71	10.41
8.39	0.71	10.44
8.40	0.71	10.44
8.41	0.71	10.45
8.42	0.71	10.47
8.43	0.71	10.48
8.44	0.71	10.46
8.45	0.71	10.45
8.46	0.71	10.44
8.47	0.71	10.42
8.48	0.72	10.44
8.49	0.72	10.43
8.50	0.72	10.43
8.51	0.72	10.45
8.52	0.72	10.45
8.53	0.72	10.48
8.54	0.72	10.45
8.55	0.72	10.46
8.56	0.72	10.48
8.57	0.72	10.46
8.58	0.72	10.44
8.59	0.72	10.44
8.60	0.73	10.43
8.61	0.73	10.42
8.62	0.73	10.43
8.63	0.73	10.42
8.64	0.73	10.43
8.65	0.73	10.44
8.66	0.73	10.46
8.67	0.73	10.48
8.68	0.73	10.49
8.69	0.73	10.48
8.70	0.73	10.47
8.71	0.73	10.49
8.72	0.74	10.49
8.73	0.74	10.49
8.74	0.74	10.47
8.75	0.74	10.47
8.76	0.74	10.48
8.77	0.74	10.49
8.78	0.74	10.51
8.79	0.74	10.52
8.80	0.74	10.52
8.81	0.74	10.52
8.82	0.74	10.52
8.83	0.74	10.53
8.84	0.75	10.54
8.85	0.75	10.58
8.86	0.75	10.59
8.87	0.75	10.57
8.88	0.75	10.59
8.89	0.75	10.60
8.90	0.75	10.61
8.91	0.75	10.63
8.92	0.75	10.64
8.93	0.75	10.65
8.94	0.75	10.65
8.95	0.75	10.66
8.96	0.76	10.67
8.97	0.76	10.67
8.98	0.76	10.70
8.99	0.76	10.72
9.00	0.76	10.70
9.01	0.76	10.71
9.02	0.76	10.75
9.03	0.76	10.76
9.04	0.76	10.77
9.05	0.76	10.79
9.06	0.76	10.79
9.07	0.76	10.83
9.08	0.77	10.85
9.09	0.77	10.85
9.10	0.77	10.86
9.11	0.77	10.87
9.12	0.77	10.88
9.13	0.77	10.89
9.14	0.77	10.91
9.15	0.77	10.94
9.16	0.77	10.94
9.17	0.77	10.95
9.18	0.77	10.97
9.19	0.77	10.98
9.20	0.78	11.01
9.21	0.78	11.02
9.22	0.78	11.03
9.23	0.78	11.05
9.24	0.78	11.05
9.25	0.78	11.04
9.26	0.78	11.06
9.27	0.78	11.07
9.28	0.78	11.10
9.29	0.78	11.12
9.30	0.78	11.13
9.31	0.78	11.15
9.32	0.79	11.17
9.33	0.79	11.19
9.34	0.79	11.20
9.35	0.79	11.22
9.36	0.79	11.24
9.37	0.79	11.26
9.38	0.79	11.27
9.39	0.79	11.28
9.40	0.79	11.27
9.41	0.79	11.29
9.42	0.79	11.34
9.43	0.79	11.38
9.44	0.80	11.42
9.45	0.80	11.48
9.46	0.80	11.49
9.47	0.80	11.55
9.48	0.80	11.62
9.49	0.80	11.67
9.50	0.80	11.70
9.51	0.80	11.73
9.52	0.80	11.79
9.53	0.80	11.85
9.54	0.80	11.93
9.55	0.80	11.97
9.56	0.81	11.99
9.57	0.81	12.02
9.58	0.81	12.04
9.59	0.81	12.07
9.60	0.81	12.10
9.61	0.81	12.11
9.62	0.81	12.14
9.63	0.81	12.17
9.64	0.81	12.19
9.65	0.81	12.21
9.66	0.81	12.25
9.67	0.81	12.28
9.68	0.82	12.30
9.69	0.82	12.34
9.70	0.82	12.37
9.71	0.82	12.42
9.72	0.82	12.48
9.73	0.82	12.49
9.74	0.82	12.51
9.75	0.82	12.54
9.76	0.82	12.58
9.77	0.82	12.59
9.78	0.82	12.59
9.79	0.82	12.62
9.80	0.83	12.64
9.81	0.83	12.69
9.82	0.83	12.72
9.83	0.83	12.75
9.84	0.83	12.77
9.85	0.83	12.78
9.86	0.83	12.79
9.87	0.83	12.77
9.88	0.83	12.80
9.89	0.83	12.83
9.90	0.83	12.83
9.91	0.83	12.85
9.92	0.84	12.85
9.93	0.84	12.84
9.94	0.84	12.84
9.95	0.84	12.85
9.96	0.84	12.87
9.97	0.84	12.89
9.98	0.84	12.89
9.99	0.84	12.87
10.00	0.84	12.86
10.01	0.84	12.87
10.02	0.84	12.87
10.03	0.84	12.89
10.04	0.85	12.88
10.05	0.85	12.88
10.06	0.85	12.88
10.07	0.85	12.86
10.08	0.85	12.87
10.09	0.85	12.88
10.10	0.85	12.90
10.11	0.85	12.93
10.12	0.85	12.96
10.13	0.85	12.96
10.14	0.85	12.96
10.15	0.85	12.98
10.16	0.86	13.00
10.17	0.86	13.01
10.18	0.86	13.02
10.19	0.86	13.00
10.20	0.86	12.99
10.21	0.86	13.01
10.22	0.86	13.04
10.23	0.86	13.05
10.24	0.86	13.03
10.25	0.86	13.03
10.26	0.86	13.02
10.27	0.86	13.03
10.28	0.87	13.04
10.29	0.87	13.06
10.30	0.87	13.05
10.31	0.87	13.06
10.32	0.87	13.06
10.33	0.87	13.05
10.34	0.87	13.05
10.35	0.87	13.04
10.36	0.87	13.06
10.37	0.87	13.04
10.38	0.87	13.06
10.39	0.87	13.07
10.40	0.88	13.06
10.41	0.88	13.10
10.42	0.88	13.10
10.43	0.88	13.07
10.44	0.88	13.07
10.45	0.88	13.09
10.46	0.88	13.10
10.47	0.88	13.10
10.48	0.88	13.11
10.49	0.88	13.09
10.50	0.88	13.09
10.51	0.88	13.11
10.52	0.89	13.11
10.53	0.89	13.12
10.54	0.89	13.11
10.55	0.89	13.13
10.56	0.89	13.12
10.57	0.89	13.13
10.58	0.89	13.14
10.59	0.89	13.14
10.60	0.89	13.13
10.61	0.89	13.11
10.62	0.89	13.15
10.63	0.89	13.14
10.64	0.90	13.13
10.65	0.90	13.15
10.66	0.90	13.13
10.67	0.90	13.13
10.68	0.90	13.14
10.69	0.90	13.14
10.70	0.90	13.14
10.71	0.90	13.11
10.72	0.90	13.13
10.73	0.90	13.13
10.74	0.90	13.14
10.75	0.90	13.14
10.76	0.91	13.14
10.77	0.91	13.15
10.78	0.91	13.16
10.79	0.91	13.15
10.80	0.91	13.14
10.81	0.91	13.14
10.82	0.91	13.14
10.83	0.91	13.16
10.84	0.91	13.17
10.85	0.91	13.18
10.86	0.91	13.18
10.87	0.91	13.19
10.88	0.92	13.22
10.89	0.92	13.22
10.90	0.92	13.24
10.91	0.92	13.25
10.92	0.92	13.26
10.93	0.92	13.29
10.94	0.92	13.32
10.95	0.92	13.33
10.96	0.92	13.30
10.97	0.92	13.32
10.98	0.92	13.33
10.99	0.92	13.32
11.00	0.93	13.35
11.01	0.93	13.36
11.02	0.93	13.35
11.03	0.93	13.37
11.04	0.93	13.37
11.05	0.93	13.37
11.06	0.93	13.37
11.07	0.93	13.39
11.08	0.93	13.40
11.09	0.93	13.40
11.10	0.93	13.39
11.11	0.93	13.40
11.12	0.94	13.42
11.13	0.94	13.41
11.14	0.94	13.39
11.15	0.94	13.41
11.16	0.94	13.44
11.17	0.94	13.41
11.18	0.94	13.39
11.19	0.94	13.40
11.20	0.94	13.44
11.21	0.94	13.44
11.22	0.94	13.42
11.23	0.94	13.44
11.24	0.95	13.47
11.25	0.95	13.46
11.26	0.95	13.48
11.27	0.95	13.48
11.28	0.95	13.49
11.29	0.95	13.48
11.30	0.95	13.49
11.31	0.95	13.48
11.32	0.95	13.47
11.33	0.95	13.50
11.34	0.95	13.50
11.35	0.95	13.51
11.36	0.96	13.51
11.37	0.96	13.51
11.38	0.96	13.52
11.39	0.96	13.52
11.40	0.96	13.53
11.41	0.96	13.52
11.42	0.96	13.55
11.43	0.96	13.53
11.44	0.96	13.54
11.45	0.96	13.54
11.46	0.96	13.53
11.47	0.96	13.56
11.48	0.97	13.57
11.49	0.97	13.58
11.50	0.97	13.57
11.51	0.97	13.57
11.52	0.97	13.60
11.53	0.97	13.62
11.54	0.97	13.63
11.55	0.97	13.61
11.56	0.97	13.63
11.57	0.97	13.64
11.58	0.97	13.65
11.59	0.97	13.70
11.60	0.98	13.70
11.61	0.98	13.70
11.62	0.98	13.70
11.63	0.98	13.71
11.64	0.98	13.73
11.65	0.98	13.75
11.66	0.98	13.80
11.67	0.98	13.81
11.68	0.98	13.82
11.69	0.98	13.84
11.70	0.98	13.83
11.71	0.98	13.84
11.72	0.99	13.86
11.73	0.99	13.88
11.74	0.99	13.88
11.75	0.99	13.90
11.76	0.99	13.90
11.77	0.99	13.90
11.78	0.99	13.91
11.79	0.99	13.94
11.80	0.99	13.95
11.81	0.99	13.93
11.82	0.99	13.96
11.83	0.99	13.96
11.84	1.00	13.97
11.85	1.00	13.97
11.86	1.00	13.96
11.87	1.00	13.99
11.88	1.00	13.98
11.89	1.00	13.99
11.90	1.00	13.98
11.91	1.00	14.00
11.92	1.00	14.02
11.93	1.00	13.98
11.94	1.00	14.00
11.95	1.00	14.03
11.96	1.01	14.04
11.97	1.01	14.06
11.98	1.01	14.04
11.99	1.01	14.04
12.00	1.01	14.03
12.01	1.01	14.01
12.02	1.01	14.05
12.03	1.01	14.05
12.04	1.01	14.03
12.05	1.01	14.02
12.06	1.01	14.03
12.07	1.01	14.05
12.08	1.02	14.05
12.09	1.02	14.06
12.10	1.02	14.06
12.11	1.02	14.08
12.12	1.02	14.08
12.13	1.02	14.09
12.14	1.02	14.09
12.15	1.02	14.07
12.16	1.02	14.07
12.17	1.02	14.06
12.18	1.02	14.05
12.19	1.02	14.07
12.20	1.03	14.06
12.21	1.03	14.05
12.22	1.03	14.07
12.23	1.03	14.08
12.24	1.03	14.07
12.25	1.03	14.04
12.26	1.03	14.05
12.27	1.03	14.07
12.28	1.03	14.09
12.29	1.03	14.11
12.30	1.03	14.09
12.31	1.03	14.08
12.32	1.04	14.11
12.33	1.04	14.16
12.34	1.04	14.16
12.35	1.04	14.15
12.36	1.04	14.18
12.37	1.04	14.20
12.38	1.04	14.20
12.39	1.04	14.22
12.40	1.04	14.25
12.41	1.04	14.27
12.42	1.04	14.27
12.43	1.04	14.30
12.44	1.05	14.32
12.45	1.05	14.32
12.46	1.05	14.32
12.47	1.05	14.33
12.48	1.05	14.35
12.49	1.05	14.35
12.50	1.05	14.35
12.51	1.05	14.38
12.52	1.05	14.39
12.53	1.05	14.39
12.54	1.05	14.37
12.55	1.05	14.36
12.56	1.06	14.38
12.57	1.06	14.38
12.58	1.06	14.36
12.59	1.06	14.36
12.60	1.06	14.38
12.61	1.06	14.39
12.62	1.06	14.42
12.63	1.06	14.48
12.64	1.06	14.55
12.65	1.06	14.59
12.66	1.06	14.59
12.67	1.06	14.61
12.68	1.07	14.66
12.69	1.07	14.67
12.70	1.07	14.69
12.71	1.07	14.72
12.72	1.07	14.74
12.73	1.07	14.77
12.74	1.07	14.79
12.75	1.07	14.78
12.76	1.07	14.82
12.77	1.07	14.87
12.78	1.07	14.91
12.79	1.07	14.95
12.80	1.08	14.97
12.81	1.08	15.00
12.82	1.08	15.03
12.83	1.08	15.05
12.84	1.08	15.07
12.85	1.08	15.10
12.86	1.08	15.13
12.87	1.08	15.19
12.88	1.08	15.27
12.89	1.08	15.34
12.90	1.08	15.43
12.91	1.08	15.52
12.92	1.09	15.58
12.93	1.09	15.64
12.94	1.09	15.71
12.95	1.09	15.78
12.96	1.09	15.83
12.97	1.09	15.88
12.98	1.09	15.93
12.99	1.09	15.98
13.00	1.09	16.06
13.01	1.09	16.13
13.02	1.09	16.17
13.03	1.09	16.20
13.04	1.10	16.30
13.05	1.10	16.36
13.06	1.10	16.41
13.07	1.10	16.48
13.08	1.10	16.52
13.09	1.10	16.59
13.10	1.10	16.70
13.11	1.10	16.80
13.12	1.10	16.87
13.13	1.10	16.99
13.14	1.10	17.10
13.15	1.10	17.18
13.16	1.11	17.26
13.17	1.11	17.36
13.18	1.11	17.45
13.19	1.11	17.54
13.20	1.11	17.65
13.21	1.11	17.75
13.22	1.11	17.84
13.23	1.11	17.89
13.24	1.11	17.99
13.25	1.11	18.10
13.26	1.11	18.16
13.27	1.11	18.28
13.28	1.12	18.42
13.29	1.12	18.51
13.30	1.12	18.57
13.31	1.12	18.66
13.32	1.12	18.76
13.33	1.12	18.84
13.34	1.12	18.92
13.35	1.12	19.03
13.36	1.12	19.13
13.37	1.12	19.20
13.38	1.12	19.30
13.39	1.12	19.41
13.40	1.13	19.49
13.41	1.13	19.59
13.42	1.13	19.68
13.43	1.13	19.74
13.44	1.13	19.82
13.45	1.13	19.93
13.46	1.13	20.04
13.47	1.13	20.14
13.48	1.13	20.23
13.49	1.13	20.33
13.50	1.13	20.43
13.51	1.13	20.53
13.52	1.14	20.65
13.53	1.14	20.76
13.54	1.14	20.86
13.55	1.14	20.96
13.56	1.14	21.06
13.57	1.14	21.18
13.58	1.14	21.30
13.59	1.14	21.41
13.60	1.14	21.53
13.61	1.14	21.64
13.62	1.14	21.75
13.63	1.14	21.87
13.64	1.15	21.99
13.65	1.15	22.09
13.66	1.15	22.18
13.67	1.15	22.31
13.68	1.15	22.45
13.69	1.15	22.57
13.70	1.15	22.69
13.71	1.15	22.81
13.72	1.15	22.92
13.73	1.15	23.04
13.74	1.15	23.17
13.75	1.15	23.29
13.76	1.16	23.40
13.77	1.16	23.52
13.78	1.16	23.63
13.79	1.16	23.76
13.80	1.16	23.89
13.81	1.16	23.98
13.82	1.16	24.10
13.83	1.16	24.23
13.84	1.16	24.35
13.85	1.16	24.46
13.86	1.16	24.56
13.87	1.16	24.68
13.88	1.17	24.81
13.89	1.17	24.94
13.90	1.17	25.07
13.91	1.17	25.18
13.92	1.17	25.30
13.93	1.17	25.41
13.94	1.17	25.53
13.95	1.17	25.62
13.96	1.17	25.74
13.97	1.17	25.85
13.98	1.17	25.97
13.99	1.17	26.08
14.00	1.18	26.18
14.01	1.18	26.32
14.02	1.18	26.44
14.03	1.18	26.57
14.04	1.18	26.70
14.05	1.18	26.83
14.06	1.18	26.93
14.07	1.18	27.04
14.08	1.18	27.15
14.09	1.18	27.27
14.10	1.18	27.39
14.11	1.18	27.49
14.12	1.19	27.60
14.13	1.19	27.72
14.14	1.19	27.82
14.15	1.19	27.95
14.16	1.19	28.08
14.17	1.19	28.21
14.18	1.19	28.35
14.19	1.19	28.47
14.20	1.19	28.56
14.21	1.19	28.68
14.22	1.19	28.82
14.23	1.19	28.93
14.24	1.20	29.06
14.25	1.20	29.18
14.26	1.20	29.30
14.27	1.20	29.41
14.28	1.20	29.51
14.29	1.20	29.62
14.30	1.20	29.74
14.31	1.20	29.85
14.32	1.20	29.97
14.33	1.20	30.11
14.34	1.20	30.23
14.35	1.20	30.34
14.36	1.21	30.46
14.37	1.21	30.59
14.38	1.21	30.72
14.39	1.21	30.84
14.40	1.21	30.95
14.41	1.21	31.05
14.42	1.21	31.16
14.43	1.21	31.26
14.44	1.21	31.39
14.45	1.21	31.54
14.46	1.21	31.64
14.47	1.21	31.74
14.48	1.22	31.87
14.49	1.22	31.98
14.50	1.22	32.11
14.51	1.22	32.23
14.52	1.22	32.34
14.53	1.22	32.47
14.54	1.22	32.56
14.55	1.22	32.70
14.56	1.22	32.83
14.57	1.22	32.93
14.58	1.22	33.05
14.59	1.22	33.17
14.60	1.23	33.28
14.61	1.23	33.40
14.62	1.23	33.49
14.63	1.23	33.60
14.64	1.23	33.76
14.65	1.23	33.86
14.66	1.23	33.98
14.67	1.23	34.11
14.68	1.23	34.23
14.69	1.23	34.34
14.70	1.23	34.43
14.71	1.23	34.56
14.72	1.24	34.68
14.73	1.24	34.80
14.74	1.24	34.93
14.75	1.24	35.03
14.76	1.24	35.13
14.77	1.24	35.25
14.78	1.24	35.38
14.79	1.24	35.50
14.80	1.24	35.62
14.81	1.24	35.74
14.82	1.24	35.84
14.83	1.24	35.99
14.84	1.25	36.12
14.85	1.25	36.20
14.86	1.25	36.31
14.87	1.25	36.43
14.88	1.25	36.54
14.89	1.25	36.65
14.90	1.25	36.75
14.91	1.25	36.87
14.92	1.25	37.01
14.93	1.25	37.13
14.94	1.25	37.22
14.95	1.25	37.32
14.96	1.26	37.45
14.97	1.26	37.58
14.98	1.26	37.72
14.99	1.26	37.84
15.00	1.26	37.94
15.01	1.26	38.06
15.02	1.26	38.17
15.03	1.26	38.26
15.04	1.26	38.36
15.05	1.26	38.48
15.06	1.26	38.59
15.07	1.26	38.69
15.08	1.27	38.80
15.09	1.27	38.93
15.10	1.27	39.04
15.11	1.27	39.15
15.12	1.27	39.25
15.13	1.27	39.37
15.14	1.27	39.48
15.15	1.27	39.59
15.16	1.27	39.70
15.17	1.27	39.81
15.18	1.27	39.92
15.19	1.27	40.01
15.20	1.28	40.11
15.21	1.28	40.22
15.22	1.28	40.32
15.23	1.28	40.44
15.24	1.28	40.55
15.25	1.28	40.66
15.26	1.28	40.78
15.27	1.28	40.89
15.28	1.28	41.03
15.29	1.28	41.13
15.30	1.28	41.21
15.31	1.28	41.32
15.32	1.29	41.45
15.33	1.29	41.56
15.34	1.29	41.65
15.35	1.29	41.77
15.36	1.29	41.86
15.37	1.29	41.96
15.38	1.29	42.09
15.39	1.29	42.19
15.40	1.29	42.29
15.41	1.29	42.41
15.42	1.29	42.53
15.43	1.29	42.62
15.44	1.30	42.72
15.45	1.30	42.85
15.46	1.30	42.96
15.47	1.30	43.07
15.48	1.30	43.18
15.49	1.30	43.27
15.50	1.30	43.38
15.51	1.30	43.48
15.52	1.30	43.55
15.53	1.30	43.65
15.54	1.30	43.77
15.55	1.30	43.88
15.56	1.31	43.97
15.57	1.31	44.09
15.58	1.31	44.22
15.59	1.31	44.32
15.60	1.31	44.41
15.61	1.31	44.51
15.62	1.31	44.60
15.63	1.31	44.70
15.64	1.31	44.79
15.65	1.31	44.89
15.66	1.31	44.98
15.67	1.31	45.08
15.68	1.32	45.19
15.69	1.32	45.28
15.70	1.32	45.37
15.71	1.32	45.48
15.72	1.32	45.58
15.73	1.32	45.69
15.74	1.32	45.77
15.75	1.32	45.89
15.76	1.32	46.03
15.77	1.32	46.12
15.78	1.32	46.19
15.79	1.32	46.28
15.80	1.33	46.39
15.81	1.33	46.49
15.82	1.33	46.59
15.83	1.33	46.71
15.84	1.33	46.80
15.85	1.33	46.88
15.86	1.33	46.99
15.87	1.33	47.10
15.88	1.33	47.20
15.89	1.33	47.31
15.90	1.33	47.40
15.91	1.33	47.49
15.92	1.34	47.59
15.93	1.34	47.69
15.94	1.34	47.79
15.95	1.34	47.88
15.96	1.34	47.97
15.97	1.34	48.06
15.98	1.34	48.15
15.99	1.34	48.26
16.00	1.34	48.36
16.01	1.34	48.46
16.02	1.34	48.56
16.03	1.34	48.66
16.04	1.35	48.75
16.05	1.35	48.85
16.06	1.35	48.95
16.07	1.35	49.02
16.08	1.35	49.11
16.09	1.35	49.21
16.10	1.35	49.30
16.11	1.35	49.40
16.12	1.35	49.50
16.13	1.35	49.58
16.14	1.35	49.66
16.15	1.35	49.76
16.16	1.36	49.88
16.17	1.36	50.00
16.18	1.36	50.09
16.19	1.36	50.16
16.20	1.36	50.23
16.21	1.36	50.33
16.22	1.36	50.43
16.23	1.36	50.53
16.24	1.36	50.63
16.25	1.36	50.71
16.26	1.36	50.79
16.27	1.36	50.88
16.28	1.37	50.96
16.29	1.37	51.05
16.30	1.37	51.13
16.31	1.37	51.24
16.32	1.37	51.32
16.33	1.37	51.41
16.34	1.37	51.51
16.35	1.37	51.58
16.36	1.37	51.65
16.37	1.37	51.77
16.38	1.37	51.87
16.39	1.37	51.93
16.40	1.38	51.99
16.41	1.38	52.09
16.42	1.38	52.17
16.43	1.38	52.28
16.44	1.38	52.37
16.45	1.38	52.43
16.46	1.38	52.51
16.47	1.38	52.60
16.48	1.38	52.73
16.49	1.38	52.84
16.50	1.38	52.91
16.51	1.38	52.99
16.52	1.39	53.08
16.53	1.39	53.18
16.54	1.39	53.27
16.55	1.39	53.35
16.56	1.39	53.43
16.57	1.39	53.51
16.58	1.39	53.60
16.59	1.39	53.68
16.60	1.39	53.77
16.61	1.39	53.84
16.62	1.39	53.93
16.63	1.39	54.01
16.64	1.40	54.12
16.65	1.40	54.21
16.66	1.40	54.27
16.67	1.40	54.35
16.68	1.40	54.43
16.69	1.40	54.51
16.70	1.40	54.58
16.71	1.40	54.68
16.72	1.40	54.79
16.73	1.40	54.87
16.74	1.40	54.94
16.75	1.40	55.02
16.76	1.41	55.09
16.77	1.41	55.16
16.78	1.41	55.26
16.79	1.41	55.35
16.80	1.41	55.42
16.81	1.41	55.51
16.82	1.41	55.57
16.83	1.41	55.65
16.84	1.41	55.74
16.85	1.41	55.83
16.86	1.41	55.88
16.87	1.41	55.96
16.88	1.42	56.05
16.89	1.42	56.13
16.90	1.42	56.19
16.91	1.42	56.25
16.92	1.42	56.36
16.93	1.42	56.42
16.94	1.42	56.49
16.95	1.42	56.60
16.96	1.42	56.68
16.97	1.42	56.75
16.98	1.42	56.83
16.99	1.42	56.90
17.00	1.43	56.99
17.01	1.43	57.05
17.02	1.43	57.15
17.03	1.43	57.24
17.04	1.43	57.28
17.05	1.43	57.36
17.06	1.43	57.44
17.07	1.43	57.51
17.08	1.43	57.58
17.09	1.43	57.65
17.10	1.43	57.74
17.11	1.43	57.84
17.12	1.44	57.91
17.13	1.44	57.97
17.14	1.44	58.04
17.15	1.44	58.11
17.16	1.44	58.20
17.17	1.44	58.28
17.18	1.44	58.36
17.19	1.44	58.42
17.20	1.44	58.49
17.21	1.44	58.56
17.22	1.44	58.63
17.23	1.44	58.68
17.24	1.45	58.76
17.25	1.45	58.84
17.26	1.45	58.91
17.27	1.45	59.00
17.28	1.45	59.06
17.29	1.45	59.12
17.30	1.45	59.20
17.31	1.45	59.23
17.32	1.45	59.30
17.33	1.45	59.40
17.34	1.45	59.46
17.35	1.45	59.54
17.36	1.46	59.61
17.37	1.46	59.65
17.38	1.46	59.70
17.39	1.46	59.78
17.40	1.46	59.85
17.41	1.46	59.92
17.42	1.46	60.00
17.43	1.46	60.07
17.44	1.46	60.12
17.45	1.46	60.19
17.46	1.46	60.31
17.47	1.46	60.38
17.48	1.47	60.40
17.49	1.47	60.47
17.50	1.47	60.53
17.51	1.47	60.59
17.52	1.47	60.66
17.53	1.47	60.71
17.54	1.47	60.78
17.55	1.47	60.86
17.56	1.47	60.93
17.57	1.47	61.00
17.58	1.47	61.06
17.59	1.47	61.13
17.60	1.48	61.19
17.61	1.48	61.27
17.62	1.48	61.32
17.63	1.48	61.33
17.64	1.48	41.48
17.65	1.48	11.91
