0.01	0.01	0.69
0.02	0.01	0.75
0.03	0.01	0.81
0.04	0.01	0.87
0.05	0.01	0.96
0.06	0.01	1.01
0.07	0.01	1.10
0.08	0.02	1.15
0.09	0.02	1.20
0.10	0.02	1.29
0.11	0.02	1.37
0.12	0.02	1.44
0.13	0.02	1.48
0.14	0.02	1.54
0.15	0.02	1.63
0.16	0.02	1.69
0.17	0.02	1.74
0.18	0.02	1.81
0.19	0.02	1.87
0.20	0.03	1.91
0.21	0.03	1.99
0.22	0.03	2.05
0.23	0.03	2.09
0.24	0.03	2.14
0.25	0.03	2.18
0.26	0.03	2.27
0.27	0.03	2.35
0.28	0.03	2.40
0.29	0.03	2.45
0.30	0.03	2.49
0.31	0.03	2.54
0.32	0.04	2.59
0.33	0.04	2.62
0.34	0.04	2.63
0.35	0.04	2.70
0.36	0.04	2.76
0.37	0.04	2.81
0.38	0.04	2.86
0.39	0.04	2.91
0.40	0.04	2.95
0.41	0.04	2.98
0.42	0.04	3.04
0.43	0.04	3.10
0.44	0.05	3.14
0.45	0.05	3.20
0.46	0.05	3.23
0.47	0.05	3.25
0.48	0.05	3.26
0.49	0.05	3.28
0.50	0.05	3.33
0.51	0.05	3.38
0.52	0.05	3.41
0.53	0.05	3.49
0.54	0.05	3.56
0.55	0.05	3.60
0.56	0.06	3.65
0.57	0.06	3.70
0.58	0.06	3.75
0.59	0.06	3.77
0.60	0.06	3.82
0.61	0.06	3.85
0.62	0.06	3.87
0.63	0.06	3.91
0.64	0.06	3.96
0.65	0.06	4.03
0.66	0.06	4.09
0.67	0.06	4.14
0.68	0.07	4.22
0.69	0.07	4.31
0.70	0.07	4.37
0.71	0.07	4.41
0.72	0.07	4.45
0.73	0.07	4.50
0.74	0.07	4.53
0.75	0.07	4.54
0.76	0.07	4.59
0.77	0.07	4.65
0.78	0.07	4.70
0.79	0.07	4.76
0.80	0.08	4.81
0.81	0.08	4.86
0.82	0.08	4.93
0.83	0.08	5.01
0.84	0.08	4.96
0.85	0.08	4.75
0.86	0.08	4.56
0.87	0.08	4.55
0.88	0.08	4.63
0.89	0.08	4.72
0.90	0.08	4.86
0.91	0.08	4.93
0.92	0.09	5.02
0.93	0.09	5.14
0.94	0.09	5.22
0.95	0.09	5.31
0.96	0.09	5.40
0.97	0.09	5.47
0.98	0.09	5.50
0.99	0.09	5.44
1.00	0.09	5.32
1.01	0.09	5.26
1.02	0.09	5.32
1.03	0.09	5.45
1.04	0.10	5.55
1.05	0.10	5.60
1.06	0.10	5.65
1.07	0.10	5.64
1.08	0.10	5.51
1.09	0.10	5.48
1.10	0.10	5.56
1.11	0.10	5.66
1.12	0.10	5.75
1.13	0.10	5.75
1.14	0.10	5.68
1.15	0.10	5.65
1.16	0.11	5.69
1.17	0.11	5.78
1.18	0.11	5.82
1.19	0.11	5.77
1.20	0.11	5.78
1.21	0.11	5.82
1.22	0.11	5.87
1.23	0.11	5.89
1.24	0.11	5.86
1.25	0.11	5.87
1.26	0.11	5.93
1.27	0.11	5.97
1.28	0.12	5.96
1.29	0.12	5.98
1.30	0.12	6.02
1.31	0.12	6.05
1.32	0.12	6.05
1.33	0.12	6.06
1.34	0.12	6.10
1.35	0.12	6.10
1.36	0.12	6.07
1.37	0.12	6.07
1.38	0.12	6.09
1.39	0.12	6.09
1.40	0.13	6.10
1.41	0.13	6.10
1.42	0.13	6.11
1.43	0.13	6.12
1.44	0.13	6.12
1.45	0.13	6.12
1.46	0.13	6.15
1.47	0.13	6.15
1.48	0.13	6.14
1.49	0.13	6.12
1.50	0.13	6.12
1.51	0.13	6.12
1.52	0.14	6.09
1.53	0.14	6.09
1.54	0.14	6.08
1.55	0.14	6.09
1.56	0.14	6.11
1.57	0.14	6.13
1.58	0.14	6.12
1.59	0.14	6.12
1.60	0.14	6.12
1.61	0.14	6.13
1.62	0.14	6.15
1.63	0.14	6.16
1.64	0.15	6.16
1.65	0.15	6.17
1.66	0.15	6.15
1.67	0.15	6.15
1.68	0.15	6.16
1.69	0.15	6.16
1.70	0.15	6.17
1.71	0.15	6.19
1.72	0.15	6.22
1.73	0.15	6.22
1.74	0.15	6.22
1.75	0.15	6.21
1.76	0.16	6.22
1.77	0.16	6.21
1.78	0.16	6.20
1.79	0.16	6.20
1.80	0.16	6.20
1.81	0.16	6.20
1.82	0.16	6.20
1.83	0.16	6.19
1.84	0.16	6.21
1.85	0.16	6.24
1.86	0.16	6.29
1.87	0.16	6.35
1.88	0.17	6.43
1.89	0.17	6.50
1.90	0.17	6.59
1.91	0.17	6.67
1.92	0.17	6.73
1.93	0.17	6.80
1.94	0.17	6.90
1.95	0.17	6.98
1.96	0.17	7.04
1.97	0.17	7.11
1.98	0.17	7.13
1.99	0.17	7.14
2.00	0.18	7.21
2.01	0.18	7.23
2.02	0.18	7.24
2.03	0.18	7.27
2.04	0.18	7.29
2.05	0.18	7.32
2.06	0.18	7.36
2.07	0.18	7.39
2.08	0.18	7.42
2.09	0.18	7.46
2.10	0.18	7.46
2.11	0.18	7.45
2.12	0.19	7.47
2.13	0.19	7.45
2.14	0.19	7.46
2.15	0.19	7.48
2.16	0.19	7.46
2.17	0.19	7.48
2.18	0.19	7.51
2.19	0.19	7.50
2.20	0.19	7.48
2.21	0.19	7.52
2.22	0.19	7.54
2.23	0.19	7.51
2.24	0.20	7.56
2.25	0.20	7.53
2.26	0.20	7.50
2.27	0.20	7.54
2.28	0.20	7.50
2.29	0.20	7.46
2.30	0.20	7.51
2.31	0.20	7.50
2.32	0.20	7.48
2.33	0.20	7.53
2.34	0.20	7.51
2.35	0.20	7.51
2.36	0.21	7.54
2.37	0.21	7.52
2.38	0.21	7.54
2.39	0.21	7.55
2.40	0.21	7.52
2.41	0.21	7.51
2.42	0.21	7.53
2.43	0.21	7.51
2.44	0.21	7.54
2.45	0.21	7.54
2.46	0.21	7.49
2.47	0.21	7.49
2.48	0.22	7.52
2.49	0.22	7.52
2.50	0.22	7.54
2.51	0.22	7.56
2.52	0.22	7.53
2.53	0.22	7.57
2.54	0.22	7.57
2.55	0.22	7.50
2.56	0.22	7.50
2.57	0.22	7.54
2.58	0.22	7.52
2.59	0.22	7.52
2.60	0.23	7.55
2.61	0.23	7.54
2.62	0.23	7.54
2.63	0.23	7.60
2.64	0.23	7.57
2.65	0.23	7.56
2.66	0.23	7.60
2.67	0.23	7.58
2.68	0.23	7.57
2.69	0.23	7.57
2.70	0.23	7.55
2.71	0.23	7.54
2.72	0.24	7.57
2.73	0.24	7.56
2.74	0.24	7.54
2.75	0.24	7.54
2.76	0.24	7.54
2.77	0.24	7.55
2.78	0.24	7.54
2.79	0.24	7.53
2.80	0.24	7.53
2.81	0.24	7.55
2.82	0.24	7.55
2.83	0.24	7.56
2.84	0.25	7.54
2.85	0.25	7.53
2.86	0.25	7.55
2.87	0.25	7.54
2.88	0.25	7.55
2.89	0.25	7.53
2.90	0.25	7.51
2.91	0.25	7.54
2.92	0.25	7.56
2.93	0.25	7.54
2.94	0.25	7.55
2.95	0.25	7.56
2.96	0.26	7.55
2.97	0.26	7.57
2.98	0.26	7.54
2.99	0.26	7.53
3.00	0.26	7.53
3.01	0.26	7.49
3.02	0.26	7.51
3.03	0.26	7.52
3.04	0.26	7.47
3.05	0.26	7.49
3.06	0.26	7.51
3.07	0.26	7.48
3.08	0.27	7.52
3.09	0.27	7.51
3.10	0.27	7.47
3.11	0.27	7.54
3.12	0.27	7.53
3.13	0.27	7.51
3.14	0.27	7.56
3.15	0.27	7.55
3.16	0.27	7.55
3.17	0.27	7.53
3.18	0.27	7.51
3.19	0.27	7.53
3.20	0.28	7.51
3.21	0.28	7.50
3.22	0.28	7.54
3.23	0.28	7.55
3.24	0.28	7.55
3.25	0.28	7.57
3.26	0.28	7.51
3.27	0.28	7.49
3.28	0.28	7.51
3.29	0.28	7.46
3.30	0.28	7.49
3.31	0.28	7.48
3.32	0.29	7.45
3.33	0.29	7.48
3.34	0.29	7.47
3.35	0.29	7.47
3.36	0.29	7.51
3.37	0.29	7.48
3.38	0.29	7.47
3.39	0.29	7.51
3.40	0.29	7.48
3.41	0.29	7.49
3.42	0.29	7.51
3.43	0.29	7.50
3.44	0.30	7.53
3.45	0.30	7.50
3.46	0.30	7.45
3.47	0.30	7.50
3.48	0.30	7.47
3.49	0.30	7.43
3.50	0.30	7.49
3.51	0.30	7.49
3.52	0.30	7.48
3.53	0.30	7.50
3.54	0.30	7.47
3.55	0.30	7.51
3.56	0.31	7.49
3.57	0.31	7.45
3.58	0.31	7.50
3.59	0.31	7.52
3.60	0.31	7.49
3.61	0.31	7.49
3.62	0.31	7.51
3.63	0.31	7.54
3.64	0.31	7.51
3.65	0.31	7.50
3.66	0.31	7.54
3.67	0.31	7.49
3.68	0.32	7.49
3.69	0.32	7.51
3.70	0.32	7.47
3.71	0.32	7.50
3.72	0.32	7.50
3.73	0.32	7.46
3.74	0.32	7.49
3.75	0.32	7.49
3.76	0.32	7.49
3.77	0.32	7.55
3.78	0.32	7.46
3.79	0.32	7.43
3.80	0.33	7.47
3.81	0.33	7.42
3.82	0.33	7.45
3.83	0.33	7.46
3.84	0.33	7.45
3.85	0.33	7.48
3.86	0.33	7.49
3.87	0.33	7.51
3.88	0.33	7.53
3.89	0.33	7.50
3.90	0.33	7.49
3.91	0.33	7.52
3.92	0.34	7.49
3.93	0.34	7.51
3.94	0.34	7.48
3.95	0.34	7.46
3.96	0.34	7.50
3.97	0.34	7.45
3.98	0.34	7.44
3.99	0.34	7.50
4.00	0.34	7.48
4.01	0.34	7.50
4.02	0.34	7.49
4.03	0.34	7.44
4.04	0.35	7.49
4.05	0.35	7.46
4.06	0.35	7.46
4.07	0.35	7.50
4.08	0.35	7.46
4.09	0.35	7.48
4.10	0.35	7.50
4.11	0.35	7.46
4.12	0.35	7.49
4.13	0.35	7.47
4.14	0.35	7.44
4.15	0.35	7.47
4.16	0.36	7.46
4.17	0.36	7.46
4.18	0.36	7.51
4.19	0.36	7.48
4.20	0.36	7.49
4.21	0.36	7.48
4.22	0.36	7.47
4.23	0.36	7.53
4.24	0.36	7.49
4.25	0.36	7.46
4.26	0.36	7.50
4.27	0.36	7.48
4.28	0.37	7.50
4.29	0.37	7.51
4.30	0.37	7.46
4.31	0.37	7.51
4.32	0.37	7.48
4.33	0.37	7.43
4.34	0.37	7.46
4.35	0.37	7.44
4.36	0.37	7.46
4.37	0.37	7.47
4.38	0.37	7.46
4.39	0.37	7.50
4.40	0.38	7.48
4.41	0.38	7.48
4.42	0.38	7.53
4.43	0.38	7.48
4.44	0.38	7.49
4.45	0.38	7.50
4.46	0.38	7.47
4.47	0.38	7.50
4.48	0.38	7.51
4.49	0.38	7.51
4.50	0.38	7.55
4.51	0.38	7.54
4.52	0.39	7.51
4.53	0.39	7.52
4.54	0.39	7.50
4.55	0.39	7.53
4.56	0.39	7.48
4.57	0.39	7.43
4.58	0.39	7.48
4.59	0.39	7.44
4.60	0.39	7.43
4.61	0.39	7.50
4.62	0.39	7.47
4.63	0.39	7.49
4.64	0.40	7.51
4.65	0.40	7.46
4.66	0.40	7.52
4.67	0.40	7.50
4.68	0.40	7.47
4.69	0.40	7.55
4.70	0.40	7.49
4.71	0.40	7.46
4.72	0.40	7.48
4.73	0.40	7.45
4.74	0.40	7.48
4.75	0.40	7.49
4.76	0.41	7.49
4.77	0.41	7.50
4.78	0.41	7.53
4.79	0.41	7.55
4.80	0.41	7.51
4.81	0.41	7.48
4.82	0.41	7.51
4.83	0.41	7.45
4.84	0.41	7.43
4.85	0.41	7.50
4.86	0.41	7.45
4.87	0.41	7.46
4.88	0.42	7.49
4.89	0.42	7.45
4.90	0.42	7.50
4.91	0.42	7.52
4.92	0.42	7.49
4.93	0.42	7.53
4.94	0.42	7.52
4.95	0.42	7.51
4.96	0.42	7.55
4.97	0.42	7.53
4.98	0.42	7.54
4.99	0.42	7.53
5.00	0.43	7.53
5.01	0.43	7.60
5.02	0.43	7.60
5.03	0.43	7.61
5.04	0.43	7.61
5.05	0.43	7.60
5.06	0.43	7.61
5.07	0.43	7.54
5.08	0.43	7.52
5.09	0.43	7.60
5.10	0.43	7.56
5.11	0.43	7.56
5.12	0.44	7.62
5.13	0.44	7.57
5.14	0.44	7.58
5.15	0.44	7.61
5.16	0.44	7.57
5.17	0.44	7.62
5.18	0.44	7.61
5.19	0.44	7.57
5.20	0.44	7.64
5.21	0.44	7.60
5.22	0.44	7.56
5.23	0.44	7.61
5.24	0.45	7.55
5.25	0.45	7.53
5.26	0.45	7.58
5.27	0.45	7.56
5.28	0.45	7.59
5.29	0.45	7.61
5.30	0.45	7.55
5.31	0.45	7.58
5.32	0.45	7.61
5.33	0.45	7.57
5.34	0.45	7.58
5.35	0.45	7.58
5.36	0.46	7.54
5.37	0.46	7.57
5.38	0.46	7.55
5.39	0.46	7.53
5.40	0.46	7.56
5.41	0.46	7.55
5.42	0.46	7.52
5.43	0.46	7.55
5.44	0.46	7.59
5.45	0.46	7.55
5.46	0.46	7.55
5.47	0.46	7.55
5.48	0.47	7.52
5.49	0.47	7.56
5.50	0.47	7.56
5.51	0.47	7.52
5.52	0.47	7.52
5.53	0.47	7.58
5.54	0.47	7.56
5.55	0.47	7.54
5.56	0.47	7.58
5.57	0.47	7.55
5.58	0.47	7.53
5.59	0.47	7.57
5.60	0.48	7.59
5.61	0.48	7.56
5.62	0.48	7.56
5.63	0.48	7.56
5.64	0.48	7.55
5.65	0.48	7.56
5.66	0.48	7.57
5.67	0.48	7.58
5.68	0.48	7.59
5.69	0.48	7.57
5.70	0.48	7.58
5.71	0.48	7.56
5.72	0.49	7.57
5.73	0.49	7.60
5.74	0.49	7.57
5.75	0.49	7.58
5.76	0.49	7.56
5.77	0.49	7.54
5.78	0.49	7.56
5.79	0.49	7.57
5.80	0.49	7.59
5.81	0.49	7.58
5.82	0.49	7.59
5.83	0.49	7.58
5.84	0.50	7.58
5.85	0.50	7.60
5.86	0.50	7.58
5.87	0.50	7.56
5.88	0.50	7.58
5.89	0.50	7.59
5.90	0.50	7.58
5.91	0.50	7.59
5.92	0.50	7.61
5.93	0.50	7.63
5.94	0.50	7.62
5.95	0.50	7.64
5.96	0.51	7.68
5.97	0.51	7.67
5.98	0.51	7.66
5.99	0.51	7.66
6.00	0.51	7.68
6.01	0.51	7.68
6.02	0.51	7.65
6.03	0.51	7.65
6.04	0.51	7.69
6.05	0.51	7.71
6.06	0.51	7.71
6.07	0.51	7.71
6.08	0.52	7.75
6.09	0.52	7.77
6.10	0.52	7.77
6.11	0.52	7.76
6.12	0.52	7.75
6.13	0.52	7.76
6.14	0.52	7.77
6.15	0.52	7.80
6.16	0.52	7.77
6.17	0.52	7.77
6.18	0.52	7.80
6.19	0.52	7.82
6.20	0.53	7.84
6.21	0.53	7.83
6.22	0.53	7.84
6.23	0.53	7.86
6.24	0.53	7.86
6.25	0.53	7.82
6.26	0.53	7.83
6.27	0.53	7.84
6.28	0.53	7.82
6.29	0.53	7.83
6.30	0.53	7.80
6.31	0.53	7.79
6.32	0.54	7.81
6.33	0.54	7.80
6.34	0.54	7.80
6.35	0.54	7.81
6.36	0.54	7.82
6.37	0.54	7.80
6.38	0.54	7.78
6.39	0.54	7.77
6.40	0.54	7.77
6.41	0.54	7.78
6.42	0.54	7.76
6.43	0.54	7.72
6.44	0.55	7.73
6.45	0.55	7.77
6.46	0.55	7.76
6.47	0.55	7.72
6.48	0.55	7.72
6.49	0.55	7.77
6.50	0.55	7.78
6.51	0.55	7.71
6.52	0.55	7.70
6.53	0.55	7.73
6.54	0.55	7.77
6.55	0.55	7.77
6.56	0.56	7.73
6.57	0.56	7.78
6.58	0.56	7.83
6.59	0.56	7.83
6.60	0.56	7.79
6.61	0.56	7.77
6.62	0.56	7.84
6.63	0.56	7.86
6.64	0.56	7.88
6.65	0.56	7.93
6.66	0.56	8.00
6.67	0.56	8.05
6.68	0.57	8.07
6.69	0.57	8.12
6.70	0.57	8.18
6.71	0.57	8.24
6.72	0.57	8.26
6.73	0.57	8.30
6.74	0.57	8.35
6.75	0.57	8.40
6.76	0.57	8.48
6.77	0.57	8.53
6.78	0.57	8.61
6.79	0.57	8.64
6.80	0.58	8.65
6.81	0.58	8.71
6.82	0.58	8.77
6.83	0.58	8.78
6.84	0.58	8.80
6.85	0.58	8.84
6.86	0.58	8.91
6.87	0.58	8.95
6.88	0.58	8.96
6.89	0.58	8.98
6.90	0.58	9.03
6.91	0.58	9.05
6.92	0.59	9.09
6.93	0.59	9.14
6.94	0.59	9.17
6.95	0.59	9.22
6.96	0.59	9.27
6.97	0.59	9.31
6.98	0.59	9.36
6.99	0.59	9.40
7.00	0.59	9.43
7.01	0.59	9.47
7.02	0.59	9.48
7.03	0.59	9.47
7.04	0.60	9.48
7.05	0.60	9.51
7.06	0.60	9.50
7.07	0.60	9.50
7.08	0.60	9.53
7.09	0.60	9.53
7.10	0.60	9.54
7.11	0.60	9.56
7.12	0.60	9.57
7.13	0.60	9.57
7.14	0.60	9.59
7.15	0.60	9.60
7.16	0.61	9.61
7.17	0.61	9.61
7.18	0.61	9.61
7.19	0.61	9.62
7.20	0.61	9.65
7.21	0.61	9.64
7.22	0.61	9.63
7.23	0.61	9.67
7.24	0.61	9.68
7.25	0.61	9.67
7.26	0.61	9.65
7.27	0.61	9.66
7.28	0.62	9.69
7.29	0.62	9.66
7.30	0.62	9.65
7.31	0.62	9.67
7.32	0.62	9.69
7.33	0.62	9.72
7.34	0.62	9.71
7.35	0.62	9.71
7.36	0.62	9.73
7.37	0.62	9.73
7.38	0.62	9.76
7.39	0.62	9.75
7.40	0.63	9.75
7.41	0.63	9.74
7.42	0.63	9.74
7.43	0.63	9.75
7.44	0.63	9.76
7.45	0.63	9.80
7.46	0.63	9.82
7.47	0.63	9.81
7.48	0.63	9.81
7.49	0.63	9.84
7.50	0.63	9.86
7.51	0.63	9.89
7.52	0.64	9.89
7.53	0.64	9.88
7.54	0.64	9.88
7.55	0.64	9.84
7.56	0.64	9.88
7.57	0.64	9.89
7.58	0.64	9.88
7.59	0.64	9.89
7.60	0.64	9.90
7.61	0.64	9.91
7.62	0.64	9.92
7.63	0.64	9.92
7.64	0.65	9.90
7.65	0.65	9.91
7.66	0.65	9.91
7.67	0.65	9.92
7.68	0.65	9.94
7.69	0.65	9.94
7.70	0.65	9.95
7.71	0.65	9.94
7.72	0.65	9.92
7.73	0.65	9.95
7.74	0.65	9.95
7.75	0.65	9.97
7.76	0.66	9.97
7.77	0.66	9.95
7.78	0.66	9.95
7.79	0.66	9.96
7.80	0.66	9.98
7.81	0.66	9.95
7.82	0.66	9.96
7.83	0.66	9.97
7.84	0.66	9.96
7.85	0.66	9.97
7.86	0.66	9.97
7.87	0.66	9.99
7.88	0.67	10.00
7.89	0.67	10.00
7.90	0.67	9.98
7.91	0.67	9.97
7.92	0.67	9.99
7.93	0.67	10.00
7.94	0.67	10.02
7.95	0.67	10.00
7.96	0.67	10.00
7.97	0.67	10.01
7.98	0.67	10.00
7.99	0.67	10.01
8.00	0.68	10.01
8.01	0.68	10.03
8.02	0.68	10.03
8.03	0.68	10.02
8.04	0.68	10.01
8.05	0.68	10.03
8.06	0.68	10.03
8.07	0.68	10.04
8.08	0.68	10.03
8.09	0.68	10.03
8.10	0.68	10.06
8.11	0.68	10.07
8.12	0.69	10.06
8.13	0.69	10.05
8.14	0.69	10.05
8.15	0.69	10.05
8.16	0.69	10.05
8.17	0.69	10.09
8.18	0.69	10.08
8.19	0.69	10.06
8.20	0.69	10.09
8.21	0.69	10.10
8.22	0.69	10.12
8.23	0.69	10.11
8.24	0.70	10.13
8.25	0.70	10.15
8.26	0.70	10.13
8.27	0.70	10.17
8.28	0.70	10.16
8.29	0.70	10.17
8.30	0.70	10.17
8.31	0.70	10.16
8.32	0.70	10.20
8.33	0.70	10.20
8.34	0.70	10.20
8.35	0.70	10.21
8.36	0.71	10.21
8.37	0.71	10.21
8.38	0.71	10.21
8.39	0.71	10.23
8.40	0.71	10.23
8.41	0.71	10.23
8.42	0.71	10.24
8.43	0.71	10.29
8.44	0.71	10.28
8.45	0.71	10.27
8.46	0.71	10.28
8.47	0.71	10.28
8.48	0.72	10.26
8.49	0.72	10.24
8.50	0.72	10.27
8.51	0.72	10.26
8.52	0.72	10.28
8.53	0.72	10.30
8.54	0.72	10.29
8.55	0.72	10.29
8.56	0.72	10.29
8.57	0.72	10.31
8.58	0.72	10.31
8.59	0.72	10.32
8.60	0.73	10.31
8.61	0.73	10.32
8.62	0.73	10.36
8.63	0.73	10.34
8.64	0.73	10.34
8.65	0.73	10.33
8.66	0.73	10.34
8.67	0.73	10.35
8.68	0.73	10.35
8.69	0.73	10.37
8.70	0.73	10.37
8.71	0.73	10.38
8.72	0.74	10.38
8.73	0.74	10.38
8.74	0.74	10.38
8.75	0.74	10.39
8.76	0.74	10.38
8.77	0.74	10.38
8.78	0.74	10.40
8.79	0.74	10.40
8.80	0.74	10.40
8.81	0.74	10.41
8.82	0.74	10.41
8.83	0.74	10.42
8.84	0.75	10.42
8.85	0.75	10.43
8.86	0.75	10.43
8.87	0.75	10.42
8.88	0.75	10.44
8.89	0.75	10.45
8.90	0.75	10.46
8.91	0.75	10.49
8.92	0.75	10.51
8.93	0.75	10.47
8.94	0.75	10.48
8.95	0.75	10.50
8.96	0.76	10.49
8.97	0.76	10.50
8.98	0.76	10.53
8.99	0.76	10.54
9.00	0.76	10.55
9.01	0.76	10.56
9.02	0.76	10.58
9.03	0.76	10.59
9.04	0.76	10.60
9.05	0.76	10.62
9.06	0.76	10.63
9.07	0.76	10.67
9.08	0.77	10.72
9.09	0.77	10.74
9.10	0.77	10.75
9.11	0.77	10.76
9.12	0.77	10.73
9.13	0.77	10.73
9.14	0.77	10.78
9.15	0.77	10.80
9.16	0.77	10.84
9.17	0.77	10.84
9.18	0.77	10.81
9.19	0.77	10.82
9.20	0.78	10.84
9.21	0.78	10.85
9.22	0.78	10.85
9.23	0.78	10.87
9.24	0.78	10.86
9.25	0.78	10.83
9.26	0.78	10.83
9.27	0.78	10.81
9.28	0.78	10.83
9.29	0.78	10.86
9.30	0.78	10.86
9.31	0.78	10.83
9.32	0.79	10.84
9.33	0.79	10.86
9.34	0.79	10.84
9.35	0.79	10.85
9.36	0.79	10.84
9.37	0.79	10.88
9.38	0.79	10.90
9.39	0.79	10.87
9.40	0.79	10.86
9.41	0.79	10.90
9.42	0.79	10.95
9.43	0.79	10.93
9.44	0.80	10.92
9.45	0.80	10.94
9.46	0.80	10.93
9.47	0.80	10.91
9.48	0.80	10.92
9.49	0.80	10.92
9.50	0.80	10.94
9.51	0.80	10.98
9.52	0.80	10.94
9.53	0.80	10.92
9.54	0.80	10.94
9.55	0.80	10.94
9.56	0.81	10.96
9.57	0.81	10.98
9.58	0.81	10.97
9.59	0.81	10.94
9.60	0.81	10.94
9.61	0.81	10.93
9.62	0.81	10.94
9.63	0.81	10.98
9.64	0.81	10.96
9.65	0.81	10.96
9.66	0.81	10.97
9.67	0.81	10.96
9.68	0.82	10.98
9.69	0.82	10.96
9.70	0.82	10.99
9.71	0.82	11.00
9.72	0.82	10.99
9.73	0.82	11.03
9.74	0.82	11.05
9.75	0.82	11.03
9.76	0.82	11.03
9.77	0.82	11.04
9.78	0.82	11.05
9.79	0.82	11.06
9.80	0.83	11.06
9.81	0.83	11.06
9.82	0.83	11.06
9.83	0.83	11.07
9.84	0.83	11.08
9.85	0.83	11.11
9.86	0.83	11.15
9.87	0.83	11.18
9.88	0.83	11.20
9.89	0.83	11.22
9.90	0.83	11.22
9.91	0.83	11.20
9.92	0.84	11.21
9.93	0.84	11.24
9.94	0.84	11.23
9.95	0.84	11.22
9.96	0.84	11.22
9.97	0.84	11.21
9.98	0.84	11.22
9.99	0.84	11.24
10.00	0.84	11.23
10.01	0.84	11.24
10.02	0.84	11.24
10.03	0.84	11.25
10.04	0.85	11.28
10.05	0.85	11.29
10.06	0.85	11.33
10.07	0.85	11.39
10.08	0.85	11.43
10.09	0.85	11.45
10.10	0.85	11.49
10.11	0.85	11.53
10.12	0.85	11.56
10.13	0.85	11.60
10.14	0.85	11.62
10.15	0.85	11.63
10.16	0.86	11.66
10.17	0.86	11.69
10.18	0.86	11.72
10.19	0.86	11.76
10.20	0.86	11.80
10.21	0.86	11.83
10.22	0.86	11.84
10.23	0.86	11.88
10.24	0.86	11.93
10.25	0.86	11.97
10.26	0.86	11.99
10.27	0.86	12.03
10.28	0.87	12.06
10.29	0.87	12.10
10.30	0.87	12.13
10.31	0.87	12.17
10.32	0.87	12.22
10.33	0.87	12.27
10.34	0.87	12.32
10.35	0.87	12.37
10.36	0.87	12.44
10.37	0.87	12.48
10.38	0.87	12.56
10.39	0.87	12.61
10.40	0.88	12.65
10.41	0.88	12.71
10.42	0.88	12.75
10.43	0.88	12.80
10.44	0.88	12.84
10.45	0.88	12.89
10.46	0.88	12.92
10.47	0.88	12.97
10.48	0.88	13.02
10.49	0.88	13.08
10.50	0.88	13.13
10.51	0.88	13.16
10.52	0.89	13.21
10.53	0.89	13.28
10.54	0.89	13.34
10.55	0.89	13.39
10.56	0.89	13.47
10.57	0.89	13.53
10.58	0.89	13.58
10.59	0.89	13.66
10.60	0.89	13.73
10.61	0.89	13.79
10.62	0.89	13.85
10.63	0.89	13.90
10.64	0.90	13.97
10.65	0.90	14.06
10.66	0.90	14.13
10.67	0.90	14.18
10.68	0.90	14.22
10.69	0.90	14.31
10.70	0.90	14.36
10.71	0.90	14.45
10.72	0.90	14.54
10.73	0.90	14.62
10.74	0.90	14.71
10.75	0.90	14.78
10.76	0.91	14.85
10.77	0.91	14.93
10.78	0.91	14.99
10.79	0.91	15.06
10.80	0.91	15.12
10.81	0.91	15.22
10.82	0.91	15.32
10.83	0.91	15.38
10.84	0.91	15.43
10.85	0.91	15.54
10.86	0.91	15.65
10.87	0.91	15.72
10.88	0.92	15.79
10.89	0.92	15.87
10.90	0.92	15.94
10.91	0.92	16.04
10.92	0.92	16.15
10.93	0.92	16.22
10.94	0.92	16.29
10.95	0.92	16.40
10.96	0.92	16.49
10.97	0.92	16.60
10.98	0.92	16.68
10.99	0.92	16.76
11.00	0.93	16.86
11.01	0.93	16.97
11.02	0.93	17.08
11.03	0.93	17.15
11.04	0.93	17.25
11.05	0.93	17.36
11.06	0.93	17.46
11.07	0.93	17.53
11.08	0.93	17.65
11.09	0.93	17.77
11.10	0.93	17.85
11.11	0.93	17.96
11.12	0.94	18.05
11.13	0.94	18.15
11.14	0.94	18.25
11.15	0.94	18.35
11.16	0.94	18.45
11.17	0.94	18.55
11.18	0.94	18.66
11.19	0.94	18.73
11.20	0.94	18.84
11.21	0.94	18.95
11.22	0.94	19.04
11.23	0.94	19.15
11.24	0.95	19.23
11.25	0.95	19.34
11.26	0.95	19.45
11.27	0.95	19.55
11.28	0.95	19.64
11.29	0.95	19.74
11.30	0.95	19.83
11.31	0.95	19.90
11.32	0.95	20.01
11.33	0.95	20.11
11.34	0.95	20.23
11.35	0.95	20.33
11.36	0.96	20.43
11.37	0.96	20.53
11.38	0.96	20.61
11.39	0.96	20.71
11.40	0.96	20.83
11.41	0.96	20.92
11.42	0.96	20.99
11.43	0.96	21.08
11.44	0.96	21.18
11.45	0.96	21.30
11.46	0.96	21.41
11.47	0.96	21.50
11.48	0.97	21.62
11.49	0.97	21.71
11.50	0.97	21.83
11.51	0.97	21.94
11.52	0.97	22.03
11.53	0.97	22.14
11.54	0.97	22.23
11.55	0.97	22.31
11.56	0.97	22.41
11.57	0.97	22.52
11.58	0.97	22.63
11.59	0.97	22.75
11.60	0.98	22.82
11.61	0.98	22.91
11.62	0.98	23.03
11.63	0.98	23.12
11.64	0.98	23.22
11.65	0.98	23.33
11.66	0.98	23.43
11.67	0.98	23.54
11.68	0.98	23.65
11.69	0.98	23.74
11.70	0.98	23.83
11.71	0.98	23.91
11.72	0.99	24.00
11.73	0.99	24.12
11.74	0.99	24.19
11.75	0.99	24.27
11.76	0.99	24.40
11.77	0.99	24.49
11.78	0.99	24.59
11.79	0.99	24.68
11.80	0.99	24.77
11.81	0.99	24.89
11.82	0.99	25.01
11.83	0.99	25.09
11.84	1.00	25.19
11.85	1.00	25.30
11.86	1.00	25.38
11.87	1.00	25.46
11.88	1.00	25.55
11.89	1.00	25.65
11.90	1.00	25.73
11.91	1.00	25.81
11.92	1.00	25.92
11.93	1.00	26.03
11.94	1.00	26.13
11.95	1.00	26.24
11.96	1.01	26.33
11.97	1.01	26.42
11.98	1.01	26.55
11.99	1.01	26.64
12.00	1.01	26.72
12.01	1.01	26.81
12.02	1.01	26.90
12.03	1.01	27.01
12.04	1.01	27.11
12.05	1.01	27.21
12.06	1.01	27.30
12.07	1.01	27.40
12.08	1.02	27.50
12.09	1.02	27.57
12.10	1.02	27.65
12.11	1.02	27.75
12.12	1.02	27.86
12.13	1.02	27.96
12.14	1.02	28.05
12.15	1.02	28.16
12.16	1.02	28.26
12.17	1.02	28.36
12.18	1.02	28.43
12.19	1.02	28.52
12.20	1.03	28.59
12.21	1.03	28.68
12.22	1.03	28.78
12.23	1.03	28.87
12.24	1.03	28.98
12.25	1.03	29.08
12.26	1.03	29.17
12.27	1.03	29.26
12.28	1.03	29.35
12.29	1.03	29.45
12.30	1.03	29.53
12.31	1.03	29.61
12.32	1.04	29.71
12.33	1.04	29.80
12.34	1.04	29.87
12.35	1.04	29.97
12.36	1.04	30.06
12.37	1.04	30.15
12.38	1.04	30.25
12.39	1.04	30.32
12.40	1.04	30.42
12.41	1.04	30.50
12.42	1.04	30.60
12.43	1.04	30.68
12.44	1.05	30.77
12.45	1.05	30.87
12.46	1.05	30.93
12.47	1.05	31.02
12.48	1.05	31.13
12.49	1.05	31.24
12.50	1.05	31.30
12.51	1.05	31.35
12.52	1.05	31.45
12.53	1.05	31.55
12.54	1.05	31.64
12.55	1.05	31.72
12.56	1.06	31.81
12.57	1.06	31.90
12.58	1.06	31.98
12.59	1.06	32.08
12.60	1.06	32.16
12.61	1.06	32.22
12.62	1.06	32.31
12.63	1.06	32.40
12.64	1.06	32.47
12.65	1.06	32.57
12.66	1.06	32.64
12.67	1.06	32.72
12.68	1.07	32.80
12.69	1.07	32.90
12.70	1.07	33.00
12.71	1.07	33.09
12.72	1.07	33.19
12.73	1.07	33.27
12.74	1.07	33.35
12.75	1.07	33.44
12.76	1.07	33.50
12.77	1.07	33.59
12.78	1.07	33.70
12.79	1.07	33.76
12.80	1.08	33.84
12.81	1.08	33.93
12.82	1.08	34.02
12.83	1.08	34.11
12.84	1.08	34.21
12.85	1.08	34.26
12.86	1.08	34.34
12.87	1.08	34.44
12.88	1.08	34.52
12.89	1.08	34.62
12.90	1.08	34.69
12.91	1.08	34.77
12.92	1.09	34.85
12.93	1.09	34.95
12.94	1.09	35.04
12.95	1.09	35.09
12.96	1.09	35.17
12.97	1.09	35.27
12.98	1.09	35.35
12.99	1.09	35.42
13.00	1.09	35.50
13.01	1.09	35.61
13.02	1.09	35.67
13.03	1.09	35.74
13.04	1.10	35.83
13.05	1.10	35.90
13.06	1.10	35.98
13.07	1.10	36.07
13.08	1.10	36.14
13.09	1.10	36.20
13.10	1.10	36.28
13.11	1.10	36.36
13.12	1.10	36.45
13.13	1.10	36.55
13.14	1.10	36.62
13.15	1.10	36.68
13.16	1.11	36.75
13.17	1.11	36.83
13.18	1.11	36.92
13.19	1.11	36.98
13.20	1.11	37.08
13.21	1.11	37.18
13.22	1.11	37.25
13.23	1.11	37.32
13.24	1.11	37.40
13.25	1.11	37.48
13.26	1.11	37.55
13.27	1.11	37.65
13.28	1.12	37.71
13.29	1.12	37.77
13.30	1.12	37.88
13.31	1.12	37.95
13.32	1.12	38.02
13.33	1.12	38.09
13.34	1.12	38.17
13.35	1.12	38.27
13.36	1.12	38.37
13.37	1.12	38.46
13.38	1.12	38.52
13.39	1.12	38.59
13.40	1.13	38.68
13.41	1.13	38.77
13.42	1.13	38.83
13.43	1.13	38.90
13.44	1.13	38.98
13.45	1.13	39.04
13.46	1.13	39.12
13.47	1.13	39.21
13.48	1.13	39.28
13.49	1.13	39.34
13.50	1.13	39.42
13.51	1.13	39.50
13.52	1.14	39.59
13.53	1.14	39.67
13.54	1.14	39.74
13.55	1.14	39.80
13.56	1.14	39.89
13.57	1.14	39.95
13.58	1.14	40.03
13.59	1.14	40.10
13.60	1.14	40.17
13.61	1.14	40.24
13.62	1.14	40.33
13.63	1.14	40.40
13.64	1.15	40.46
13.65	1.15	40.52
13.66	1.15	40.59
13.67	1.15	40.69
13.68	1.15	40.76
13.69	1.15	40.83
13.70	1.15	40.92
13.71	1.15	40.99
13.72	1.15	41.05
13.73	1.15	41.10
13.74	1.15	41.17
13.75	1.15	41.24
13.76	1.16	41.32
13.77	1.16	41.40
13.78	1.16	41.44
13.79	1.16	41.51
13.80	1.16	41.60
13.81	1.16	41.69
13.82	1.16	41.76
13.83	1.16	41.83
13.84	1.16	41.87
13.85	1.16	41.95
13.86	1.16	42.04
13.87	1.16	42.11
13.88	1.17	42.18
13.89	1.17	42.25
13.90	1.17	42.32
13.91	1.17	42.38
13.92	1.17	42.44
13.93	1.17	42.51
13.94	1.17	42.58
13.95	1.17	42.65
13.96	1.17	42.72
13.97	1.17	42.80
13.98	1.17	42.90
13.99	1.17	42.97
14.00	1.18	43.03
14.01	1.18	43.10
14.02	1.18	43.16
14.03	1.18	43.23
14.04	1.18	43.31
14.05	1.18	43.36
14.06	1.18	43.43
14.07	1.18	43.49
14.08	1.18	43.54
14.09	1.18	43.62
14.10	1.18	43.72
14.11	1.18	43.78
14.12	1.19	43.86
14.13	1.19	43.92
14.14	1.19	43.95
14.15	1.19	44.01
14.16	1.19	44.11
14.17	1.19	44.16
14.18	1.19	44.20
14.19	1.19	44.27
14.20	1.19	44.33
14.21	1.19	44.39
14.22	1.19	44.46
14.23	1.19	44.53
14.24	1.20	44.61
14.25	1.20	44.66
14.26	1.20	44.73
14.27	1.20	44.80
14.28	1.20	44.85
14.29	1.20	44.90
14.30	1.20	44.98
14.31	1.20	45.04
14.32	1.20	45.12
14.33	1.20	45.17
14.34	1.20	45.23
14.35	1.20	45.32
14.36	1.21	45.36
14.37	1.21	45.42
14.38	1.21	45.47
14.39	1.21	45.52
14.40	1.21	45.59
14.41	1.21	45.66
14.42	1.21	45.76
14.43	1.21	45.82
14.44	1.21	45.88
14.45	1.21	45.95
14.46	1.21	45.99
14.47	1.21	46.05
14.48	1.22	46.11
14.49	1.22	46.20
14.50	1.22	46.26
14.51	1.22	46.31
14.52	1.22	46.39
14.53	1.22	46.44
14.54	1.22	46.51
14.55	1.22	46.58
14.56	1.22	46.65
14.57	1.22	46.70
14.58	1.22	46.75
14.59	1.22	46.84
14.60	1.23	46.88
14.61	1.23	46.92
14.62	1.23	47.01
14.63	1.23	47.09
14.64	1.23	47.13
14.65	1.23	47.17
14.66	1.23	47.24
14.67	1.23	47.30
14.68	1.23	47.36
14.69	1.23	47.40
14.70	1.23	47.45
14.71	1.23	47.53
14.72	1.24	47.59
14.73	1.24	47.66
14.74	1.24	47.70
14.75	1.24	47.75
14.76	1.24	47.84
14.77	1.24	47.90
14.78	1.24	47.94
14.79	1.24	47.99
14.80	1.24	48.05
14.81	1.24	48.11
14.82	1.24	48.17
14.83	1.24	48.24
14.84	1.25	48.28
14.85	1.25	48.34
14.86	1.25	48.39
14.87	1.25	48.44
14.88	1.25	48.51
14.89	1.25	48.58
14.90	1.25	48.63
14.91	1.25	48.66
14.92	1.25	48.72
14.93	1.25	48.78
14.94	1.25	48.83
14.95	1.25	48.88
14.96	1.26	48.94
14.97	1.26	48.99
14.98	1.26	49.04
14.99	1.26	49.11
15.00	1.26	49.16
15.01	1.26	49.21
15.02	1.26	49.28
15.03	1.26	49.34
15.04	1.26	49.42
15.05	1.26	49.47
15.06	1.26	49.53
15.07	1.26	49.60
15.08	1.27	49.65
15.09	1.27	49.69
15.10	1.27	49.74
15.11	1.27	49.79
15.12	1.27	49.85
15.13	1.27	49.90
15.14	1.27	49.96
15.15	1.27	50.03
15.16	1.27	50.07
15.17	1.27	50.13
15.18	1.27	50.18
15.19	1.27	50.22
15.20	1.28	50.26
15.21	1.28	50.33
15.22	1.28	50.39
15.23	1.28	50.43
15.24	1.28	50.50
15.25	1.28	50.54
15.26	1.28	50.61
15.27	1.28	50.66
15.28	1.28	50.70
15.29	1.28	50.77
15.30	1.28	50.81
15.31	1.28	50.84
15.32	1.29	50.91
15.33	1.29	50.96
15.34	1.29	51.01
15.35	1.29	51.04
15.36	1.29	51.09
15.37	1.29	51.19
15.38	1.29	51.22
15.39	1.29	51.25
15.40	1.29	51.31
15.41	1.29	51.35
15.42	1.29	51.40
15.43	1.29	51.46
15.44	1.30	51.52
15.45	1.30	51.56
15.46	1.30	51.60
15.47	1.30	51.66
15.48	1.30	51.72
15.49	1.30	51.76
15.50	1.30	51.82
15.51	1.30	51.86
15.52	1.30	51.91
15.53	1.30	51.97
15.54	1.30	52.00
15.55	1.30	52.05
15.56	1.31	52.11
15.57	1.31	52.18
15.58	1.31	52.21
15.59	1.31	52.24
15.60	1.31	52.29
15.61	1.31	52.34
15.62	1.31	52.43
15.63	1.31	52.47
15.64	1.31	52.51
15.65	1.31	52.57
15.66	1.31	52.62
15.67	1.31	52.67
15.68	1.32	52.71
15.69	1.32	52.76
15.70	1.32	52.81
15.71	1.32	52.87
15.72	1.32	52.91
15.73	1.32	52.95
15.74	1.32	53.00
15.75	1.32	53.05
15.76	1.32	53.09
15.77	1.32	53.13
15.78	1.32	53.19
15.79	1.32	53.22
15.80	1.33	53.29
15.81	1.33	53.36
15.82	1.33	53.38
15.83	1.33	53.43
15.84	1.33	53.47
15.85	1.33	53.50
15.86	1.33	53.57
15.87	1.33	53.61
15.88	1.33	53.64
15.89	1.33	53.68
15.90	1.33	53.71
15.91	1.33	53.75
15.92	1.34	53.83
15.93	1.34	53.88
15.94	1.34	53.91
15.95	1.34	53.94
15.96	1.34	53.96
15.97	1.34	54.02
15.98	1.34	54.08
15.99	1.34	54.11
16.00	1.34	54.14
16.01	1.34	54.21
16.02	1.34	54.25
16.03	1.34	54.28
16.04	1.35	54.32
16.05	1.35	54.38
16.06	1.35	54.42
16.07	1.35	54.43
16.08	1.35	54.46
16.09	1.35	54.52
16.10	1.35	54.57
16.11	1.35	54.60
16.12	1.35	54.66
16.13	1.35	54.71
16.14	1.35	54.75
16.15	1.35	54.81
16.16	1.36	54.85
16.17	1.36	54.89
16.18	1.36	54.93
16.19	1.36	54.97
16.20	1.36	55.01
16.21	1.36	55.03
16.22	1.36	55.06
16.23	1.36	55.11
16.24	1.36	55.16
16.25	1.36	55.20
16.26	1.36	55.24
16.27	1.36	55.27
16.28	1.37	55.30
16.29	1.37	55.35
16.30	1.37	55.41
16.31	1.37	55.46
16.32	1.37	55.52
16.33	1.37	55.55
16.34	1.37	55.57
16.35	1.37	55.62
16.36	1.37	55.63
16.37	1.37	55.66
16.38	1.37	55.67
16.39	1.37	55.70
16.40	1.38	55.75
16.41	1.38	55.78
16.42	1.38	55.82
16.43	1.38	55.87
16.44	1.38	55.91
16.45	1.38	55.94
16.46	1.38	55.98
16.47	1.38	56.01
16.48	1.38	56.02
16.49	1.38	56.08
16.50	1.38	56.10
16.51	1.38	56.11
16.52	1.39	56.16
16.53	1.39	56.19
16.54	1.39	56.22
16.55	1.39	56.24
16.56	1.39	56.27
16.57	1.39	56.32
16.58	1.39	56.34
16.59	1.39	56.38
16.60	1.39	56.43
16.61	1.39	56.47
16.62	1.39	56.49
16.63	1.39	56.51
16.64	1.40	56.54
16.65	1.40	56.58
16.66	1.40	56.60
16.67	1.40	56.63
16.68	1.40	56.66
16.69	1.40	56.67
16.70	1.40	56.73
16.71	1.40	56.73
16.72	1.40	56.78
16.73	1.40	56.82
16.74	1.40	56.87
16.75	1.40	56.90
16.76	1.41	56.91
16.77	1.41	56.97
16.78	1.41	56.99
16.79	1.41	57.01
16.80	1.41	57.05
16.81	1.41	57.05
16.82	1.41	57.07
16.83	1.41	57.12
16.84	1.41	57.16
16.85	1.41	57.18
16.86	1.41	57.18
16.87	1.41	57.22
16.88	1.42	57.26
16.89	1.42	57.29
16.90	1.42	57.33
16.91	1.42	57.37
16.92	1.42	57.39
16.93	1.42	57.40
16.94	1.42	57.43
16.95	1.42	57.46
16.96	1.42	57.46
16.97	1.42	57.46
16.98	1.42	57.49
16.99	1.42	57.53
17.00	1.43	57.54
17.01	1.43	57.56
17.02	1.43	57.57
17.03	1.43	57.56
17.04	1.43	57.56
17.05	1.43	57.56
17.06	1.43	57.54
17.07	1.43	57.51
17.08	1.43	57.46
17.09	1.43	57.40
17.10	1.43	57.29
17.11	1.43	57.16
17.12	1.44	56.98
17.13	1.44	52.68
17.14	1.44	23.36
